北京大学,文科试验班类(文科基础类专业),"['文科', '试验班', '类', '(', '文科', '基础', '类', '专业', ')']",24
北京大学,理科试验班类(理科基础类专业),"['理科', '试验班', '类', '(', '理科', '基础', '类', '专业', ')']",44
中国人民大学,经济学类(含双学士学位项目，拔尖人才培养基地),"['经济学', '类', '(', '含双', '学士学位', '项目', '，', '拔尖', '人才培养', '基地', ')']",9
中国人民大学,新闻传播学类(含双学士学位项目),"['新闻', '传播学', '类', '(', '含双', '学士学位', '项目', ')']",9
中国人民大学,工商管理类(含国际三学士学位项目、双学士学位项目),"['工商管理', '类', '(', '含', '国际', '三', '学士学位', '项目', '、', '双', '学士学位', '项目', ')']",13
中国人民大学,金融学类(含双学士学位项目),"['金融学', '类', '(', '含双', '学士学位', '项目', ')']",8
中国人民大学,法学(含双学士学位项目),"['法学', '(', '含双', '学士学位', '项目', ')']",7
中国人民大学,国际政治(含双学士学位项目),"['国际', '政治', '(', '含双', '学士学位', '项目', ')']",7
中国人民大学,人力资源管理(含4加1本硕国际项目),"['人力', '资源管理', '(', '含', '4', '加', '1', '本硕', '国际', '项目', ')']",3
中国人民大学,理科试验班(基础学科类，含实验班项目、拔尖人才基地),"['理科', '试验班', '(', '基础学科', '类', '，', '含', '实验班', '项目', '、', '拔尖', '人才', '基地', ')']",6
中国人民大学,社会科学试验班(管理学科类，含双学士学位项目),"['社会科学', '试验班', '(', '管理', '学科', '类', '，', '含双', '学士学位', '项目', ')']",8
中国人民大学,理科试验班类(含双学士学位项目，拔尖人才培养基地),"['理科', '试验班', '类', '(', '含双', '学士学位', '项目', '，', '拔尖', '人才培养', '基地', ')']",17
清华大学,理科试验班类(物理基础类),"['理科', '试验班', '类', '(', '物理', '基础', '类', ')']",64
清华大学,文科试验班类(通用基础类),"['文科', '试验班', '类', '(', '通用', '基础', '类', ')']",1
清华大学,临床医学类,"['临床', '医学类']",8
北京交通大学,理科试验班类(詹天佑本博直升试点班),"['理科', '试验班', '类', '(', '詹天佑', '本博', '直升', '试点班', ')']",10
北京交通大学,电子信息类(通信与控制),"['电子信息', '类', '(', '通信', '与', '控制', ')']",17
北京交通大学,计算机类,"['计算机', '类']",8
北京交通大学,电气类,"['电气', '类']",7
北京交通大学,软件工程,['软件工程'],6
北京交通大学,理科试验班(数学与统计),"['理科', '试验班', '(', '数学', '与', '统计', ')']",4
北京交通大学,理科试验班(智能光电与纳米技术),"['理科', '试验班', '(', '智能', '光电', '与', '纳米技术', ')']",8
北京交通大学,建筑类(建筑与规划),"['建筑', '类', '(', '建筑', '与', '规划', ')']",5
北京交通大学,经济管理试验班,"['经济', '管理', '试验班']",12
北京交通大学,外国语言文学类,"['外国', '语言', '文学类']",4
北京交通大学,新闻传播学类,"['新闻', '传播学', '类']",4
北京交通大学,法学,['法学'],4
北京交通大学,交通运输类,"['交通运输', '类']",11
北京交通大学,土木类(智慧建造与智能工程),"['土木', '类', '(', '智慧', '建造', '与', '智能', '工程', ')']",17
北京交通大学,机械类(智能制造与智能装备),"['机械类', '(', '智能', '制造', '与', '智能', '装备', ')']",16
北京交通大学,纳米材料与技术(中外合作办学),"['纳米材料', '与', '技术', '(', '中外合作', '办学', ')']",6
北京交通大学,机械电子工程(中外合作办学),"['机械', '电子', '工程', '(', '中外合作', '办学', ')']",6
北京工业大学,人工智能,['人工智能'],2
北京工业大学,机械类,['机械类'],3
北京工业大学,土木类,"['土木', '类']",9
北京工业大学,建筑学,['建筑学'],2
北京工业大学,物联网工程(中外合作办学),"['物', '联网', '工程', '(', '中外合作', '办学', ')']",5
北京工业大学,软件工程(中外合作办学),"['软件工程', '(', '中外合作', '办学', ')']",6
北京工业大学,电子信息工程(中外合作办学),"['电子', '信息工程', '(', '中外合作', '办学', ')']",4
北京航空航天大学,工科试验班类(计算机拔尖计划),"['工科', '试验班', '类', '(', '计算机', '拔尖', '计划', ')']",1
北京航空航天大学,理科试验班类(华罗庚数学拔尖计划),"['理科', '试验班', '类', '(', '华罗庚', '数学', '拔尖', '计划', ')']",1
北京航空航天大学,工科试验班类(未来空天领军计划),"['工科', '试验班', '类', '(', '未来', '空天', '领军', '计划', ')']",4
北京航空航天大学,理科试验班类(国际卓越工程师试验班),"['理科', '试验班', '类', '(', '国际', '卓越', '工程师', '试验班', ')']",7
北京航空航天大学,工科试验班类(医工交叉试验班),"['工科', '试验班', '类', '(', '医工', '交叉', '试验班', ')']",4
北京航空航天大学,工科试验班类(航空H航天类),"['工科', '试验班', '类', '(', '航空', 'H', '航天', '类', ')']",56
北京航空航天大学,工科试验班类(信息类),"['工科', '试验班', '类', '(', '信息', '类', ')']",65
北京航空航天大学,理科试验班类,"['理科', '试验班', '类']",10
北京航空航天大学,社会科学试验班,"['社会科学', '试验班']",11
北京理工大学,工科试验班(未来精工技术),"['工科', '试验班', '(', '未来', '精工', '技术', ')']",3
北京理工大学,工科试验班(徐特立英才班),"['工科', '试验班', '(', '徐特立', '英才', '班', ')']",20
北京理工大学,工科试验班(宇航与机电类),"['工科', '试验班', '(', '宇航', '与', '机电类', ')']",22
北京理工大学,工科试验班(智能制造与智能车辆精英班),"['工科', '试验班', '(', '智能', '制造', '与', '智能', '车辆', '精英', '班', ')']",8
北京理工大学,工科试验班(信息科学技术),"['工科', '试验班', '(', '信息', '科学技术', ')']",48
北京理工大学,工科试验班(电子信息实验班),"['工科', '试验班', '(', '电子信息', '实验班', ')']",37
北京理工大学,理科试验班(理学与材料菁英班),"['理科', '试验班', '(', '理学', '与', '材料', '菁英', '班', ')']",4
北京理工大学,会计学(中外合作办学),"['会计学', '(', '中外合作', '办学', ')']",4
北京科技大学,理科试验班,"['理科', '试验班']",6
北京科技大学,工科试验班类,"['工科', '试验班', '类']",9
北京科技大学,材料科学与工程,"['材料科学', '与', '工程']",19
北京科技大学,工商管理类,"['工商管理', '类']",7
北京科技大学,能源动力类(能源、环境专业),"['能源动力', '类', '(', '能源', '、', '环境', '专业', ')']",13
北京科技大学,自动化类,"['自动化', '类']",17
北京科技大学,计算机类,"['计算机', '类']",8
北京科技大学,通信工程,['通信工程'],6
北京科技大学,储能科学与工程,"['储能', '科学', '与', '工程']",6
北京科技大学,土木类,"['土木', '类']",9
北京科技大学,安全工程,['安全工程'],2
北京科技大学,数学类,"['数学', '类']",5
北京科技大学,应用物理学,"['应用', '物理学']",3
北京科技大学,应用化学,['应用化学'],5
北京科技大学,生物技术,"['生物', '技术']",4
北京科技大学,社会科学试验班,"['社会科学', '试验班']",11
北京科技大学,外国语言文学类,"['外国', '语言', '文学类']",8
北京科技大学,管理科学与工程类,"['管理科学', '与', '工程', '类']",5
北京科技大学,机械类,['机械类'],17
北京科技大学,冶金工程,"['冶金', '工程']",9
北方工业大学,经济与金融,"['经济', '与', '金融']",1
北方工业大学,法学,['法学'],2
北方工业大学,汉语言文学,"['汉语言', '文学']",2
北方工业大学,英语,['英语'],2
北方工业大学,日语,['日语'],1
北方工业大学,广告学,['广告学'],2
北方工业大学,信息与计算科学,"['信息', '与', '计算', '科学']",2
北方工业大学,工业设计,"['工业', '设计']",2
北方工业大学,电气工程及其自动化,"['电气工程', '及其', '自动化']",5
北方工业大学,电子信息工程,"['电子', '信息工程']",3
北方工业大学,通信工程,['通信工程'],3
北方工业大学,人工智能,['人工智能'],2
北方工业大学,计算机科学与技术,"['计算机科学', '与', '技术']",2
北方工业大学,信息安全,['信息安全'],3
北方工业大学,智能建造,"['智能', '建造']",2
北方工业大学,建筑学,['建筑学'],3
北方工业大学,城乡规划,['城乡规划'],2
北方工业大学,机械设计制造及其自动化(创新实验班),"['机械设计', '制造', '及其', '自动化', '(', '创新', '实验班', ')']",3
北方工业大学,电子信息工程(理工科实验班),"['电子', '信息工程', '(', '理工科', '实验班', ')']",2
北方工业大学,自动化(创新实验班),"['自动化', '(', '创新', '实验班', ')']",1
北方工业大学,计算机科学与技术(创新实验班),"['计算机科学', '与', '技术', '(', '创新', '实验班', ')']",2
北方工业大学,智慧交通,"['智慧', '交通']",1
北方工业大学,机械电子工程(智能制造与新能源汽车),"['机械', '电子', '工程', '(', '智能', '制造', '与', '新能源', '汽车', ')']",4
北方工业大学,数据科学与大数据技术(中外合作办学),"['数据', '科学', '与', '大', '数据', '技术', '(', '中外合作', '办学', ')']",3
北方工业大学,土木工程(中外合作办学),"['土木工程', '(', '中外合作', '办学', ')']",2
北京化工大学,工科试验班(宏德书院),"['工科', '试验班', '(', '宏德', '书院', ')']",7
北京化工大学,化学(基础拔尖),"['化学', '(', '基础', '拔尖', ')']",2
北京化工大学,法学(卓越实验班),"['法学', '(', '卓越', '实验班', ')']",1
北京化工大学,理科试验班(数学、物理电子与管理),"['理科', '试验班', '(', '数学', '、', '物理', '电子', '与', '管理', ')']",12
北京化工大学,英语,['英语'],2
北京化工大学,化学工程与工艺(化工、大数据双学士学位),"['化学工程', '与', '工艺', '(', '化工', '、', '大', '数据', '双', '学士学位', ')']",2
北京化工大学,生物工程(生工、大数据双学士学位),"['生物工程', '(', '生工', '、', '大', '数据', '双', '学士学位', ')']",2
北京化工大学,化学(化学、生工双学士学位),"['化学', '(', '化学', '、', '生工双', '学士学位', ')']",1
北京化工大学,工科试验班(绿色化工与生物医药),"['工科', '试验班', '(', '绿色', '化工', '与', '生物医药', ')']",22
北京化工大学,工科试验班(先进材料与绿色化学),"['工科', '试验班', '(', '先进', '材料', '与', '绿色', '化学', ')']",32
北京化工大学,自动化类(高端装备与智能制造),"['自动化', '类', '(', '高端', '装备', '与', '智能', '制造', ')']",30
北京化工大学,计算机类,"['计算机', '类']",17
北京化工大学,工商管理类(新文科经管法),"['工商管理', '类', '(', '新', '文科', '经管', '法', ')']",13
北京化工大学,化工与制药类(中外合作办学)(中法精英工程教育试验班),"['化工', '与', '制药', '类', '(', '中外合作', '办学', ')', '(', '中', '法', '精英', '工程', '教育', '试验班', ')']",8
北京化工大学,生物工程(中外合作办学)(中美双学位、生物过程工程),"['生物工程', '(', '中外合作', '办学', ')', '(', '中', '美', '双学位', '、', '生物', '过程', '工程', ')']",5
北京化工大学,机械设计制造及其自动化(中外合作办学)(中美双学位、机器人方向),"['机械设计', '制造', '及其', '自动化', '(', '中外合作', '办学', ')', '(', '中', '美', '双学位', '、', '机器人', '方向', ')']",6
北京化工大学,工业设计(中外合作办学)(中意设计双学位),"['工业', '设计', '(', '中外合作', '办学', ')', '(', '中意', '设计', '双学位', ')']",2
北京工商大学,经济与贸易类,"['经济', '与', '贸易', '类']",5
北京工商大学,会计学(智能会计),"['会计学', '(', '智能', '会计', ')']",5
北京工商大学,物流管理与工程类,"['物流', '管理', '与', '工程', '类']",5
北京工商大学,法学,['法学'],5
北京工商大学,电子商务类,"['电子商务', '类']",5
北京工商大学,香料香精技术与工程,"['香料', '香精', '技术', '与', '工程']",6
北京工商大学,材料类,"['材料', '类']",5
北京工商大学,食品科学与工程类,"['食品科学', '与', '工程', '类']",5
北京工商大学,应用化学(日化方向),"['应用化学', '(', '日化', '方向', ')']",6
北京工商大学,化妆品技术与工程,"['化妆品', '技术', '与', '工程']",5
北京工商大学,酿酒工程,"['酿酒', '工程']",6
北京工商大学,生物工程,['生物工程'],5
北京工商大学,数字经济,"['数字', '经济']",5
北京工商大学,食品科学与工程(中外合作办学)(国际),"['食品科学', '与', '工程', '(', '中外合作', '办学', ')', '(', '国际', ')']",5
北京服装学院,服装设计与工程,"['服装设计', '与', '工程']",4
北京服装学院,工业设计,"['工业', '设计']",3
北京服装学院,高分子材料与工程,"['高分子', '材料', '与', '工程']",7
北京服装学院,轻化工程,"['轻化', '工程']",6
北京服装学院,传播学,['传播学'],2
北京服装学院,广告学,['广告学'],3
北京服装学院,国际经济与贸易,"['国际', '经济', '与', '贸易']",2
北京服装学院,工商管理类,"['工商管理', '类']",4
北京服装学院,信息管理与信息系统,"['信息管理', '与', '信息系统']",2
北京邮电大学,计算机类(元班),"['计算机', '类', '(', '元班', ')']",8
北京邮电大学,电子信息类,"['电子信息', '类']",11
北京邮电大学,计算机类,"['计算机', '类']",14
北京邮电大学,软件工程,['软件工程'],9
北京邮电大学,网络空间安全(大类招生),"['网络空间', '安全', '(', '大', '类', '招生', ')']",11
北京邮电大学,人工智能(大类招生),"['人工智能', '(', '大', '类', '招生', ')']",18
北京邮电大学,工商管理类,"['工商管理', '类']",5
北京邮电大学,英语,['英语'],4
北京邮电大学,日语,['日语'],3
北京邮电大学,法学,['法学'],2
北京邮电大学,智能交互设计,"['智能', '交互', '设计']",2
北京邮电大学,通信工程(大类招生),"['通信工程', '(', '大', '类', '招生', ')']",22
北京邮电大学,自动化类(智能机器人与智慧物流),"['自动化', '类', '(', '智能', '机器人', '与', '智慧', '物流', ')']",2
北京邮电大学,大数据管理与应用,"['大', '数据管理', '与', '应用']",2
北京邮电大学,理科试验班(信息科学),"['理科', '试验班', '(', '信息科学', ')']",3
北京印刷学院,新闻传播学类,"['新闻', '传播学', '类']",3
北京印刷学院,机械类,['机械类'],4
北京印刷学院,计算机类,"['计算机', '类']",10
北京印刷学院,轻工类,"['轻工', '类']",4
北京印刷学院,编辑出版学(韬奋实验班),"['编辑', '出版学', '(', '韬奋', '实验班', ')']",2
北京印刷学院,印刷工程(毕昇卓越班),"['印刷', '工程', '(', '毕', '昇', '卓越', '班', ')']",1
北京建筑大学,建筑学(实验班),"['建筑学', '(', '实验班', ')']",1
北京建筑大学,风景园林,['风景园林'],1
北京建筑大学,智能建造,"['智能', '建造']",2
北京建筑大学,土木工程(实验班),"['土木工程', '(', '实验班', ')']",3
北京建筑大学,土木工程(建筑工程),"['土木工程', '(', '建筑工程', ')']",2
北京建筑大学,土木工程(城市道路与桥梁工程),"['土木工程', '(', '城市道路', '与', '桥梁工程', ')']",1
北京建筑大学,交通工程(智能交通),"['交通', '工程', '(', '智能', '交通', ')']",1
北京建筑大学,给排水科学与工程,"['给排水', '科学', '与', '工程']",3
北京建筑大学,建筑环境与能源应用工程,"['建筑', '环境', '与', '能源', '应用', '工程']",2
北京建筑大学,环境科学与工程类(环境类创新人才实验班),"['环境', '科学', '与', '工程', '类', '(', '环境', '类', '创新', '人才', '实验班', ')']",1
北京建筑大学,自动化(建筑智能控制与机器人),"['自动化', '(', '建筑', '智能', '控制', '与', '机器人', ')']",1
北京建筑大学,电气工程及其自动化(城市电网),"['电气工程', '及其', '自动化', '(', '城市', '电网', ')']",1
北京建筑大学,建筑电气与智能化(智能建筑),"['建筑', '电气', '与', '智能化', '(', '智能建筑', ')']",1
北京建筑大学,工程管理(实验班),"['工程', '管理', '(', '实验班', ')']",1
北京建筑大学,工程管理,"['工程', '管理']",1
北京建筑大学,工程造价,['工程造价'],1
北京建筑大学,导航工程(智能导航实验班),"['导航', '工程', '(', '智能', '导航', '实验班', ')']",4
北京石油化工学院,化学工程与工艺,"['化学工程', '与', '工艺']",5
北京石油化工学院,制药工程,"['制药', '工程']",6
北京石油化工学院,生物制药,['生物制药'],5
北京石油化工学院,机械工程,['机械工程'],3
北京石油化工学院,环境工程,['环境工程'],6
北京石油化工学院,能源与动力工程,"['能源', '与', '动力工程']",8
北京石油化工学院,新能源科学与工程,"['新', '能源科学', '与', '工程']",4
北京石油化工学院,机器人工程,"['机器人', '工程']",4
北京石油化工学院,电气工程及其自动化,"['电气工程', '及其', '自动化']",3
北京石油化工学院,计算机科学与技术,"['计算机科学', '与', '技术']",2
北京石油化工学院,物联网工程,"['物', '联网', '工程']",2
北京石油化工学院,自动化,['自动化'],6
北京石油化工学院,大数据管理与应用,"['大', '数据管理', '与', '应用']",3
北京石油化工学院,高分子材料与工程,"['高分子', '材料', '与', '工程']",6
北京石油化工学院,安全工程(实验室管理),"['安全工程', '(', '实验室', '管理', ')']",4
中国农业大学,农学,['农学'],4
中国农业大学,园艺,['园艺'],3
中国农业大学,生物科学类,"['生物科学', '类']",4
中国农业大学,环境科学与工程类,"['环境', '科学', '与', '工程', '类']",4
中国农业大学,食品科学与工程类,"['食品科学', '与', '工程', '类']",8
中国农业大学,计算机类,"['计算机', '类']",3
中国农业大学,数学与应用数学,"['数学', '与', '应用', '数学']",2
中国农业大学,工程力学,['工程力学'],2
中国农业大学,经济学类,"['经济学', '类']",4
中国农业大学,法学,['法学'],3
中国农业大学,社会学类,"['社会学', '类']",2
中国农业大学,英语,['英语'],2
中国农业大学,传播学,['传播学'],2
中国农业大学,农村区域发展,"['农村', '区域', '发展']",2
中国农业大学,地理科学类,"['地理', '科学', '类']",4
中国农业大学,水产养殖学,"['水产', '养殖', '学']",72
中国农业大学,设施农业科学与工程,"['设施', '农业', '科学', '与', '工程']",74
中国农业大学,市场营销,['市场营销'],109
中国农业大学,公共事业管理,"['公共事业', '管理']",80
中国农业大学,电子商务,['电子商务'],90
中国农业大学,葡萄与葡萄酒工程,"['葡萄', '与', '葡萄酒', '工程']",60
中国农业大学,理科试验班类(生命科学),"['理科', '试验班', '类', '(', '生命科学', ')']",2
中国农业大学,理科试验班(信息科学),"['理科', '试验班', '(', '信息科学', ')']",2
中国农业大学,植物保护,['植物保护'],3
中国农业大学,动物科学,"['动物', '科学']",3
中国农业大学,动物医学类,"['动物', '医学类']",4
中国农业大学,农业工程类,"['农业', '工程', '类']",3
中国农业大学,机械类,['机械类'],3
中国农业大学,电子信息类,"['电子信息', '类']",4
中国农业大学,水利类,"['水利', '类']",4
中国农业大学,化学类,"['化学', '类']",4
中国农业大学,工商管理类,"['工商管理', '类']",5
中国农业大学,国际经济与贸易(中外合作办学),"['国际', '经济', '与', '贸易', '(', '中外合作', '办学', ')']",7
中国农业大学,传播学(中外合作办学),"['传播学', '(', '中外合作', '办学', ')']",3
中国农业大学,农林经济管理(中外合作办学),"['农林', '经济', '管理', '(', '中外合作', '办学', ')']",5
北京农学院,生物工程,['生物工程'],2
北京农学院,应用化学,['应用化学'],3
北京农学院,园艺,['园艺'],3
北京农学院,动物医学,"['动物', '医学']",2
北京农学院,工商管理,['工商管理'],2
北京农学院,食品科学与工程,"['食品科学', '与', '工程']",4
北京农学院,食品质量与安全,"['食品质量', '与', '安全']",4
北京农学院,酿酒工程,"['酿酒', '工程']",2
北京农学院,设施农业科学与工程,"['设施', '农业', '科学', '与', '工程']",2
北京农学院,法学,['法学'],2
北京农学院,社会工作,['社会工作'],2
北京农学院,农村区域发展(规划),"['农村', '区域', '发展', '(', '规划', ')']",2
北京农学院,会展经济与管理(策划与设计),"['会展经济', '与', '管理', '(', '策划', '与', '设计', ')']",2
北京农学院,食品科学与工程(中外合作办学),"['食品科学', '与', '工程', '(', '中外合作', '办学', ')']",2
北京农学院,农业资源与环境(中外合作办学),"['农业', '资源', '与', '环境', '(', '中外合作', '办学', ')']",3
北京林业大学,水土保持与荒漠化防治,"['水土保持', '与', '荒漠化', '防治']",5
北京林业大学,自然地理与资源环境,"['自然地理', '与', '资源', '环境']",3
北京林业大学,土木工程,['土木工程'],4
北京林业大学,生物科学类,"['生物科学', '类']",3
北京林业大学,风景园林,['风景园林'],9
北京林业大学,园林,['园林'],9
北京林业大学,城乡规划,['城乡规划'],2
北京林业大学,园艺(观赏园艺方向),"['园艺', '(', '观赏园艺', '方向', ')']",3
北京林业大学,国际经济与贸易,"['国际', '经济', '与', '贸易']",3
北京林业大学,金融学,['金融学'],3
北京林业大学,统计学,['统计学'],2
北京林业大学,信息管理与信息系统(管理信息方向),"['信息管理', '与', '信息系统', '(', '管理', '信息', '方向', ')']",2
北京林业大学,机械设计制造及其自动化,"['机械设计', '制造', '及其', '自动化']",5
北京林业大学,车辆工程,"['车辆', '工程']",4
北京林业大学,自动化,['自动化'],3
北京林业大学,电气工程及其自动化,"['电气工程', '及其', '自动化']",4
北京林业大学,法学,['法学'],4
北京林业大学,应用心理学,"['应用', '心理学']",2
北京林业大学,英语,['英语'],3
北京林业大学,商务英语,['商务英语'],2
北京林业大学,日语,['日语'],3
北京林业大学,信息管理与信息系统,"['信息管理', '与', '信息系统']",3
北京林业大学,数学与应用数学,"['数学', '与', '应用', '数学']",3
北京林业大学,电子信息科学与技术,"['电子信息', '科学', '与', '技术']",2
北京林业大学,野生动物与自然保护区管理(森林康养方向),"['野生动物', '与', '自然保护区', '管理', '(', '森林', '康养', '方向', ')']",3
北京林业大学,环境科学,"['环境', '科学']",2
北京林业大学,环境工程,['环境工程'],3
北京林业大学,给排水科学与工程,"['给排水', '科学', '与', '工程']",3
北京林业大学,草业科学,"['草业', '科学']",2
北京林业大学,草坪科学与工程,"['草坪', '科学', '与', '工程']",3
北京林业大学,生物科学(拔尖班),"['生物科学', '(', '拔尖', '班', ')']",2
北京林业大学,林学类,"['林学', '类']",8
北京林业大学,食品科学与工程,"['食品科学', '与', '工程']",5
北京林业大学,工商管理类,"['工商管理', '类']",10
北京林业大学,林业工程类,"['林业', '工程', '类']",11
北京林业大学,计算机类,"['计算机', '类']",8
北京林业大学,生物技术(中外合作办学),"['生物', '技术', '(', '中外合作', '办学', ')']",2
北京林业大学,木材科学与工程(中外合作办学),"['木材', '科学', '与', '工程', '(', '中外合作', '办学', ')']",3
北京协和医学院,护理学,['护理学'],10
首都医科大学,临床医学(阶平班),"['临床医学', '(', '阶平班', ')']",2
首都医科大学,临床医学(5+3一体化),"['临床医学', '(', '5', '+', '3', '一体化', ')']",5
首都医科大学,儿科学(5+3一体化),"['儿科学', '(', '5', '+', '3', '一体化', ')']",2
首都医科大学,口腔医学(5+3一体化),"['口腔医学', '(', '5', '+', '3', '一体化', ')']",1
首都医科大学,临床医学,['临床医学'],3
首都医科大学,精神医学,"['精神', '医学']",3
首都医科大学,口腔医学,['口腔医学'],1
首都医科大学,基础医学,['基础医学'],2
首都医科大学,预防医学,"['预防', '医学']",4
首都医科大学,临床药学,"['临床', '药学']",2
首都医科大学,生物医学工程,"['生物医学', '工程']",1
首都医科大学,康复治疗学(物理治疗),"['康复', '治疗学', '(', '物理', '治疗', ')']",1
首都医科大学,康复治疗学(作业治疗),"['康复', '治疗学', '(', '作业', '治疗', ')']",1
首都医科大学,公共事业管理(卫生管理),"['公共事业', '管理', '(', '卫生', '管理', ')']",2
首都医科大学,护理学,['护理学'],2
首都医科大学,助产学,"['助产', '学']",2
北京中医药大学,中医学(领军人才培养计划),"['中医学', '(', '领军', '人才培养', '计划', ')']",1
北京中医药大学,中西医临床医学(华佗班),"['中西医', '临床医学', '(', '华佗', '班', ')']",1
北京中医药大学,中药学(时珍国药班),"['中药学', '(', '时珍', '国药', '班', ')']",1
北京中医药大学,中医学(5+3一体化，卓越中医儿科班),"['中医学', '(', '5', '+', '3', '一体化', '，', '卓越', '中医', '儿', '科班', ')']",1
北京中医药大学,中医学(实验班),"['中医学', '(', '实验班', ')']",5
北京中医药大学,中医骨伤科学,"['中医', '骨伤', '科学']",2
北京中医药大学,大数据管理与应用,"['大', '数据管理', '与', '应用']",7
北京中医药大学,英语(医学),"['英语', '(', '医学', ')']",2
北京中医药大学,护理学,['护理学'],6
北京中医药大学,中医学(卓越5+3一体化),"['中医学', '(', '卓越', '5', '+', '3', '一体化', ')']",14
北京中医药大学,中医学,['中医学'],9
北京中医药大学,针灸推拿学,"['针灸', '推拿学']",8
北京中医药大学,中药学,['中药学'],9
北京中医药大学,中药制药,"['中药', '制药']",2
北京中医药大学,药学,['药学'],2
北京中医药大学,生物工程,['生物工程'],2
北京中医药大学,康复治疗学,"['康复', '治疗学']",2
北京中医药大学,公共管理类,"['公共', '管理', '类']",5
北京中医药大学,药事管理,"['药事', '管理']",1
北京中医药大学,法学(医药卫生),"['法学', '(', '医药卫生', ')']",1
北京中医药大学,英语(中医药国际传播),"['英语', '(', '中医药', '国际', '传播', ')']",1
北京师范大学,教育学类,"['教育学', '类']",7
北京师范大学,戏剧影视文学,"['戏剧', '影视', '文学']",3
北京师范大学,人文科学试验班,"['人文科学', '试验班']",28
北京师范大学,历史学类,"['历史学', '类']",3
北京师范大学,社会科学试验班,"['社会科学', '试验班']",27
北京师范大学,数学类,"['数学', '类']",13
北京师范大学,物理学类,"['物理学', '类']",22
北京师范大学,理科试验班,"['理科', '试验班']",33
首都师范大学,中国语言文学类,"['中国', '语言', '文学类']",5
首都师范大学,教育学,['教育学'],4
首都师范大学,数学与应用数学(教育部拔尖计划实验班),"['数学', '与', '应用', '数学', '(', '教育部', '拔尖', '计划', '实验班', ')']",2
首都师范大学,数学类(数理实验班),"['数学', '类', '(', '数理', '实验班', ')']",2
首都师范大学,数学类,"['数学', '类']",2
首都师范大学,光电信息科学与工程,"['光电', '信息科学', '与', '工程']",4
首都师范大学,电子信息工程,"['电子', '信息工程']",4
首都师范大学,计算机科学与技术,"['计算机科学', '与', '技术']",2
首都师范大学,英语,['英语'],5
首都师范大学,公共管理类,"['公共', '管理', '类']",4
北京外国语大学,金融学,['金融学'],3
北京外国语大学,国际经济与贸易,"['国际', '经济', '与', '贸易']",2
北京外国语大学,外交学,['外交学'],3
北京外国语大学,汉语言文学,"['汉语言', '文学']",2
北京外国语大学,汉语国际教育,"['汉语', '国际', '教育']",2
北京外国语大学,英语,['英语'],3
北京外国语大学,英语(中国政法大学联合培养涉外法治人才),"['英语', '(', '中国政法大学', '联合', '培养', '涉外', '法治', '人才', ')']",2
北京外国语大学,翻译(外交外事高级翻译),"['翻译', '(', '外交', '外事', '高级', '翻译', ')']",2
北京外国语大学,传播学,['传播学'],2
北京外国语大学,英语(中央财经大学金融学联合培养),"['英语', '(', '中央财经', '大学', '金融学', '联合', '培养', ')']",2
北京外国语大学,俄语,['俄语'],2
北京外国语大学,德语,['德语'],2
北京外国语大学,法语,['法语'],2
北京外国语大学,西班牙语,['西班牙语'],2
北京外国语大学,日语,['日语'],2
北京外国语大学,工商管理类,"['工商管理', '类']",1
北京外国语大学,外交学(中外合作办学),"['外交学', '(', '中外合作', '办学', ')']",2
北京第二外国语学院,英语(人文交流),"['英语', '(', '人文', '交流', ')']",2
北京第二外国语学院,商务英语(国际文化贸易),"['商务英语', '(', '国际', '文化', '贸易', ')']",1
北京第二外国语学院,日语(人文交流),"['日语', '(', '人文', '交流', ')']",2
北京第二外国语学院,朝鲜语(人文交流),"['朝鲜语', '(', '人文', '交流', ')']",2
北京第二外国语学院,德语(人文交流),"['德语', '(', '人文', '交流', ')']",1
北京第二外国语学院,德语(经贸合作),"['德语', '(', '经贸合作', ')']",2
北京第二外国语学院,法语(人文交流),"['法语', '(', '人文', '交流', ')']",2
北京第二外国语学院,西班牙语,['西班牙语'],2
北京第二外国语学院,意大利语(旅游休闲),"['意大利语', '(', '旅游', '休闲', ')']",1
北京第二外国语学院,波兰语,['波兰语'],1
北京第二外国语学院,阿尔巴尼亚语,['阿尔巴尼亚语'],1
北京第二外国语学院,翻译(中英俄复语),"['翻译', '(', '中英', '俄复语', ')']",1
北京第二外国语学院,旅游管理(商业数据分析),"['旅游', '管理', '(', '商业', '数据分析', ')']",1
北京第二外国语学院,市场营销(一带一路营销管理),"['市场营销', '(', '一带', '一路', '营销', '管理', ')']",2
北京第二外国语学院,财务管理(AI财务),"['财务管理', '(', 'AI', '财务', ')']",1
北京第二外国语学院,贸易经济(国际文化贸易),"['贸易', '经济', '(', '国际', '文化', '贸易', ')']",2
北京第二外国语学院,汉语言文学(多语复合),"['汉语言', '文学', '(', '多语', '复合', ')']",2
北京第二外国语学院,新闻学(融媒体国际新闻),"['新闻学', '(', '融', '媒体', '国际', '新闻', ')']",2
北京第二外国语学院,阿拉伯语,['阿拉伯语'],2
北京语言大学,外国语言文学类,"['外国', '语言', '文学类']",6
北京语言大学,翻译(英语),"['翻译', '(', '英语', ')']",1
北京语言大学,翻译(本地化),"['翻译', '(', '本地化', ')']",1
北京语言大学,翻译(汉英法),"['翻译', '(', '汉英', '法', ')']",2
北京语言大学,汉语言文学,"['汉语言', '文学']",3
北京语言大学,国际政治,"['国际', '政治']",1
北京语言大学,国际事务与国际关系,"['国际事务', '与', '国际', '关系']",2
北京语言大学,新闻学(国际新闻传播),"['新闻学', '(', '国际', '新闻', '传播', ')']",1
北京语言大学,网络与新媒体,"['网络', '与', '新', '媒体']",2
北京语言大学,金融学,['金融学'],4
北京语言大学,经济学(经济金融统计与分析),"['经济学', '(', '经济', '金融', '统计', '与', '分析', ')']",2
北京语言大学,会计学,['会计学'],2
北京语言大学,国际经济与贸易,"['国际', '经济', '与', '贸易']",2
北京语言大学,语言学,['语言学'],1
北京语言大学,心理学,['心理学'],1
北京语言大学,汉语国际教育,"['汉语', '国际', '教育']",3
北京语言大学,计算机类,"['计算机', '类']",7
中国传媒大学,数字媒体技术(游戏设计技术方向),"['数字', '媒体', '技术', '(', '游戏', '设计', '技术', '方向', ')']",3
中国传媒大学,广告学,['广告学'],3
中国传媒大学,广告学(计算广告双学士学位复合型人才培养项目),"['广告学', '(', '计算', '广告', '双', '学士学位', '复合型', '人才培养', '项目', ')']",3
中国传媒大学,网络与新媒体(智能融媒体运营方向),"['网络', '与', '新', '媒体', '(', '智能', '融', '媒体', '运营', '方向', ')']",3
中国传媒大学,国际新闻与传播,"['国际', '新闻', '与', '传播']",3
中国传媒大学,数字出版,"['数字', '出版']",2
中国传媒大学,新闻学(数据新闻方向),"['新闻学', '(', '数据', '新闻', '方向', ')']",3
中国传媒大学,传播学(舆情分析方向),"['传播学', '(', '舆情', '分析', '方向', ')']",3
中国传媒大学,传播学(计算传播方向),"['传播学', '(', '计算', '传播', '方向', ')']",3
中国传媒大学,翻译,['翻译'],2
中国传媒大学,汉语言,['汉语言'],4
中国传媒大学,通信工程,['通信工程'],3
中国传媒大学,广播电视工程,"['广播电视', '工程']",5
中国传媒大学,电子信息工程,"['电子', '信息工程']",3
中国传媒大学,智能装备与系统(演艺工程与智能技术方向),"['智能', '装备', '与', '系统', '(', '演艺', '工程', '与', '智能', '技术', '方向', ')']",2
中国传媒大学,数字媒体技术,"['数字', '媒体', '技术']",2
中国传媒大学,物联网工程,"['物', '联网', '工程']",3
中国传媒大学,智能科学与技术,"['智能科学', '与', '技术']",2
中国传媒大学,数据科学与大数据技术,"['数据', '科学', '与', '大', '数据', '技术']",3
中国传媒大学,计算机科学与技术,"['计算机科学', '与', '技术']",2
中国传媒大学,网络空间安全,"['网络空间', '安全']",3
中国传媒大学,文化产业管理,"['文化产业', '管理']",3
中国传媒大学,大数据管理与应用,"['大', '数据管理', '与', '应用']",2
中国传媒大学,数字经济,"['数字', '经济']",2
中国传媒大学,政治学与行政学(国家治理与政治传播方向),"['政治学', '与', '行政', '学', '(', '国家', '治理', '与', '政治', '传播', '方向', ')']",2
中国传媒大学,传播学(中外合作办学),"['传播学', '(', '中外合作', '办学', ')']",8
中国传媒大学,广告学(中外合作办学),"['广告学', '(', '中外合作', '办学', ')']",4
中国传媒大学,智能科学与技术(中外合作办学),"['智能科学', '与', '技术', '(', '中外合作', '办学', ')']",6
中央财经大学,财政学类,"['财政学', '类']",7
中央财经大学,金融学类,"['金融学', '类']",7
中央财经大学,工商管理类(会计学院),"['工商管理', '类', '(', '会计学院', ')']",7
中央财经大学,精算学,['精算学'],4
中央财经大学,统计学类,"['统计学', '类']",4
中央财经大学,数学类,"['数学', '类']",4
中央财经大学,经济学类,"['经济学', '类']",4
中央财经大学,管理科学与工程类,"['管理科学', '与', '工程', '类']",3
中央财经大学,大数据管理与应用(许国志大数据英才班),"['大', '数据管理', '与', '应用', '(', '许国', '志大', '数据', '英才', '班', ')']",5
中央财经大学,投资学,"['投资', '学']",6
中央财经大学,公共管理类,"['公共', '管理', '类']",4
中央财经大学,法学(卓越法治人才教育培养计划),"['法学', '(', '卓越', '法治', '人才', '教育培养', '计划', ')']",4
中央财经大学,新闻传播学类,"['新闻', '传播学', '类']",2
中央财经大学,计算机类,"['计算机', '类']",4
中央财经大学,经济学(数理经济与数理金融),"['经济学', '(', '数理经济', '与', '数理', '金融', ')']",3
中央财经大学,金融学(国际金融与公司理财),"['金融学', '(', '国际金融', '与', '公司', '理财', ')']",3
中央财经大学,财政学(财政理论与政策),"['财政学', '(', '财政', '理论', '与', '政策', ')']",3
中央财经大学,工商管理类(商学院),"['工商管理', '类', '(', '商学院', ')']",4
中央财经大学,国际经济与贸易(中外合作办学)(国际贸易、金融风险管理),"['国际', '经济', '与', '贸易', '(', '中外合作', '办学', ')', '(', '国际贸易', '、', '金融风险', '管理', ')']",8
对外经济贸易大学,经济学类,"['经济学', '类']",6
对外经济贸易大学,国际经济与贸易(国际组织人才基地班、与法学双学士学位项目),"['国际', '经济', '与', '贸易', '(', '国际', '组织', '人才', '基地', '班', '、', '与', '法学', '双', '学士学位', '项目', ')']",3
对外经济贸易大学,国际商务(数字贸易方向),"['国际', '商务', '(', '数字', '贸易', '方向', ')']",4
对外经济贸易大学,金融工程(量化金融实验班),"['金融', '工程', '(', '量化', '金融', '实验班', ')']",4
对外经济贸易大学,工商管理类,"['工商管理', '类']",11
对外经济贸易大学,法学类,['法学类'],5
对外经济贸易大学,数据科学与大数据技术(含与保险学专业双学士学位项目),"['数据', '科学', '与', '大', '数据', '技术', '(', '含', '与', '保险学', '专业', '双', '学士学位', '项目', ')']",4
对外经济贸易大学,精算学,['精算学'],4
对外经济贸易大学,金融数学,"['金融', '数学']",4
对外经济贸易大学,经济统计学,"['经济', '统计学']",3
对外经济贸易大学,金融学类,"['金融学', '类']",19
北京物资学院,经济学(实验班),"['经济学', '(', '实验班', ')']",1
北京物资学院,金融学(期货与证券实验班),"['金融学', '(', '期货', '与', '证券', '实验班', ')']",2
北京物资学院,金融学,['金融学'],1
北京物资学院,物流管理,"['物流', '管理']",1
北京物资学院,物流工程(京东科技实验班),"['物流', '工程', '(', '京东', '科技', '实验班', ')']",1
北京物资学院,采购管理,"['采购', '管理']",1
北京物资学院,计算机科学与技术(实验班),"['计算机科学', '与', '技术', '(', '实验班', ')']",1
北京物资学院,应用统计学,"['应用', '统计学']",1
北京物资学院,数据科学与大数据技术,"['数据', '科学', '与', '大', '数据', '技术']",1
北京物资学院,电子商务,['电子商务'],1
北京物资学院,大数据管理与应用,"['大', '数据管理', '与', '应用']",1
北京物资学院,人工智能,['人工智能'],1
北京物资学院,商务英语(实验班),"['商务英语', '(', '实验班', ')']",1
北京物资学院,商务英语,['商务英语'],1
北京物资学院,会计学(注册会计师),"['会计学', '(', '注册', '会计师', ')']",1
北京物资学院,会计学(智能会计),"['会计学', '(', '智能', '会计', ')']",1
北京物资学院,财务管理,['财务管理'],1
首都经济贸易大学,公共管理类,"['公共', '管理', '类']",4
首都经济贸易大学,经济学(实验班),"['经济学', '(', '实验班', ')']",2
首都经济贸易大学,会计学,['会计学'],3
首都经济贸易大学,计算机科学与技术,"['计算机科学', '与', '技术']",3
首都经济贸易大学,安全工程(注安师),"['安全工程', '(', '注安师', ')']",2
首都经济贸易大学,工业工程,"['工业', '工程']",3
首都经济贸易大学,工商管理(国际会计),"['工商管理', '(', '国际会计', ')']",2
首都经济贸易大学,工商管理(实验班),"['工商管理', '(', '实验班', ')']",4
首都经济贸易大学,贸易经济,"['贸易', '经济']",3
中国人民公安大学,法学,['法学'],4
北京体育大学,经济学,['经济学'],2
北京体育大学,马克思主义理论,"['马克思主义', '理论']",1
北京体育大学,教育学,['教育学'],1
北京体育大学,运动人体科学,"['运动', '人体科学']",1
北京体育大学,运动康复,"['运动', '康复']",2
北京体育大学,智能体育工程,"['智能', '体育', '工程']",1
北京体育大学,汉语国际教育,"['汉语', '国际', '教育']",1
北京体育大学,英语,['英语'],2
北京体育大学,新闻学,['新闻学'],4
北京体育大学,网络与新媒体,"['网络', '与', '新', '媒体']",2
北京体育大学,应用心理学,"['应用', '心理学']",2
北京体育大学,数据科学与大数据技术,"['数据', '科学', '与', '大', '数据', '技术']",4
北京体育大学,体育经济与管理,"['体育', '经济', '与', '管理']",3
北京体育大学,公共事业管理,"['公共事业', '管理']",2
北京体育大学,旅游管理,"['旅游', '管理']",2
北京体育大学,汉语言文学,"['汉语言', '文学']",2
北京体育大学,康复物理治疗,"['康复', '物理', '治疗']",3
北京体育大学,俄语(国际体育组织人才实验班),"['俄语', '(', '国际', '体育', '组织', '人才', '实验班', ')']",1
北京体育大学,德语(国际体育组织人才实验班),"['德语', '(', '国际', '体育', '组织', '人才', '实验班', ')']",1
北京体育大学,西班牙语(国际体育组织人才实验班),"['西班牙语', '(', '国际', '体育', '组织', '人才', '实验班', ')']",2
北京体育大学,葡萄牙语(国际体育组织人才实验班),"['葡萄牙语', '(', '国际', '体育', '组织', '人才', '实验班', ')']",1
中央戏剧学院,戏剧影视文学(戏剧创作),"['戏剧', '影视', '文学', '(', '戏剧', '创作', ')']",3
中央戏剧学院,戏剧影视文学(电视剧创作),"['戏剧', '影视', '文学', '(', '电视剧', '创作', ')']",3
中央戏剧学院,戏剧学(戏剧史论与批评),"['戏剧', '学', '(', '戏剧', '史论', '与', '批评', ')']",3
中央戏剧学院,戏剧教育,"['戏剧', '教育']",4
中央戏剧学院,艺术管理(演出制作),"['艺术', '管理', '(', '演出', '制作', ')']",2
中央戏剧学院,艺术管理(剧院管理),"['艺术', '管理', '(', '剧院', '管理', ')']",2
中央戏剧学院,艺术管理(影视制片),"['艺术', '管理', '(', '影视', '制片', ')']",3
中国戏曲学院,戏剧影视文学(戏曲文学),"['戏剧', '影视', '文学', '(', '戏曲', '文学', ')']",5
中国戏曲学院,艺术管理(国际文化交流),"['艺术', '管理', '(', '国际', '文化交流', ')']",3
北京电影学院,数字媒体技术,"['数字', '媒体', '技术']",2
北京电影学院,网络与新媒体,"['网络', '与', '新', '媒体']",2
中央民族大学,哲学类,"['哲学', '类']",5
中央民族大学,经济学类,"['经济学', '类']",19
中央民族大学,法学类,['法学类'],14
中央民族大学,社会学类,"['社会学', '类']",3
中央民族大学,民族学,['民族学'],2
中央民族大学,文物与博物馆学,"['文物', '与', '博物馆学']",2
中央民族大学,历史学类,"['历史学', '类']",3
中央民族大学,教育学,['教育学'],3
中央民族大学,汉语国际教育,"['汉语', '国际', '教育']",3
中央民族大学,汉语言文学,"['汉语言', '文学']",4
中央民族大学,新闻传播学类,"['新闻', '传播学', '类']",7
中央民族大学,工商管理类,"['工商管理', '类']",13
中央民族大学,公共管理类,"['公共', '管理', '类']",8
中央民族大学,外国语言文学类,"['外国', '语言', '文学类']",6
中央民族大学,日语,['日语'],4
中央民族大学,统计学类,"['统计学', '类']",8
中央民族大学,信息与计算科学,"['信息', '与', '计算', '科学']",8
中央民族大学,纳米材料与技术,"['纳米材料', '与', '技术']",8
中央民族大学,光电信息科学与工程,"['光电', '信息科学', '与', '工程']",8
中央民族大学,生物科学类,"['生物科学', '类']",12
中央民族大学,环境科学与工程类,"['环境', '科学', '与', '工程', '类']",12
中央民族大学,电子信息类,"['电子信息', '类']",12
中央民族大学,计算机类,"['计算机', '类']",14
中央民族大学,环境科学(中外合作办学),"['环境', '科学', '(', '中外合作', '办学', ')']",4
中国政法大学,哲学(拔尖创新人才培养实验班),"['哲学', '(', '拔尖', '创新', '人才培养', '实验班', ')']",3
中国政法大学,法学(法学人才培养模式改革实验班),"['法学', '(', '法学', '人才培养', '模式', '改革', '实验班', ')']",14
中国政法大学,法学(涉外法治人才培养实验班),"['法学', '(', '涉外', '法治', '人才培养', '实验班', ')']",7
中国政法大学,社会工作,['社会工作'],1
中国政法大学,汉语言文学,"['汉语言', '文学']",2
中国政法大学,英语(法律英语实验班),"['英语', '(', '法律', '英语', '实验班', ')']",4
中国政法大学,翻译(法律翻译实验班),"['翻译', '(', '法律', '翻译', '实验班', ')']",2
中国政法大学,德语(法律德语实验班),"['德语', '(', '法律', '德语', '实验班', ')']",3
中国政法大学,网络与新媒体,"['网络', '与', '新', '媒体']",1
中国政法大学,应用心理学,"['应用', '心理学']",1
中国政法大学,工商管理,['工商管理'],4
中国政法大学,国际商务,"['国际', '商务']",3
中国政法大学,行政管理,"['行政', '管理']",3
中国政法大学,公共事业管理,"['公共事业', '管理']",1
中国政法大学,国际政治,"['国际', '政治']",2
中国政法大学,政治学与行政学,"['政治学', '与', '行政', '学']",3
中国政法大学,经济学,['经济学'],1
中国政法大学,金融工程(成思危现代金融菁英班),"['金融', '工程', '(', '成思危', '现代', '金融', '菁英', '班', ')']",4
中国政法大学,信息管理与信息系统(法治信息管理实验班),"['信息管理', '与', '信息系统', '(', '法治', '信息管理', '实验班', ')']",2
中国政法大学,法学(北京外国语大学联合培养涉外法治人才),"['法学', '(', '北京外国语大学', '联合', '培养', '涉外', '法治', '人才', ')']",4
中国政法大学,法学,['法学'],27
华北电力大学(北京),电气类,"['电气', '类']",17
华北电力大学(北京),能源动力类(储能),"['能源动力', '类', '(', '储能', ')']",2
华北电力大学(北京),能源动力类(氢能),"['能源动力', '类', '(', '氢能', ')']",1
华北电力大学(北京),机械类,['机械类'],1
华北电力大学(北京),材料类,"['材料', '类']",2
华北电力大学(北京),土木类,"['土木', '类']",1
华北电力大学(北京),自动化类(测控),"['自动化', '类', '(', '测控', ')']",2
华北电力大学(北京),计算机类(计算机),"['计算机', '类', '(', '计算机', ')']",8
华北电力大学(北京),计算机类(智能),"['计算机', '类', '(', '智能', ')']",3
华北电力大学(北京),物流管理与工程类(供应链),"['物流', '管理', '与', '工程', '类', '(', '供应链', ')']",1
华北电力大学(北京),能源动力类(新能源),"['能源动力', '类', '(', '新能源', ')']",3
华北电力大学(北京),水利类,"['水利', '类']",3
华北电力大学(北京),数学类,"['数学', '类']",4
华北电力大学(北京),物理学类,"['物理学', '类']",1
华北电力大学(北京),环境科学与工程类,"['环境', '科学', '与', '工程', '类']",4
华北电力大学(北京),工商管理类,"['工商管理', '类']",8
华北电力大学(北京),法学类,['法学类'],3
华北电力大学(北京),公共管理类,"['公共', '管理', '类']",3
华北电力大学(北京),网络与新媒体,"['网络', '与', '新', '媒体']",2
华北电力大学(北京),外国语言文学类,"['外国', '语言', '文学类']",1
华北电力大学(北京),电子信息类,"['电子信息', '类']",5
华北电力大学(北京),能源动力类(能动),"['能源动力', '类', '(', '能动', ')']",8
华北电力大学(北京),自动化类(自动化),"['自动化', '类', '(', '自动化', ')']",5
华北电力大学(北京),管理科学与工程类,"['管理科学', '与', '工程', '类']",5
华北电力大学(北京),核工程类,"['核工程', '类']",6
南开大学,历史学类,"['历史学', '类']",3
南开大学,公共管理类,"['公共', '管理', '类']",3
南开大学,经济学类,"['经济学', '类']",11
南开大学,金融学类,"['金融学', '类']",8
南开大学,临床医学(5+3一体化),"['临床医学', '(', '5', '+', '3', '一体化', ')']",8
南开大学,中国语言文学类,"['中国', '语言', '文学类']",6
南开大学,工商管理类,"['工商管理', '类']",16
南开大学,理科试验班(数理科学与大数据),"['理科', '试验班', '(', '数理', '科学', '与', '大', '数据', ')']",12
南开大学,理科试验班类(物质科学与可持续发展),"['理科', '试验班', '类', '(', '物质', '科学', '与', '可', '持续', '发展', ')']",24
南开大学,工科试验班(信息科学与技术),"['工科', '试验班', '(', '信息科学', '与', '技术', ')']",46
南开大学,电子商务(中外合作办学),"['电子商务', '(', '中外合作', '办学', ')']",5
天津大学,建筑类,"['建筑', '类']",8
天津大学,经济管理试验班,"['经济', '管理', '试验班']",31
天津大学,工科试验班(高新舰船与海洋装备智能设计与管理),"['工科', '试验班', '(', '高新', '舰船', '与', '海洋', '装备', '智能', '设计', '与', '管理', ')']",15
天津大学,工科试验班(精仪与光电信息类),"['工科', '试验班', '(', '精仪', '与', '光电', '信息', '类', ')']",33
天津大学,工科试验班(电气信息类),"['工科', '试验班', '(', '电气', '信息', '类', ')']",30
天津大学,工科试验班(智能与计算类),"['工科', '试验班', '(', '智能', '与', '计算', '类', ')']",22
天津大学,理科试验班(生态与环境类),"['理科', '试验班', '(', '生态', '与', '环境', '类', ')']",28
天津大学,医学试验班(新医科),"['医学', '试验班', '(', '新', '医科', ')']",20
天津大学,工科试验班(智能制造与建造),"['工科', '试验班', '(', '智能', '制造', '与', '建造', ')']",33
天津大学,化工与制药类(化工能源与生命医药试验班),"['化工', '与', '制药', '类', '(', '化工', '能源', '与', '生命', '医药', '试验班', ')']",20
天津科技大学,智能制造工程,"['智能', '制造', '工程']",2
天津科技大学,工业设计,"['工业', '设计']",3
天津科技大学,自动化,['自动化'],4
天津科技大学,机器人工程,"['机器人', '工程']",3
天津科技大学,通信工程,['通信工程'],4
天津科技大学,电气工程及其自动化,"['电气工程', '及其', '自动化']",3
天津科技大学,人工智能,['人工智能'],2
天津科技大学,计算机科学与技术,"['计算机科学', '与', '技术']",5
天津科技大学,软件工程,['软件工程'],4
天津科技大学,数据科学与大数据技术,"['数据', '科学', '与', '大', '数据', '技术']",4
天津科技大学,数字媒体技术,"['数字', '媒体', '技术']",4
天津科技大学,海洋科学类,"['海洋', '科学', '类']",4
天津科技大学,环境科学与工程类,"['环境', '科学', '与', '工程', '类']",4
天津科技大学,高分子材料与工程,"['高分子', '材料', '与', '工程']",4
天津科技大学,化学工程与工艺,"['化学工程', '与', '工艺']",5
天津科技大学,轻化工程,"['轻化', '工程']",4
天津科技大学,包装工程,"['包装', '工程']",4
天津科技大学,食品科学与工程,"['食品科学', '与', '工程']",5
天津科技大学,食品质量与安全,"['食品质量', '与', '安全']",4
天津科技大学,食品营养与健康,"['食品', '营养', '与', '健康']",4
天津科技大学,生物工程,['生物工程'],4
天津科技大学,制药工程,"['制药', '工程']",4
天津科技大学,工业工程,"['工业', '工程']",5
天津科技大学,物流管理,"['物流', '管理']",4
天津科技大学,国际经济与贸易,"['国际', '经济', '与', '贸易']",3
天津科技大学,金融学类,"['金融学', '类']",4
天津科技大学,财务管理,['财务管理'],3
天津科技大学,公共事业管理,"['公共事业', '管理']",5
天津科技大学,法学类,['法学类'],4
天津科技大学,汉语国际教育,"['汉语', '国际', '教育']",5
天津科技大学,英语,['英语'],4
天津科技大学,日语,['日语'],5
天津科技大学,翻译,['翻译'],5
天津科技大学,过程装备与控制工程,"['过程', '装备', '与', '控制工程']",3
天津科技大学,机械设计制造及其自动化,"['机械设计', '制造', '及其', '自动化']",4
天津科技大学,微电子科学与工程,"['微电子', '科学', '与', '工程']",4
天津科技大学,生物工程(中外合作办学)(酿造与蒸馏),"['生物工程', '(', '中外合作', '办学', ')', '(', '酿造', '与', '蒸馏', ')']",4
天津科技大学,财务管理(中外合作办学),"['财务管理', '(', '中外合作', '办学', ')']",6
天津科技大学,计算机科学与技术(中外合作办学)(信息处理),"['计算机科学', '与', '技术', '(', '中外合作', '办学', ')', '(', '信息处理', ')']",6
天津工业大学,纺织工程,"['纺织', '工程']",6
天津工业大学,非织造材料与工程,"['非织造', '材料', '与', '工程']",3
天津工业大学,轻化工程,"['轻化', '工程']",4
天津工业大学,服装设计与工程,"['服装设计', '与', '工程']",2
天津工业大学,材料科学与工程,"['材料科学', '与', '工程']",4
天津工业大学,复合材料与工程,"['复合材料', '与', '工程']",4
天津工业大学,无机非金属材料工程,"['无机', '非金属材料', '工程']",3
天津工业大学,高分子材料与工程,"['高分子', '材料', '与', '工程']",4
天津工业大学,化学工程与工艺,"['化学工程', '与', '工艺']",6
天津工业大学,应用化学,['应用化学'],2
天津工业大学,制药工程,"['制药', '工程']",3
天津工业大学,环境工程,['环境工程'],4
天津工业大学,机械工程,['机械工程'],6
天津工业大学,工业设计,"['工业', '设计']",2
天津工业大学,机械电子工程,"['机械', '电子', '工程']",6
天津工业大学,智能制造工程,"['智能', '制造', '工程']",4
天津工业大学,飞行器制造工程,"['飞行器', '制造', '工程']",4
天津工业大学,电气工程及其自动化,"['电气工程', '及其', '自动化']",6
天津工业大学,电子信息工程,"['电子', '信息工程']",6
天津工业大学,通信工程,['通信工程'],6
天津工业大学,电子科学与技术,"['电子', '科学', '与', '技术']",4
天津工业大学,自动化,['自动化'],6
天津工业大学,计算机科学与技术,"['计算机科学', '与', '技术']",4
天津工业大学,物联网工程,"['物', '联网', '工程']",4
天津工业大学,网络空间安全,"['网络空间', '安全']",6
天津工业大学,软件工程,['软件工程'],15
天津工业大学,人工智能,['人工智能'],3
天津工业大学,生物医学工程,"['生物医学', '工程']",2
天津工业大学,智能医学工程,"['智能', '医学工程']",3
天津工业大学,数学类,"['数学', '类']",8
天津工业大学,数据科学与大数据技术,"['数据', '科学', '与', '大', '数据', '技术']",4
天津工业大学,光电信息科学与工程,"['光电', '信息科学', '与', '工程']",6
天津工业大学,应用物理学,"['应用', '物理学']",4
天津工业大学,化学生物学,"['化学', '生物学']",3
天津工业大学,广播电视学,"['广播电视', '学']",2
天津工业大学,英语,['英语'],4
天津工业大学,经济学类,"['经济学', '类']",4
天津工业大学,工商管理类,"['工商管理', '类']",4
天津工业大学,管理科学与工程类,"['管理科学', '与', '工程', '类']",3
天津工业大学,法学,['法学'],2
天津工业大学,电气工程及其自动化(中外合作办学),"['电气工程', '及其', '自动化', '(', '中外合作', '办学', ')']",10
天津工业大学,通信工程(中外合作办学),"['通信工程', '(', '中外合作', '办学', ')']",12
天津工业大学,信息管理与信息系统(中外合作办学),"['信息管理', '与', '信息系统', '(', '中外合作', '办学', ')']",12
中国民航大学,工科试验班(中欧航空工程师),"['工科', '试验班', '(', '中欧', '航空', '工程师', ')']",13
中国民航大学,法学(航空法),"['法学', '(', '航空法', ')']",5
中国民航大学,英语(民航外语),"['英语', '(', '民航', '外语', ')']",8
中国民航大学,信息与计算科学,"['信息', '与', '计算', '科学']",4
中国民航大学,应用气象学(航空气象),"['应用', '气象学', '(', '航空', '气象', ')']",8
中国民航大学,应用心理学,"['应用', '心理学']",2
中国民航大学,统计学(民航大数据),"['统计学', '(', '民航', '大', '数据', ')']",4
中国民航大学,材料物理(无损检测与表面工程),"['材料', '物理', '(', '无损', '检测', '与', '表面工程', ')']",5
中国民航大学,材料化学,"['材料', '化学']",2
中国民航大学,工科试验班(航空航天),"['工科', '试验班', '(', '航空航天', ')']",21
中国民航大学,信息安全,['信息安全'],5
中国民航大学,土木工程,['土木工程'],4
中国民航大学,油气储运工程(机场供油工程),"['油气', '储运', '工程', '(', '机场', '供油', '工程', ')']",5
中国民航大学,交通工程,"['交通', '工程']",6
中国民航大学,交通运输(空中交通管制),"['交通运输', '(', '空中', '交通管制', ')']",10
中国民航大学,交通管理(飞行运行管理),"['交通管理', '(', '飞行', '运行', '管理', ')']",15
中国民航大学,无人驾驶航空器系统工程,"['无人驾驶', '航空器', '系统工程']",4
中国民航大学,安全工程,['安全工程'],6
中国民航大学,工商管理类(航空运输管理),"['工商管理', '类', '(', '航空运输', '管理', ')']",10
中国民航大学,物流管理,"['物流', '管理']",4
中国民航大学,工业工程(航空维修工程),"['工业', '工程', '(', '航空', '维修', '工程', ')']",8
中国民航大学,翻译,['翻译'],1
中国民航大学,思想政治教育,"['思想', '政治', '教育']",1
中国民航大学,工科试验班(智能与计算机),"['工科', '试验班', '(', '智能', '与', '计算机', ')']",9
中国民航大学,工科试验班(电子信息与电气自动化),"['工科', '试验班', '(', '电子信息', '与', '电气', '自动化', ')']",51
天津理工大学,计算机科学与技术,"['计算机科学', '与', '技术']",2
天津理工大学,信息安全,['信息安全'],2
天津理工大学,物联网工程,"['物', '联网', '工程']",5
天津理工大学,数据科学与大数据技术,"['数据', '科学', '与', '大', '数据', '技术']",4
天津理工大学,电气工程及其自动化,"['电气工程', '及其', '自动化']",5
天津理工大学,人工智能,['人工智能'],4
天津理工大学,自动化,['自动化'],5
天津理工大学,材料成型及控制工程,"['材料', '成型', '及', '控制工程']",3
天津理工大学,大数据管理与应用,"['大', '数据管理', '与', '应用']",3
天津理工大学,制药工程,"['制药', '工程']",5
天津理工大学,机械电子工程,"['机械', '电子', '工程']",7
天津理工大学,智能制造工程,"['智能', '制造', '工程']",4
天津理工大学,能源与动力工程,"['能源', '与', '动力工程']",2
天津理工大学,汉语言文学,"['汉语言', '文学']",6
天津理工大学,英语,['英语'],4
天津理工大学,日语,['日语'],6
天津理工大学,社会学,['社会学'],5
天津理工大学,社会工作,['社会工作'],5
天津理工大学,电子信息工程,"['电子', '信息工程']",9
天津理工大学,通信工程,['通信工程'],8
天津理工大学,集成电路设计与集成系统,"['集成电路', '设计', '与', '集成系统']",9
天津理工大学,计算机科学与技术(中外合作办学),"['计算机科学', '与', '技术', '(', '中外合作', '办学', ')']",15
天津理工大学,工商管理(中外合作办学),"['工商管理', '(', '中外合作', '办学', ')']",6
天津理工大学,工业工程(中外合作办学),"['工业', '工程', '(', '中外合作', '办学', ')']",4
天津农学院,菌物科学与工程,"['菌物', '科学', '与', '工程']",2
天津农学院,植物保护,['植物保护'],2
天津农学院,设施农业科学与工程,"['设施', '农业', '科学', '与', '工程']",2
天津农学院,林学,['林学'],1
天津农学院,动物医学(小动医方向),"['动物', '医学', '(', '小动医', '方向', ')']",2
天津农学院,动物药学,"['动物', '药学']",2
天津农学院,水产养殖学,"['水产', '养殖', '学']",3
天津农学院,海洋渔业科学与技术,"['海洋渔业', '科学', '与', '技术']",5
天津农学院,会计学,['会计学'],1
天津农学院,公共事业管理,"['公共事业', '管理']",2
天津农学院,食品科学与工程,"['食品科学', '与', '工程']",2
天津农学院,食品质量与安全,"['食品质量', '与', '安全']",1
天津农学院,测控技术与仪器,"['测控', '技术', '与', '仪器']",1
天津农学院,软件工程,['软件工程'],2
天津农学院,水利水电工程,"['水利水电', '工程']",1
天津农学院,工程管理,"['工程', '管理']",1
天津农学院,功能材料,"['功能', '材料']",2
天津农学院,生物制药,['生物制药'],1
天津农学院,文化产业管理,"['文化产业', '管理']",1
天津农学院,酒店管理,"['酒店', '管理']",3
天津医科大学,临床医学(5+3一体化),"['临床医学', '(', '5', '+', '3', '一体化', ')']",6
天津医科大学,临床医学(5+3一体化，儿科学),"['临床医学', '(', '5', '+', '3', '一体化', '，', '儿科学', ')']",1
天津医科大学,口腔医学(5+3一体化),"['口腔医学', '(', '5', '+', '3', '一体化', ')']",3
天津医科大学,临床医学,['临床医学'],3
天津医科大学,基础医学(朱宪彝班),"['基础医学', '(', '朱宪彝班', ')']",1
天津医科大学,麻醉学,['麻醉学'],1
天津医科大学,医学影像学,"['医学', '影像学']",1
天津医科大学,眼视光医学,"['眼视光', '医学']",1
天津医科大学,预防医学,"['预防', '医学']",2
天津医科大学,智能医学工程,"['智能', '医学工程']",1
天津医科大学,医学技术类,"['医学', '技术类']",8
天津医科大学,药学类,"['药学', '类']",3
天津医科大学,生物医学工程,"['生物医学', '工程']",1
天津医科大学,护理学,['护理学'],3
天津医科大学,护理学(助产方向),"['护理学', '(', '助产', '方向', ')']",1
天津中医药大学,中国语言文学类,"['中国', '语言', '文学类']",3
天津中医药大学,中医学(中医拔尖创新人才培养模式改革9年制),"['中医学', '(', '中医', '拔尖', '创新', '人才培养', '模式', '改革', '9', '年制', ')']",2
天津中医药大学,中医学(5+3一体化),"['中医学', '(', '5', '+', '3', '一体化', ')']",4
天津中医药大学,中医学(5+3一体化中医儿科学),"['中医学', '(', '5', '+', '3', '一体化', '中医', '儿科学', ')']",2
天津中医药大学,中医学类,"['中', '医学类']",8
天津中医药大学,中西医临床医学,"['中西医', '临床医学']",3
天津中医药大学,医学技术类,"['医学', '技术类']",3
天津中医药大学,医学信息工程,"['医学', '信息工程']",3
天津中医药大学,食品卫生与营养学,"['食品卫生', '与', '营养学']",4
天津中医药大学,康复治疗学,"['康复', '治疗学']",2
天津中医药大学,临床药学,"['临床', '药学']",3
天津中医药大学,药学类,"['药学', '类']",6
天津中医药大学,中药学类,"['中药学', '类']",6
天津中医药大学,制药工程,"['制药', '工程']",4
天津中医药大学,应用心理学,"['应用', '心理学']",1
天津中医药大学,工商管理类,"['工商管理', '类']",2
天津中医药大学,公共管理类,"['公共', '管理', '类']",3
天津中医药大学,传播学,['传播学'],5
天津中医药大学,临床医学,['临床医学'],5
天津中医药大学,中药学(拔尖学生培养基地班),"['中药学', '(', '拔尖', '学生', '培养', '基地', '班', ')']",2
天津中医药大学,应用统计学,"['应用', '统计学']",4
天津中医药大学,预防医学,"['预防', '医学']",3
天津中医药大学,临床药学(中外合作办学),"['临床', '药学', '(', '中外合作', '办学', ')']",6
天津师范大学,汉语言文学(师范类),"['汉语言', '文学', '(', '师范类', ')']",11
天津师范大学,广告学,['广告学'],1
天津师范大学,历史学(师范类),"['历史学', '(', '师范类', ')']",1
天津师范大学,应用心理学(师范类),"['应用', '心理学', '(', '师范类', ')']",2
天津师范大学,教育技术学(师范类),"['教育', '技术', '学', '(', '师范类', ')']",1
天津师范大学,学前教育(师范类),"['学前教育', '(', '师范类', ')']",4
天津师范大学,教育学类(师范类),"['教育学', '类', '(', '师范类', ')']",18
天津师范大学,政治学与行政学,"['政治学', '与', '行政', '学']",2
天津师范大学,法学,['法学'],2
天津师范大学,英语(师范类),"['英语', '(', '师范类', ')']",5
天津师范大学,俄语,['俄语'],2
天津师范大学,朝鲜语,['朝鲜语'],1
天津师范大学,计算机科学与技术(师范类),"['计算机科学', '与', '技术', '(', '师范类', ')']",4
天津师范大学,数据科学与大数据技术,"['数据', '科学', '与', '大', '数据', '技术']",2
天津师范大学,软件工程,['软件工程'],20
天津师范大学,数学与应用数学(师范类),"['数学', '与', '应用', '数学', '(', '师范类', ')']",1
天津师范大学,数据计算及应用,"['数据', '计算', '及', '应用']",2
天津师范大学,化学(师范类),"['化学', '(', '师范类', ')']",4
天津师范大学,生物科学(师范类),"['生物科学', '(', '师范类', ')']",8
天津师范大学,物理学(师范类),"['物理学', '(', '师范类', ')']",6
天津师范大学,电子信息科学与技术,"['电子信息', '科学', '与', '技术']",2
天津师范大学,人工智能(师范类),"['人工智能', '(', '师范类', ')']",2
天津师范大学,工商管理,['工商管理'],3
天津师范大学,物流管理,"['物流', '管理']",3
天津师范大学,市场营销,['市场营销'],2
天津师范大学,大数据管理与应用,"['大', '数据管理', '与', '应用']",2
天津师范大学,国际经济与贸易,"['国际', '经济', '与', '贸易']",9
天津师范大学,经济学,['经济学'],2
天津师范大学,应用心理学(创新班),"['应用', '心理学', '(', '创新', '班', ')']",2
天津职业技术师范大学,机械设计制造及其自动化,"['机械设计', '制造', '及其', '自动化']",1
天津职业技术师范大学,材料成型及控制工程,"['材料', '成型', '及', '控制工程']",1
天津职业技术师范大学,测控技术与仪器,"['测控', '技术', '与', '仪器']",4
天津职业技术师范大学,电气工程及其自动化(师范类),"['电气工程', '及其', '自动化', '(', '师范类', ')']",1
天津职业技术师范大学,自动化(师范类),"['自动化', '(', '师范类', ')']",5
天津职业技术师范大学,人工智能(师范类),"['人工智能', '(', '师范类', ')']",2
天津职业技术师范大学,教育技术学(师范类),"['教育', '技术', '学', '(', '师范类', ')']",2
天津职业技术师范大学,软件工程,['软件工程'],8
天津职业技术师范大学,网络工程,['网络工程'],2
天津职业技术师范大学,数据科学与大数据技术,"['数据', '科学', '与', '大', '数据', '技术']",2
天津职业技术师范大学,教育学(师范类，职业技术教育方向),"['教育学', '(', '师范类', '，', '职业', '技术', '教育', '方向', ')']",2
天津职业技术师范大学,劳动教育(师范类),"['劳动', '教育', '(', '师范类', ')']",5
天津职业技术师范大学,车辆工程,"['车辆', '工程']",3
天津职业技术师范大学,汽车服务工程(师范类),"['汽车', '服务', '工程', '(', '师范类', ')']",4
天津职业技术师范大学,新能源汽车工程(师范类),"['新能源', '汽车', '工程', '(', '师范类', ')']",4
天津职业技术师范大学,交通运输(师范类，城市轨道交通方向),"['交通运输', '(', '师范类', '，', '城市', '轨道交通', '方向', ')']",5
天津职业技术师范大学,交通运输(智能交通方向),"['交通运输', '(', '智能', '交通', '方向', ')']",5
天津职业技术师范大学,应用物理学(师范类),"['应用', '物理学', '(', '师范类', ')']",5
天津职业技术师范大学,数学与应用数学(师范类),"['数学', '与', '应用', '数学', '(', '师范类', ')']",7
天津职业技术师范大学,信息与计算科学,"['信息', '与', '计算', '科学']",2
天津职业技术师范大学,英语(师范类),"['英语', '(', '师范类', ')']",2
天津职业技术师范大学,日语,['日语'],4
天津职业技术师范大学,电子科学与技术,"['电子', '科学', '与', '技术']",3
天津职业技术师范大学,微电子科学与工程(师范类),"['微电子', '科学', '与', '工程', '(', '师范类', ')']",5
天津职业技术师范大学,光电信息科学与工程(师范类),"['光电', '信息科学', '与', '工程', '(', '师范类', ')']",3
天津职业技术师范大学,金融学,['金融学'],2
天津职业技术师范大学,人力资源管理,"['人力', '资源管理']",3
天津职业技术师范大学,财务会计教育(师范类),"['财务会计', '教育', '(', '师范类', ')']",3
天津职业技术师范大学,劳动与社会保障,"['劳动', '与', '社会保障']",4
天津职业技术师范大学,物流管理(师范类),"['物流', '管理', '(', '师范类', ')']",3
天津外国语大学,外国语言文学类(英语类),"['外国', '语言', '文学类', '(', '英语', '类', ')']",6
天津外国语大学,日语,['日语'],5
天津外国语大学,俄语,['俄语'],1
天津外国语大学,德语,['德语'],1
天津外国语大学,法语,['法语'],1
天津外国语大学,西班牙语,['西班牙语'],1
天津外国语大学,意大利语,['意大利语'],1
天津外国语大学,葡萄牙语,['葡萄牙语'],1
天津外国语大学,匈牙利语,['匈牙利语'],1
天津外国语大学,朝鲜语,['朝鲜语'],2
天津外国语大学,阿拉伯语,['阿拉伯语'],1
天津外国语大学,印度尼西亚语,['印度尼西亚语'],1
天津外国语大学,缅甸语,['缅甸语'],1
天津外国语大学,马来语,['马来语'],1
天津外国语大学,汉语国际教育,"['汉语', '国际', '教育']",2
天津外国语大学,国际经济与贸易,"['国际', '经济', '与', '贸易']",1
天津外国语大学,金融学,['金融学'],1
天津外国语大学,工商管理类,"['工商管理', '类']",4
天津外国语大学,大数据管理与应用,"['大', '数据管理', '与', '应用']",2
天津外国语大学,法学,['法学'],1
天津外国语大学,国际政治,"['国际', '政治']",1
天津外国语大学,外交学,['外交学'],1
天津外国语大学,国际组织与全球治理,"['国际', '组织', '与', '全球', '治理']",2
天津外国语大学,汉语言文学,"['汉语言', '文学']",1
天津外国语大学,新闻传播学类,"['新闻', '传播学', '类']",1
天津外国语大学,广告学,['广告学'],2
天津外国语大学,网络与新媒体,"['网络', '与', '新', '媒体']",1
天津外国语大学,教育技术学,"['教育', '技术', '学']",1
天津外国语大学,数字媒体技术,"['数字', '媒体', '技术']",3
天津外国语大学,经济学(中外合作办学),"['经济学', '(', '中外合作', '办学', ')']",4
天津商业大学,宝石及材料工艺学,"['宝石', '及', '材料', '工艺学']",4
天津商业大学,工商管理类,"['工商管理', '类']",4
天津商业大学,包装工程,"['包装', '工程']",3
天津商业大学,建筑环境与能源应用工程,"['建筑', '环境', '与', '能源', '应用', '工程']",9
天津商业大学,能源与动力工程,"['能源', '与', '动力工程']",17
天津商业大学,新能源科学与工程,"['新', '能源科学', '与', '工程']",4
天津商业大学,法学,['法学'],8
天津商业大学,智能科学与技术,"['智能科学', '与', '技术']",2
天津商业大学,英语(应用翻译方向),"['英语', '(', '应用', '翻译', '方向', ')']",2
天津商业大学,会计学,['会计学'],3
天津商业大学,酒店管理(中外合作办学),"['酒店', '管理', '(', '中外合作', '办学', ')']",20
天津商业大学,财务管理(中外合作办学),"['财务管理', '(', '中外合作', '办学', ')']",11
天津财经大学,经济学,['经济学'],4
天津财经大学,财政学类,"['财政学', '类']",5
天津财经大学,金融学类,"['金融学', '类']",10
天津财经大学,法学,['法学'],3
天津财经大学,数学与应用数学(经济数学与数学建模),"['数学', '与', '应用', '数学', '(', '经济', '数学', '与', '数学', '建模', ')']",3
天津财经大学,软件工程,['软件工程'],3
天津财经大学,数据科学与大数据技术,"['数据', '科学', '与', '大', '数据', '技术']",3
天津财经大学,管理科学与工程类,"['管理科学', '与', '工程', '类']",3
天津财经大学,工商管理类,"['工商管理', '类']",7
天津财经大学,会计学(注册会计师),"['会计学', '(', '注册', '会计师', ')']",5
天津财经大学,会计学,['会计学'],4
天津财经大学,财务管理,['财务管理'],2
天津财经大学,国际商务,"['国际', '商务']",3
天津财经大学,审计学,['审计学'],2
天津财经大学,物流管理,"['物流', '管理']",6
天津财经大学,金融数学,"['金融', '数学']",3
天津财经大学,金融学(中外合作办学)(能源金融),"['金融学', '(', '中外合作', '办学', ')', '(', '能源', '金融', ')']",13
天津体育学院,公共事业管理,"['公共事业', '管理']",4
天津体育学院,新闻学(新媒体方向),"['新闻学', '(', '新', '媒体', '方向', ')']",5
天津体育学院,新闻学(体育文化传媒方向),"['新闻学', '(', '体育', '文化传媒', '方向', ')']",3
天津体育学院,特殊教育,['特殊教育'],2
天津体育学院,市场营销,['市场营销'],4
天津体育学院,运动康复,"['运动', '康复']",4
天津体育学院,应用心理学,"['应用', '心理学']",3
天津体育学院,康复治疗学,"['康复', '治疗学']",4
天津体育学院,体育经济与管理,"['体育', '经济', '与', '管理']",6
天津体育学院,学前教育,['学前教育'],6
天津美术学院,历史建筑保护工程,"['历史', '建筑', '保护', '工程']",3
河北大学,新闻传播学类,"['新闻', '传播学', '类']",2
河北大学,保险学,['保险学'],2
河北大学,国际经济与贸易,"['国际', '经济', '与', '贸易']",3
河北大学,法学,['法学'],2
河北大学,物理学类,"['物理学', '类']",2
河北大学,新能源材料与器件,"['新能源', '材料', '与', '器件']",3
河北大学,光电信息科学与工程,"['光电', '信息科学', '与', '工程']",2
河北大学,化学,['化学'],2
河北大学,材料类,"['材料', '类']",3
河北大学,环境科学与工程类,"['环境', '科学', '与', '工程', '类']",2
河北大学,通信工程,['通信工程'],2
河北大学,土木工程,['土木工程'],2
河北大学,广播电视学(中外合作办学),"['广播电视', '学', '(', '中外合作', '办学', ')']",3
河北大学,广告学(中外合作办学),"['广告学', '(', '中外合作', '办学', ')']",3
河北工程大学,经济学,['经济学'],2
河北工程大学,金融工程,"['金融', '工程']",2
河北工程大学,法学,['法学'],2
河北工程大学,文物与博物馆学,"['文物', '与', '博物馆学']",2
河北工程大学,信息与计算科学,"['信息', '与', '计算', '科学']",2
河北工程大学,应用物理学,"['应用', '物理学']",2
河北工程大学,应用化学,['应用化学'],2
河北工程大学,地理信息科学,"['地理信息', '科学']",3
河北工程大学,应用统计学,"['应用', '统计学']",2
河北工程大学,机械类,['机械类'],3
河北工程大学,材料类,"['材料', '类']",2
河北工程大学,能源与动力工程,"['能源', '与', '动力工程']",2
河北工程大学,电气工程及其自动化,"['电气工程', '及其', '自动化']",2
河北工程大学,电子信息工程,"['电子', '信息工程']",2
河北工程大学,通信工程,['通信工程'],2
河北工程大学,光电信息科学与工程,"['光电', '信息科学', '与', '工程']",2
河北工程大学,自动化,['自动化'],2
河北工程大学,计算机类,"['计算机', '类']",4
河北工程大学,数据科学与大数据技术,"['数据', '科学', '与', '大', '数据', '技术']",2
河北工程大学,建筑环境与能源应用工程,"['建筑', '环境', '与', '能源', '应用', '工程']",2
河北工程大学,给排水科学与工程,"['给排水', '科学', '与', '工程']",2
河北工程大学,水利水电工程,"['水利水电', '工程']",2
河北工程大学,水文与水资源工程,"['水文', '与', '水资源', '工程']",2
河北工程大学,测绘工程,"['测绘', '工程']",2
河北工程大学,遥感科学与技术,"['遥感', '科学', '与', '技术']",2
河北工程大学,化学工程与工艺,"['化学工程', '与', '工艺']",2
河北工程大学,地质工程,"['地质', '工程']",2
河北工程大学,勘查技术与工程,"['勘查', '技术', '与', '工程']",2
河北工程大学,资源勘查工程,"['资源', '勘查', '工程']",2
河北工程大学,采矿工程,['采矿工程'],2
河北工程大学,农业水利工程,"['农业', '水利工程']",2
河北工程大学,食品科学与工程,"['食品科学', '与', '工程']",2
河北工程大学,建筑学,['建筑学'],3
河北工程大学,城乡规划,['城乡规划'],4
河北工程大学,风景园林,['风景园林'],3
河北工程大学,安全工程,['安全工程'],2
河北工程大学,植物生产类,"['植物', '生产', '类']",2
河北工程大学,园林,['园林'],2
河北工程大学,临床医学,['临床医学'],5
河北工程大学,医学检验技术,"['医学', '检验', '技术']",4
河北工程大学,医学影像技术,"['医学影像', '技术']",2
河北工程大学,护理学,['护理学'],2
河北工程大学,工商管理类,"['工商管理', '类']",2
河北工程大学,测控技术与仪器,"['测控', '技术', '与', '仪器']",2
河北工程大学,过程装备与控制工程,"['过程', '装备', '与', '控制工程']",2
河北工程大学,新能源科学与工程,"['新', '能源科学', '与', '工程']",4
河北工程大学,工程力学,['工程力学'],2
河北工程大学,道路桥梁与渡河工程,"['道路', '桥梁', '与', '渡河', '工程']",2
河北工程大学,交通工程,"['交通', '工程']",2
河北工程大学,机器人工程,"['机器人', '工程']",2
河北工程大学,汉语国际教育,"['汉语', '国际', '教育']",2
河北工程大学,土木工程,['土木工程'],3
河北工程大学,土木工程(中外合作办学),"['土木工程', '(', '中外合作', '办学', ')']",10
河北地质大学,英语,['英语'],4
河北地质大学,捷克语,['捷克语'],2
河北地质大学,公共管理类,"['公共', '管理', '类']",6
河北地质大学,汉语国际教育,"['汉语', '国际', '教育']",6
河北地质大学,地质类,"['地质', '类']",6
河北地质大学,水利类,"['水利', '类']",4
河北地质大学,环境工程,['环境工程'],5
河北地质大学,土木类,"['土木', '类']",3
河北地质大学,管理科学与工程类,"['管理科学', '与', '工程', '类']",4
河北地质大学,土地资源管理,"['土地', '资源管理']",2
河北地质大学,地理信息科学,"['地理信息', '科学']",4
河北地质大学,测绘类,"['测绘', '类']",5
河北地质大学,材料类,"['材料', '类']",4
河北地质大学,经济学类,"['经济学', '类']",14
河北地质大学,工商管理类,"['工商管理', '类']",4
河北地质大学,物流管理与工程类,"['物流', '管理', '与', '工程', '类']",7
河北地质大学,旅游地学与规划工程,"['旅游', '地学', '与', '规划', '工程']",3
河北地质大学,计算机类,"['计算机', '类']",4
河北地质大学,金融学(中外合作办学),"['金融学', '(', '中外合作', '办学', ')']",4
华北水利水电大学,水利水电工程,"['水利水电', '工程']",5
华北水利水电大学,水文与水资源工程,"['水文', '与', '水资源', '工程']",5
华北水利水电大学,地质工程,"['地质', '工程']",5
华北水利水电大学,材料成型及控制工程,"['材料', '成型', '及', '控制工程']",10
华北水利水电大学,土木工程,['土木工程'],10
华北水利水电大学,电气工程及其自动化,"['电气工程', '及其', '自动化']",5
华北水利水电大学,核工程与核技术,"['核工程', '与', '核技术']",5
华北水利水电大学,应用化学,['应用化学'],5
华北水利水电大学,国际经济与贸易,"['国际', '经济', '与', '贸易']",5
华北水利水电大学,市场营销,['市场营销'],5
华北水利水电大学,物流管理,"['物流', '管理']",5
华北水利水电大学,计算机科学与技术,"['计算机科学', '与', '技术']",5
华北水利水电大学,软件工程,['软件工程'],10
华北水利水电大学,电子信息工程,"['电子', '信息工程']",5
华北水利水电大学,地质工程(中外合作办学)(灾害管理),"['地质', '工程', '(', '中外合作', '办学', ')', '(', '灾害', '管理', ')']",5
华北水利水电大学,机械设计制造及其自动化(中外合作办学),"['机械设计', '制造', '及其', '自动化', '(', '中外合作', '办学', ')']",5
华北水利水电大学,物流管理(中外合作办学),"['物流', '管理', '(', '中外合作', '办学', ')']",5
华北水利水电大学,土木工程(中外合作办学),"['土木工程', '(', '中外合作', '办学', ')']",5
华北水利水电大学,测绘工程(中外合作办学),"['测绘', '工程', '(', '中外合作', '办学', ')']",5
华北水利水电大学,能源与动力工程(中外合作办学)(热动),"['能源', '与', '动力工程', '(', '中外合作', '办学', ')', '(', '热动', ')']",5
华北水利水电大学,给排水科学与工程(中外合作办学),"['给排水', '科学', '与', '工程', '(', '中外合作', '办学', ')']",5
华北水利水电大学,建筑学(中外合作办学),"['建筑学', '(', '中外合作', '办学', ')']",5
华北电力大学(保定),经济学类,"['经济学', '类']",3
华北电力大学(保定),法学类,['法学类'],3
华北电力大学(保定),外国语言文学类,"['外国', '语言', '文学类']",4
华北电力大学(保定),数学类,"['数学', '类']",7
华北电力大学(保定),物理学类,"['物理学', '类']",3
华北电力大学(保定),管理科学与工程类,"['管理科学', '与', '工程', '类']",7
华北电力大学(保定),工商管理类,"['工商管理', '类']",5
华北电力大学(保定),电气类,"['电气', '类']",24
华北电力大学(保定),电子信息类,"['电子信息', '类']",11
华北电力大学(保定),工业工程类,"['工业', '工程', '类']",1
华北电力大学(保定),能源动力类(储能),"['能源动力', '类', '(', '储能', ')']",3
华北电力大学(保定),土木类,"['土木', '类']",3
华北电力大学(保定),环境科学与工程类,"['环境', '科学', '与', '工程', '类']",10
华北电力大学(保定),公共管理类,"['公共', '管理', '类']",3
华北电力大学(保定),能源动力类(氢能),"['能源动力', '类', '(', '氢能', ')']",4
华北电力大学(保定),公共管理类(社工),"['公共', '管理', '类', '(', '社工', ')']",3
华北电力大学(保定),机械类,['机械类'],21
华北电力大学(保定),能源动力类(能动),"['能源动力', '类', '(', '能动', ')']",8
华北电力大学(保定),自动化类(自动化),"['自动化', '类', '(', '自动化', ')']",7
华北电力大学(保定),自动化类(测控),"['自动化', '类', '(', '测控', ')']",4
华北电力大学(保定),计算机类(智能),"['计算机', '类', '(', '智能', ')']",4
华北电力大学(保定),计算机类(计算机),"['计算机', '类', '(', '计算机', ')']",10
河北工业大学,数学类,"['数学', '类']",2
河北工业大学,应用统计学,"['应用', '统计学']",2
河北工业大学,机械类,['机械类'],2
河北工业大学,测控技术与仪器,"['测控', '技术', '与', '仪器']",2
河北工业大学,能源动力类,"['能源动力', '类']",2
河北工业大学,过程装备与控制工程,"['过程', '装备', '与', '控制工程']",3
河北工业大学,应用化学,['应用化学'],2
河北工业大学,制药工程,"['制药', '工程']",2
河北工业大学,生物工程,['生物工程'],3
河北工业大学,安全工程,['安全工程'],2
河北工业大学,海洋技术,"['海洋', '技术']",3
河北工业大学,土木工程,['土木工程'],2
河北工业大学,道路桥梁与渡河工程,"['道路', '桥梁', '与', '渡河', '工程']",3
河北工业大学,给排水科学与工程,"['给排水', '科学', '与', '工程']",3
河北工业大学,工程管理,"['工程', '管理']",2
河北工业大学,会计学,['会计学'],2
河北工业大学,材料类,"['材料', '类']",2
河北工业大学,材料成型及控制工程,"['材料', '成型', '及', '控制工程']",2
河北工业大学,法学,['法学'],2
河北工业大学,汉语国际教育,"['汉语', '国际', '教育']",2
河北工业大学,公共管理类,"['公共', '管理', '类']",2
河北工业大学,英语,['英语'],2
河北工业大学,日语,['日语'],3
河北工业大学,自动化,['自动化'],2
河北工业大学,建筑学,['建筑学'],2
河北工业大学,城乡规划,['城乡规划'],2
河北工业大学,计算机科学与技术,"['计算机科学', '与', '技术']",2
河北工业大学,能源与动力工程,"['能源', '与', '动力工程']",2
河北工业大学,电气工程及其自动化,"['电气工程', '及其', '自动化']",2
河北工业大学,生物医学工程,"['生物医学', '工程']",3
河北工业大学,电气工程及其自动化(中外合作办学),"['电气工程', '及其', '自动化', '(', '中外合作', '办学', ')']",4
河北工业大学,物联网工程(中外合作办学),"['物', '联网', '工程', '(', '中外合作', '办学', ')']",2
河北工业大学,环境工程(中外合作办学),"['环境工程', '(', '中外合作', '办学', ')']",2
河北工业大学,应用物理学(中外合作办学),"['应用', '物理学', '(', '中外合作', '办学', ')']",2
河北工业大学,材料物理(中外合作办学),"['材料', '物理', '(', '中外合作', '办学', ')']",2
华北理工大学,安全工程,['安全工程'],5
华北理工大学,矿业类,"['矿业', '类']",15
华北理工大学,测绘工程,"['测绘', '工程']",5
华北理工大学,地质工程,"['地质', '工程']",5
华北理工大学,材料成型及控制工程,"['材料', '成型', '及', '控制工程']",5
华北理工大学,材料类,"['材料', '类']",18
华北理工大学,能源动力类,"['能源动力', '类']",12
华北理工大学,工业工程,"['工业', '工程']",5
华北理工大学,工业设计,"['工业', '设计']",3
华北理工大学,过程装备与控制工程,"['过程', '装备', '与', '控制工程']",5
华北理工大学,机械设计制造及其自动化,"['机械设计', '制造', '及其', '自动化']",6
华北理工大学,车辆工程,"['车辆', '工程']",5
华北理工大学,化学,['化学'],4
华北理工大学,应用化学,['应用化学'],6
华北理工大学,化学工程与工艺,"['化学工程', '与', '工艺']",7
华北理工大学,能源化学工程,"['能源', '化学工程']",8
华北理工大学,给排水科学与工程,"['给排水', '科学', '与', '工程']",3
华北理工大学,数据科学与大数据技术,"['数据', '科学', '与', '大', '数据', '技术']",2
华北理工大学,应用物理学,"['应用', '物理学']",2
华北理工大学,智能科学与技术,"['智能科学', '与', '技术']",3
华北理工大学,日语,['日语'],3
华北理工大学,英语,['英语'],7
华北理工大学,翻译,['翻译'],3
华北理工大学,汉语国际教育,"['汉语', '国际', '教育']",6
华北理工大学,匈牙利语,['匈牙利语'],3
华北理工大学,法学,['法学'],3
华北理工大学,应用心理学,"['应用', '心理学']",4
华北理工大学,精神医学,"['精神', '医学']",10
华北理工大学,工程管理,"['工程', '管理']",8
华北理工大学,建筑环境与能源应用工程,"['建筑', '环境', '与', '能源', '应用', '工程']",5
华北理工大学,建筑学,['建筑学'],3
华北理工大学,交通运输,['交通运输'],4
华北理工大学,物流工程,"['物流', '工程']",6
华北理工大学,土木工程,['土木工程'],4
华北理工大学,临床医学,['临床医学'],7
华北理工大学,医学影像学,"['医学', '影像学']",3
华北理工大学,麻醉学,['麻醉学'],6
华北理工大学,医学检验技术,"['医学', '检验', '技术']",3
华北理工大学,预防医学,"['预防', '医学']",5
华北理工大学,卫生检验与检疫,"['卫生', '检验', '与', '检疫']",4
华北理工大学,医学实验技术,"['医学', '实验', '技术']",4
华北理工大学,生物科学类,"['生物科学', '类']",20
华北理工大学,材料化学,"['材料', '化学']",4
华北理工大学,高分子材料与工程,"['高分子', '材料', '与', '工程']",3
华北理工大学,无机非金属材料工程,"['无机', '非金属材料', '工程']",10
华北理工大学,复合材料与工程,"['复合材料', '与', '工程']",6
华北理工大学,测控技术与仪器,"['测控', '技术', '与', '仪器']",4
华北理工大学,电气工程及其自动化,"['电气工程', '及其', '自动化']",3
华北理工大学,自动化,['自动化'],3
华北理工大学,电子科学与技术,"['电子', '科学', '与', '技术']",3
华北理工大学,工商管理,['工商管理'],3
华北理工大学,公共事业管理,"['公共事业', '管理']",3
华北理工大学,信息管理与信息系统,"['信息管理', '与', '信息系统']",5
华北理工大学,国际经济与贸易,"['国际', '经济', '与', '贸易']",7
华北理工大学,金融学,['金融学'],4
华北理工大学,经济统计学,"['经济', '统计学']",9
华北理工大学,护理学,['护理学'],6
华北理工大学,康复治疗学,"['康复', '治疗学']",12
华北理工大学,中医学,['中医学'],3
华北理工大学,针灸推拿学,"['针灸', '推拿学']",6
华北理工大学,中西医临床医学,"['中西医', '临床医学']",3
华北理工大学,口腔医学,['口腔医学'],2
华北理工大学,药学,['药学'],11
华北理工大学,药物制剂,['药物制剂'],9
华北理工大学,中药学,['中药学'],9
华北理工大学,电子信息工程,"['电子', '信息工程']",3
华北理工大学,智能医学工程,"['智能', '医学工程']",5
华北理工大学,人工智能,['人工智能'],3
华北理工大学,集成电路设计与集成系统,"['集成电路', '设计', '与', '集成系统']",3
华北理工大学,计算机科学与技术,"['计算机科学', '与', '技术']",4
华北理工大学,数学与应用数学,"['数学', '与', '应用', '数学']",5
华北理工大学,信息与计算科学,"['信息', '与', '计算', '科学']",3
华北理工大学,电气工程及其自动化(中外合作办学),"['电气工程', '及其', '自动化', '(', '中外合作', '办学', ')']",8
华北理工大学,机械设计制造及其自动化(中外合作办学),"['机械设计', '制造', '及其', '自动化', '(', '中外合作', '办学', ')']",7
华北理工大学,化学(中外合作办学),"['化学', '(', '中外合作', '办学', ')']",6
河北科技大学,材料成型及控制工程,"['材料', '成型', '及', '控制工程']",5
河北科技大学,材料类,"['材料', '类']",5
河北科技大学,自动化,['自动化'],6
河北科技大学,电气工程及其自动化,"['电气工程', '及其', '自动化']",8
河北科技大学,人工智能,['人工智能'],6
河北科技大学,机械类,['机械类'],8
河北科技大学,网络空间安全,"['网络空间', '安全']",6
河北科技大学,电子信息类,"['电子信息', '类']",8
河北科技大学,计算机类,"['计算机', '类']",8
河北科技大学,工商管理类,"['工商管理', '类']",5
河北科技大学,管理科学与工程类,"['管理科学', '与', '工程', '类']",5
河北科技大学,应用化学,['应用化学'],4
河北科技大学,制药工程,"['制药', '工程']",6
河北科技大学,药学类,"['药学', '类']",6
河北科技大学,化工与制药类,"['化工', '与', '制药', '类']",10
河北科技大学,土木类,"['土木', '类']",5
河北科技大学,生物科学类,"['生物科学', '类']",4
河北科技大学,食品科学与工程类,"['食品科学', '与', '工程', '类']",4
河北科技大学,纺织工程,"['纺织', '工程']",8
河北科技大学,信息管理与信息系统(中外合作办学),"['信息管理', '与', '信息系统', '(', '中外合作', '办学', ')']",4
河北科技大学,金属材料工程(中外合作办学),"['金属材料', '工程', '(', '中外合作', '办学', ')']",10
河北科技大学,环境科学(中外合作办学),"['环境', '科学', '(', '中外合作', '办学', ')']",6
河北建筑工程学院,土木工程,['土木工程'],2
河北建筑工程学院,道路桥梁与渡河工程,"['道路', '桥梁', '与', '渡河', '工程']",2
河北建筑工程学院,电子信息工程,"['电子', '信息工程']",2
河北建筑工程学院,建筑电气与智能化,"['建筑', '电气', '与', '智能化']",6
河北建筑工程学院,建筑学,['建筑学'],1
河北建筑工程学院,城乡规划,['城乡规划'],2
河北建筑工程学院,工程管理,"['工程', '管理']",2
河北建筑工程学院,工程造价,['工程造价'],2
河北建筑工程学院,财务管理,['财务管理'],2
河北建筑工程学院,能源动力类,"['能源动力', '类']",6
河北建筑工程学院,给排水科学与工程,"['给排水', '科学', '与', '工程']",2
河北建筑工程学院,环境工程,['环境工程'],2
河北建筑工程学院,消防工程,['消防工程'],2
河北建筑工程学院,信息与计算科学,"['信息', '与', '计算', '科学']",2
河北建筑工程学院,应用统计学,"['应用', '统计学']",2
河北建筑工程学院,理论与应用力学,"['理论', '与', '应用力学']",2
河北建筑工程学院,德语,['德语'],2
河北建筑工程学院,信息管理与信息系统,"['信息管理', '与', '信息系统']",2
河北建筑工程学院,信息资源管理,['信息资源管理'],2
河北建筑工程学院,机械设计制造及其自动化,"['机械设计', '制造', '及其', '自动化']",2
河北建筑工程学院,机械电子工程,"['机械', '电子', '工程']",3
河北建筑工程学院,车辆工程,"['车辆', '工程']",3
河北水利电力学院,土木类,"['土木', '类']",8
河北水利电力学院,水利类,"['水利', '类']",5
河北水利电力学院,自动化类,"['自动化', '类']",5
河北水利电力学院,勘查技术与工程,"['勘查', '技术', '与', '工程']",2
河北水利电力学院,测绘工程,"['测绘', '工程']",5
河北水利电力学院,农业水利工程,"['农业', '水利工程']",5
河北水利电力学院,交通工程,"['交通', '工程']",5
河北水利电力学院,房地产开发与管理,"['房地产', '开发', '与', '管理']",5
河北农业大学,园林,['园林'],5
河北农业大学,动物科学,"['动物', '科学']",7
河北农业大学,动物医学,"['动物', '医学']",5
河北农业大学,计算机类,"['计算机', '类']",10
河北农业大学,电气类,"['电气', '类']",10
河北农业大学,机械类,['机械类'],10
河北农业大学,食品科学与工程类,"['食品科学', '与', '工程', '类']",8
河北农业大学,土木类,"['土木', '类']",10
河北农业大学,机械设计制造及其自动化(中外合作办学),"['机械设计', '制造', '及其', '自动化', '(', '中外合作', '办学', ')']",5
河北医科大学,临床医学(5+3一体化),"['临床医学', '(', '5', '+', '3', '一体化', ')']",6
河北医科大学,临床医学,['临床医学'],9
河北医科大学,医学影像学,"['医学', '影像学']",3
河北医科大学,公共卫生与预防医学类,"['公共卫生', '与', '预防', '医学类']",3
河北医科大学,药学类,"['药学', '类']",2
河北医科大学,医学影像技术,"['医学影像', '技术']",2
河北医科大学,护理学类,"['护理学', '类']",5
河北北方学院,临床医学,['临床医学'],5
河北北方学院,医学影像学,"['医学', '影像学']",2
河北北方学院,医学检验技术,"['医学', '检验', '技术']",3
承德医学院,临床医学,['临床医学'],4
承德医学院,中西医临床医学,"['中西医', '临床医学']",4
承德医学院,护理学,['护理学'],3
承德医学院,生物医学工程,"['生物医学', '工程']",3
河北师范大学,公共管理类,"['公共', '管理', '类']",4
河北师范大学,化学,['化学'],5
河北师范大学,软件工程,['软件工程'],12
河北师范大学,计算机类,"['计算机', '类']",11
河北师范大学,历史学类,"['历史学', '类']",5
河北师范大学,生物科学类,"['生物科学', '类']",4
河北师范大学,数学与应用数学(师范类),"['数学', '与', '应用', '数学', '(', '师范类', ')']",8
河北师范大学,外国语言文学类,"['外国', '语言', '文学类']",5
河北师范大学,中国语言文学类,"['中国', '语言', '文学类']",4
河北师范大学,物理学(师范类),"['物理学', '(', '师范类', ')']",5
河北师范大学,新闻传播学类,"['新闻', '传播学', '类']",5
河北师范大学,家政学,['家政学'],4
河北师范大学,学前教育(师范类),"['学前教育', '(', '师范类', ')']",4
河北师范大学,电气工程及其自动化,"['电气工程', '及其', '自动化']",4
河北师范大学,电子信息类,"['电子信息', '类']",5
河北师范大学,建筑环境与能源应用工程,"['建筑', '环境', '与', '能源', '应用', '工程']",6
河北师范大学,地理科学类,"['地理', '科学', '类']",4
河北师范大学,金融工程,"['金融', '工程']",4
河北师范大学,国际经济与贸易,"['国际', '经济', '与', '贸易']",5
河北师范大学,法学,['法学'],4
保定学院,汉语言文学(师范类),"['汉语言', '文学', '(', '师范类', ')']",1
保定学院,秘书学,['秘书学'],1
保定学院,思想政治教育(师范类),"['思想', '政治', '教育', '(', '师范类', ')']",1
保定学院,知识产权,['知识产权'],1
保定学院,投资学,"['投资', '学']",1
保定学院,历史学(师范类),"['历史学', '(', '师范类', ')']",1
保定学院,文物与博物馆学,"['文物', '与', '博物馆学']",1
保定学院,英语(师范类),"['英语', '(', '师范类', ')']",1
保定学院,日语,['日语'],1
保定学院,数学与应用数学(师范类),"['数学', '与', '应用', '数学', '(', '师范类', ')']",1
保定学院,软件工程,['软件工程'],1
保定学院,物理学(师范类),"['物理学', '(', '师范类', ')']",1
保定学院,汽车服务工程,"['汽车', '服务', '工程']",1
保定学院,化学,['化学'],1
保定学院,生物科学,['生物科学'],1
保定学院,环境生态工程,"['环境', '生态', '工程']",1
保定学院,人文地理与城乡规划,"['人文地理', '与', '城乡规划']",1
保定学院,旅游管理与服务教育,"['旅游', '管理', '与', '服务', '教育']",1
保定学院,小学教育(师范类),"['小学', '教育', '(', '师范类', ')']",1
保定学院,学前教育(师范类),"['学前教育', '(', '师范类', ')']",1
保定学院,特殊教育(师范类),"['特殊教育', '(', '师范类', ')']",1
保定学院,物联网工程,"['物', '联网', '工程']",1
保定学院,网络与新媒体,"['网络', '与', '新', '媒体']",1
保定学院,人力资源管理,"['人力', '资源管理']",1
保定学院,物流工程,"['物流', '工程']",1
河北民族师范学院,汉语言文学(师范类),"['汉语言', '文学', '(', '师范类', ')']",2
河北民族师范学院,英语(师范类),"['英语', '(', '师范类', ')']",10
河北民族师范学院,财务管理,['财务管理'],4
唐山师范学院,地理科学(师范类),"['地理', '科学', '(', '师范类', ')']",7
唐山师范学院,旅游管理,"['旅游', '管理']",5
唐山师范学院,数学与应用数学(师范类),"['数学', '与', '应用', '数学', '(', '师范类', ')']",10
唐山师范学院,信息管理与信息系统,"['信息管理', '与', '信息系统']",5
唐山师范学院,电子信息科学与技术,"['电子信息', '科学', '与', '技术']",6
唐山师范学院,园艺,['园艺'],5
廊坊师范学院,汉语言文学(师范类),"['汉语言', '文学', '(', '师范类', ')']",3
廊坊师范学院,英语(师范类),"['英语', '(', '师范类', ')']",4
廊坊师范学院,新闻学,['新闻学'],3
廊坊师范学院,数学与应用数学(师范类),"['数学', '与', '应用', '数学', '(', '师范类', ')']",4
廊坊师范学院,物理学(师范类),"['物理学', '(', '师范类', ')']",4
廊坊师范学院,生物科学类,"['生物科学', '类']",5
廊坊师范学院,材料化学,"['材料', '化学']",4
衡水学院,经济与金融,"['经济', '与', '金融']",2
衡水学院,国际经济与贸易,"['国际', '经济', '与', '贸易']",2
衡水学院,政治学与行政学,"['政治学', '与', '行政', '学']",2
衡水学院,社会工作,['社会工作'],3
衡水学院,思想政治教育(师范类),"['思想', '政治', '教育', '(', '师范类', ')']",2
衡水学院,英语(师范类),"['英语', '(', '师范类', ')']",3
衡水学院,数学与应用数学(师范类),"['数学', '与', '应用', '数学', '(', '师范类', ')']",2
衡水学院,应用化学,['应用化学'],2
衡水学院,生物科学(师范类),"['生物科学', '(', '师范类', ')']",2
衡水学院,生物技术,"['生物', '技术']",2
衡水学院,机械电子工程,"['机械', '电子', '工程']",3
衡水学院,高分子材料与工程,"['高分子', '材料', '与', '工程']",2
衡水学院,电子信息工程,"['电子', '信息工程']",3
衡水学院,计算机科学与技术,"['计算机科学', '与', '技术']",2
衡水学院,网络工程,['网络工程'],2
衡水学院,数字媒体技术,"['数字', '媒体', '技术']",3
衡水学院,化学工程与工艺,"['化学工程', '与', '工艺']",2
衡水学院,环境生态工程,"['环境', '生态', '工程']",3
衡水学院,财务管理,['财务管理'],3
衡水学院,电子商务,['电子商务'],2
衡水学院,智能科学与技术,"['智能科学', '与', '技术']",3
衡水学院,数学与应用数学(中外合作办学),"['数学', '与', '应用', '数学', '(', '中外合作', '办学', ')']",2
石家庄学院,化学(师范类),"['化学', '(', '师范类', ')']",5
石家庄学院,社会工作,['社会工作'],5
石家庄学院,数学与应用数学(师范类),"['数学', '与', '应用', '数学', '(', '师范类', ')']",5
石家庄学院,物理学(师范类),"['物理学', '(', '师范类', ')']",5
石家庄学院,文化产业管理,"['文化产业', '管理']",8
石家庄学院,思想政治教育(师范类),"['思想', '政治', '教育', '(', '师范类', ')']",5
邢台学院,思想政治教育(师范类),"['思想', '政治', '教育', '(', '师范类', ')']",5
邢台学院,数学与应用数学(师范类),"['数学', '与', '应用', '数学', '(', '师范类', ')']",5
邢台学院,财务管理,['财务管理'],5
沧州师范学院,汉语言文学(师范类),"['汉语言', '文学', '(', '师范类', ')']",2
沧州师范学院,英语(师范类),"['英语', '(', '师范类', ')']",2
沧州师范学院,数学与应用数学(师范类),"['数学', '与', '应用', '数学', '(', '师范类', ')']",2
沧州师范学院,物理学(师范类),"['物理学', '(', '师范类', ')']",2
沧州师范学院,生物科学(师范类),"['生物科学', '(', '师范类', ')']",2
沧州师范学院,计算机科学与技术,"['计算机科学', '与', '技术']",3
沧州师范学院,环境工程,['环境工程'],2
石家庄铁道大学,土木类,"['土木', '类']",28
石家庄铁道大学,机械类,['机械类'],18
石家庄铁道大学,建筑环境与能源应用工程,"['建筑', '环境', '与', '能源', '应用', '工程']",4
石家庄铁道大学,工商管理类,"['工商管理', '类']",12
石家庄铁道大学,法学,['法学'],3
石家庄铁道大学,汉语言文学,"['汉语言', '文学']",2
石家庄铁道大学,交通运输类,"['交通运输', '类']",10
石家庄铁道大学,建筑学,['建筑学'],4
石家庄铁道大学,材料类,"['材料', '类']",11
石家庄铁道大学,电气类,"['电气', '类']",12
石家庄铁道大学,电子信息类,"['电子信息', '类']",3
石家庄铁道大学,计算机类,"['计算机', '类']",18
石家庄铁道大学,安全科学与工程类,"['安全', '科学', '与', '工程', '类']",7
石家庄铁道大学,工程力学,['工程力学'],5
石家庄铁道大学,数学与应用数学,"['数学', '与', '应用', '数学']",6
石家庄铁道大学,应用物理学,"['应用', '物理学']",5
石家庄铁道大学,英语,['英语'],2
石家庄铁道大学,管理科学与工程类,"['管理科学', '与', '工程', '类']",4
石家庄铁道大学,土木工程,['土木工程'],8
石家庄铁道大学,机械设计制造及其自动化,"['机械设计', '制造', '及其', '自动化']",3
石家庄铁道大学,电气工程及其自动化,"['电气工程', '及其', '自动化']",2
石家庄铁道大学,物流管理,"['物流', '管理']",9
石家庄铁道大学,机械设计制造及其自动化(中外合作办学),"['机械设计', '制造', '及其', '自动化', '(', '中外合作', '办学', ')']",10
山西大学,汉语言文学,"['汉语言', '文学']",8
山西大学,历史学,['历史学'],4
山西大学,考古学,['考古学'],2
山西大学,旅游管理,"['旅游', '管理']",3
山西大学,哲学类,"['哲学', '类']",5
山西大学,政治学类,"['政治学', '类']",11
山西大学,英语,['英语'],3
山西大学,俄语,['俄语'],2
山西大学,德语,['德语'],1
山西大学,翻译,['翻译'],3
山西大学,教育学,['教育学'],4
山西大学,法学,['法学'],12
山西大学,统计学,['统计学'],6
山西大学,计算机科学与技术,"['计算机科学', '与', '技术']",3
山西大学,数据科学与大数据技术,"['数据', '科学', '与', '大', '数据', '技术']",4
山西大学,人工智能,['人工智能'],3
山西大学,物理学(国家基地),"['物理学', '(', '国家', '基地', ')']",2
山西大学,光电信息科学与工程,"['光电', '信息科学', '与', '工程']",3
山西大学,电子信息类,"['电子信息', '类']",9
山西大学,化学类,"['化学', '类']",12
山西大学,食品科学与工程,"['食品科学', '与', '工程']",3
山西大学,自然地理与资源环境,"['自然地理', '与', '资源', '环境']",3
山西大学,资源循环科学与工程,"['资源', '循环', '科学', '与', '工程']",2
山西大学,环境科学与工程类,"['环境', '科学', '与', '工程', '类']",9
山西大学,新闻传播学类,"['新闻', '传播学', '类']",8
山西大学,食品科学与工程(食品酿造),"['食品科学', '与', '工程', '(', '食品', '酿造', ')']",1
山西大学,能源动力类,"['能源动力', '类']",5
山西大学,电气工程及其自动化,"['电气工程', '及其', '自动化']",10
山西大学,土木工程,['土木工程'],5
山西大学,智慧建筑与建造,"['智慧', '建筑', '与', '建造']",2
山西大学,机械电子工程,"['机械', '电子', '工程']",3
山西大学,测控技术与仪器,"['测控', '技术', '与', '仪器']",1
山西大学,自动化,['自动化'],2
太原科技大学,机械设计制造及其自动化,"['机械设计', '制造', '及其', '自动化']",12
太原科技大学,机械电子工程,"['机械', '电子', '工程']",4
太原科技大学,车辆工程(新能源汽车方向),"['车辆', '工程', '(', '新能源', '汽车', '方向', ')']",4
太原科技大学,材料成型及控制工程,"['材料', '成型', '及', '控制工程']",8
太原科技大学,焊接技术与工程,"['焊接', '技术', '与', '工程']",2
太原科技大学,材料科学与工程,"['材料科学', '与', '工程']",2
太原科技大学,冶金工程,"['冶金', '工程']",2
太原科技大学,功能材料,"['功能', '材料']",2
太原科技大学,自动化,['自动化'],2
太原科技大学,电气工程及其自动化,"['电气工程', '及其', '自动化']",4
太原科技大学,电子信息工程,"['电子', '信息工程']",2
太原科技大学,工程力学,['工程力学'],2
太原科技大学,光电信息科学与工程,"['光电', '信息科学', '与', '工程']",2
太原科技大学,数据计算及应用,"['数据', '计算', '及', '应用']",2
太原科技大学,应用统计学,"['应用', '统计学']",2
太原科技大学,环境工程,['环境工程'],2
太原科技大学,环境科学,"['环境', '科学']",2
太原科技大学,环保设备工程,"['环保', '设备', '工程']",2
太原科技大学,交通运输,['交通运输'],2
太原科技大学,交通工程,"['交通', '工程']",2
太原科技大学,化学工程与工艺,"['化学工程', '与', '工艺']",2
太原科技大学,过程装备与控制工程,"['过程', '装备', '与', '控制工程']",2
太原科技大学,油气储运工程,"['油气', '储运', '工程']",2
太原科技大学,能源化学工程,"['能源', '化学工程']",2
太原科技大学,计算机科学与技术,"['计算机科学', '与', '技术']",2
太原科技大学,软件工程,['软件工程'],2
太原科技大学,物联网工程,"['物', '联网', '工程']",2
太原科技大学,智能科学与技术,"['智能科学', '与', '技术']",2
太原科技大学,经济学,['经济学'],2
太原科技大学,会计学,['会计学'],2
太原科技大学,信息管理与信息系统,"['信息管理', '与', '信息系统']",2
太原科技大学,工业工程(标准化方向),"['工业', '工程', '(', '标准化', '方向', ')']",2
太原科技大学,日语,['日语'],4
太原科技大学,应急技术与管理,"['应急', '技术', '与', '管理']",4
太原科技大学,智能装备与系统,"['智能', '装备', '与', '系统']",4
中北大学,经济统计学,"['经济', '统计学']",5
中北大学,国际经济与贸易,"['国际', '经济', '与', '贸易']",6
中北大学,制药工程,"['制药', '工程']",4
中北大学,光电信息科学与工程,"['光电', '信息科学', '与', '工程']",8
中北大学,信息对抗技术,"['信息', '对抗', '技术']",6
中北大学,新能源汽车工程,"['新能源', '汽车', '工程']",2
中北大学,自动化,['自动化'],5
中北大学,能源动力类,"['能源动力', '类']",6
中北大学,车辆工程,"['车辆', '工程']",2
中北大学,包装工程,"['包装', '工程']",8
中北大学,电气工程及其自动化,"['电气工程', '及其', '自动化']",8
中北大学,兵器类,"['兵器', '类']",20
中北大学,航空航天类,"['航空航天', '类']",10
中北大学,机械类,['机械类'],25
中北大学,高分子材料与工程,"['高分子', '材料', '与', '工程']",8
中北大学,材料成型及控制工程,"['材料', '成型', '及', '控制工程']",4
中北大学,化工与制药类,"['化工', '与', '制药', '类']",12
中北大学,生物工程,['生物工程'],9
中北大学,电子信息类,"['电子信息', '类']",28
中北大学,生物医学工程,"['生物医学', '工程']",2
中北大学,仪器类,"['仪器', '类']",27
中北大学,计算机科学与技术,"['计算机科学', '与', '技术']",8
中北大学,数学类,"['数学', '类']",8
中北大学,土木类,"['土木', '类']",9
中北大学,工程力学,['工程力学'],4
中北大学,统计学,['统计学'],4
中北大学,应用化学,['应用化学'],10
中北大学,应用物理学,"['应用', '物理学']",8
中北大学,工商管理类,"['工商管理', '类']",13
中北大学,工业工程,"['工业', '工程']",2
中北大学,广播电视学,"['广播电视', '学']",7
中北大学,英语,['英语'],6
中北大学,特种能源技术与工程,"['特种', '能源技术', '与', '工程']",8
中北大学,环境工程,['环境工程'],9
中北大学,安全工程,['安全工程'],10
中北大学,复合材料与工程,"['复合材料', '与', '工程']",6
中北大学,无机非金属材料工程,"['无机', '非金属材料', '工程']",6
中北大学,金属材料工程,"['金属材料', '工程']",6
中北大学,数据科学与大数据技术,"['数据', '科学', '与', '大', '数据', '技术']",5
中北大学,物联网工程,"['物', '联网', '工程']",5
中北大学,电气工程与智能控制,"['电气工程', '与', '智能', '控制']",7
中北大学,轨道交通信号与控制,"['轨道交通', '信号', '与', '控制']",6
太原理工大学,机械设计制造及其自动化,"['机械设计', '制造', '及其', '自动化']",8
太原理工大学,车辆工程,"['车辆', '工程']",6
太原理工大学,工业设计,"['工业', '设计']",3
太原理工大学,材料成型及控制工程,"['材料', '成型', '及', '控制工程']",10
太原理工大学,材料科学与工程,"['材料科学', '与', '工程']",5
太原理工大学,能源与动力工程,"['能源', '与', '动力工程']",4
太原理工大学,自动化,['自动化'],8
太原理工大学,通信工程,['通信工程'],4
太原理工大学,电子信息工程,"['电子', '信息工程']",6
太原理工大学,电子科学与技术,"['电子', '科学', '与', '技术']",1
太原理工大学,建筑学,['建筑学'],4
太原理工大学,城乡规划,['城乡规划'],5
太原理工大学,化学工程与工艺,"['化学工程', '与', '工艺']",8
太原理工大学,制药工程,"['制药', '工程']",4
太原理工大学,化学工程与工艺(试验班),"['化学工程', '与', '工艺', '(', '试验班', ')']",1
太原理工大学,环境工程,['环境工程'],8
太原理工大学,建筑环境与能源应用工程,"['建筑', '环境', '与', '能源', '应用', '工程']",2
太原理工大学,安全工程,['安全工程'],4
太原理工大学,城市地下空间工程,"['城市', '地下', '空间', '工程']",4
太原理工大学,测绘工程,"['测绘', '工程']",4
太原理工大学,地质工程,"['地质', '工程']",4
太原理工大学,物流管理(航空物流),"['物流', '管理', '(', '航空', '物流', ')']",2
太原理工大学,数学与应用数学,"['数学', '与', '应用', '数学']",1
太原理工大学,信息与计算科学,"['信息', '与', '计算', '科学']",2
太原理工大学,统计学,['统计学'],4
太原理工大学,光电信息科学与工程,"['光电', '信息科学', '与', '工程']",6
太原理工大学,应用物理学,"['应用', '物理学']",3
太原理工大学,工程力学,['工程力学'],1
太原理工大学,生物医学工程,"['生物医学', '工程']",4
太原理工大学,法学,['法学'],5
太原理工大学,行政管理,"['行政', '管理']",3
太原理工大学,英语,['英语'],4
太原理工大学,英语(英俄双语方向),"['英语', '(', '英俄', '双语', '方向', ')']",2
太原理工大学,英语(英日双语方向),"['英语', '(', '英', '日', '双语', '方向', ')']",4
太原理工大学,工程管理,"['工程', '管理']",8
太原理工大学,会计学,['会计学'],2
太原理工大学,国际经济与贸易,"['国际', '经济', '与', '贸易']",3
太原理工大学,计算机科学与技术,"['计算机科学', '与', '技术']",4
太原理工大学,机械电子工程,"['机械', '电子', '工程']",8
太原理工大学,道路桥梁与渡河工程,"['道路', '桥梁', '与', '渡河', '工程']",2
太原理工大学,土木工程(试验班),"['土木工程', '(', '试验班', ')']",1
太原理工大学,思想政治教育,"['思想', '政治', '教育']",4
太原理工大学,电气工程及其自动化,"['电气工程', '及其', '自动化']",10
太原理工大学,物流管理,"['物流', '管理']",4
太原理工大学,土木工程,['土木工程'],8
太原理工大学,数据科学与大数据技术,"['数据', '科学', '与', '大', '数据', '技术']",6
太原理工大学,过程装备与控制工程,"['过程', '装备', '与', '控制工程']",3
太原理工大学,机器人工程,"['机器人', '工程']",2
太原理工大学,飞行器设计与工程,"['飞行器', '设计', '与', '工程']",4
太原理工大学,水利水电工程,"['水利水电', '工程']",5
太原理工大学,给排水科学与工程,"['给排水', '科学', '与', '工程']",6
太原理工大学,数学与应用数学(试验班),"['数学', '与', '应用', '数学', '(', '试验班', ')']",1
太原理工大学,应用化学,['应用化学'],6
太原理工大学,工程力学(试验班),"['工程力学', '(', '试验班', ')']",2
太原理工大学,智能感知工程,"['智能', '感知', '工程']",2
太原理工大学,材料科学与工程(试验班),"['材料科学', '与', '工程', '(', '试验班', ')']",1
太原理工大学,高分子材料与工程,"['高分子', '材料', '与', '工程']",3
太原理工大学,电子科学与技术(集成电路),"['电子', '科学', '与', '技术', '(', '集成电路', ')']",2
太原理工大学,物联网工程,"['物', '联网', '工程']",2
太原理工大学,网络空间安全,"['网络空间', '安全']",2
太原理工大学,智能测控工程,"['智能', '测控', '工程']",2
太原理工大学,区块链工程,"['区块', '链', '工程']",2
太原理工大学,机械设计制造及其自动化(中外合作办学),"['机械设计', '制造', '及其', '自动化', '(', '中外合作', '办学', ')']",10
山西农业大学,农学(卓越人才实验班),"['农学', '(', '卓越', '人才', '实验班', ')']",3
山西农业大学,农学,['农学'],10
山西农业大学,智慧农业,"['智慧', '农业']",2
山西农业大学,植物保护(卓越人才实验班),"['植物保护', '(', '卓越', '人才', '实验班', ')']",2
山西农业大学,植物保护(本硕统筹培养),"['植物保护', '(', '本硕', '统筹', '培养', ')']",3
山西农业大学,植物保护,['植物保护'],2
山西农业大学,动植物检疫(植物检疫方向),"['动植物', '检疫', '(', '植物检疫', '方向', ')']",3
山西农业大学,生物农药科学与工程,"['生物农药', '科学', '与', '工程']",3
山西农业大学,动物科学(卓越人才实验班),"['动物', '科学', '(', '卓越', '人才', '实验班', ')']",3
山西农业大学,动物科学,"['动物', '科学']",10
山西农业大学,经济动物学,"['经济', '动物学']",5
山西农业大学,动物医学(本硕统筹培养),"['动物', '医学', '(', '本硕', '统筹', '培养', ')']",3
山西农业大学,动物医学,"['动物', '医学']",5
山西农业大学,动植物检疫,"['动植物', '检疫']",3
山西农业大学,兽医公共卫生,"['兽医', '公共卫生']",2
山西农业大学,草业科学,"['草业', '科学']",6
山西农业大学,林学(卓越人才实验班),"['林学', '(', '卓越', '人才', '实验班', ')']",2
山西农业大学,林学类,"['林学', '类']",10
山西农业大学,生态学,['生态学'],2
山西农业大学,园林,['园林'],2
山西农业大学,水土保持与荒漠化防治,"['水土保持', '与', '荒漠化', '防治']",5
山西农业大学,农业资源与环境,"['农业', '资源', '与', '环境']",3
山西农业大学,土地资源管理,"['土地', '资源管理']",2
山西农业大学,土地资源管理(卓越人才实验班),"['土地', '资源管理', '(', '卓越', '人才', '实验班', ')']",2
山西农业大学,地理信息科学,"['地理信息', '科学']",3
山西农业大学,土地整治工程,"['土地', '整治', '工程']",3
山西农业大学,环境科学,"['环境', '科学']",3
山西农业大学,园艺(花卉与景观设计方向，卓越人才实验班),"['园艺', '(', '花卉', '与', '景观设计', '方向', '，', '卓越', '人才', '实验班', ')']",2
山西农业大学,园艺,['园艺'],17
山西农业大学,农业机械化及其自动化(卓越人才实验班),"['农业', '机械化', '及其', '自动化', '(', '卓越', '人才', '实验班', ')']",3
山西农业大学,电气工程及其自动化,"['电气工程', '及其', '自动化']",3
山西农业大学,机械类,['机械类'],5
山西农业大学,农业工程类,"['农业', '工程', '类']",2
山西农业大学,农业智能装备工程,"['农业', '智能', '装备', '工程']",2
山西农业大学,食品质量与安全(卓越人才实验班),"['食品质量', '与', '安全', '(', '卓越', '人才', '实验班', ')']",3
山西农业大学,食品科学与工程(卓越人才实验班),"['食品科学', '与', '工程', '(', '卓越', '人才', '实验班', ')']",3
山西农业大学,食品质量与安全,"['食品质量', '与', '安全']",3
山西农业大学,食品科学与工程,"['食品科学', '与', '工程']",3
山西农业大学,葡萄与葡萄酒工程,"['葡萄', '与', '葡萄酒', '工程']",3
山西农业大学,食用菌科学与工程,"['食用菌', '科学', '与', '工程']",5
山西农业大学,农林经济管理(卓越人才实验班),"['农林', '经济', '管理', '(', '卓越', '人才', '实验班', ')']",2
山西农业大学,农林经济管理,"['农林', '经济', '管理']",2
山西农业大学,农村区域发展,"['农村', '区域', '发展']",2
山西农业大学,市场营销,['市场营销'],2
山西农业大学,物流管理,"['物流', '管理']",2
山西农业大学,国际经济与贸易,"['国际', '经济', '与', '贸易']",2
山西农业大学,计算机类,"['计算机', '类']",2
山西农业大学,机器人工程,"['机器人', '工程']",2
山西农业大学,电子信息科学与技术,"['电子信息', '科学', '与', '技术']",2
山西农业大学,法学,['法学'],2
山西农业大学,公共事业管理,"['公共事业', '管理']",2
山西农业大学,行政管理,"['行政', '管理']",2
山西农业大学,生物科学(卓越人才实验班),"['生物科学', '(', '卓越', '人才', '实验班', ')']",3
山西农业大学,生物科学类,"['生物科学', '类']",8
山西农业大学,中药资源与开发,"['中药', '资源', '与', '开发']",3
山西农业大学,数据科学与大数据技术,"['数据', '科学', '与', '大', '数据', '技术']",3
山西农业大学,智能科学与技术,"['智能科学', '与', '技术']",2
山西农业大学,土木工程,['土木工程'],6
山西农业大学,农业水利工程,"['农业', '水利工程']",2
山西农业大学,城乡规划,['城乡规划'],5
山西农业大学,风景园林,['风景园林'],3
山西农业大学,应用化学,['应用化学'],3
山西农业大学,信息与计算科学,"['信息', '与', '计算', '科学']",2
山西农业大学,英语,['英语'],2
山西医科大学,临床医学(5+3一体化),"['临床医学', '(', '5', '+', '3', '一体化', ')']",4
山西医科大学,临床医学(5+3一体化儿科学),"['临床医学', '(', '5', '+', '3', '一体化', '儿科学', ')']",2
山西医科大学,临床医学,['临床医学'],4
山西医科大学,基础医学,['基础医学'],2
山西医科大学,麻醉学,['麻醉学'],1
山西医科大学,医学影像学,"['医学', '影像学']",1
山西医科大学,眼视光医学,"['眼视光', '医学']",1
山西医科大学,精神医学,"['精神', '医学']",1
山西医科大学,儿科学,['儿科学'],1
山西医科大学,口腔医学,['口腔医学'],2
山西医科大学,预防医学,"['预防', '医学']",3
山西医科大学,药学,['药学'],4
山西医科大学,临床药学,"['临床', '药学']",3
山西医科大学,中药学,['中药学'],3
山西医科大学,法医学,['法医学'],2
山西医科大学,医学检验技术,"['医学', '检验', '技术']",1
山西医科大学,医学影像技术,"['医学影像', '技术']",3
山西医科大学,康复治疗学,"['康复', '治疗学']",2
山西医科大学,卫生检验与检疫,"['卫生', '检验', '与', '检疫']",1
山西医科大学,护理学,['护理学'],3
山西医科大学,智能医学工程,"['智能', '医学工程']",4
山西医科大学,生物医学工程(临床工程),"['生物医学', '工程', '(', '临床', '工程', ')']",3
山西医科大学,信息管理与信息系统(医学信息学方向),"['信息管理', '与', '信息系统', '(', '医学', '信息学', '方向', ')']",2
山西医科大学,社会工作,['社会工作'],3
山西医科大学,公共事业管理(卫生事业管理方向),"['公共事业', '管理', '(', '卫生事业', '管理', '方向', ')']",3
山西医科大学,生物制药,['生物制药'],3
山西医科大学,运动康复,"['运动', '康复']",3
山西医科大学,临床医学,['临床医学'],5
山西医科大学,麻醉学,['麻醉学'],1
山西医科大学,医学影像学,"['医学', '影像学']",1
山西医科大学,眼视光医学,"['眼视光', '医学']",2
山西医科大学,口腔医学,['口腔医学'],1
山西医科大学,医学检验技术,"['医学', '检验', '技术']",3
山西医科大学,医学实验技术,"['医学', '实验', '技术']",1
山西医科大学,眼视光学,"['眼视', '光学']",1
山西医科大学,康复治疗学,"['康复', '治疗学']",2
山西医科大学,护理学,['护理学'],4
山西医科大学,助产学,"['助产', '学']",2
山西医科大学,健康服务与管理,"['健康', '服务', '与', '管理']",2
长治医学院,临床医学,['临床医学'],18
长治医学院,麻醉学,['麻醉学'],1
长治医学院,医学影像学,"['医学', '影像学']",1
长治医学院,精神医学,"['精神', '医学']",1
长治医学院,口腔医学,['口腔医学'],1
长治医学院,预防医学,"['预防', '医学']",1
长治医学院,药学,['药学'],2
长治医学院,医学检验技术,"['医学', '检验', '技术']",1
长治医学院,医学影像技术,"['医学影像', '技术']",1
长治医学院,康复治疗学,"['康复', '治疗学']",1
长治医学院,护理学,['护理学'],3
长治医学院,信息管理与信息系统,"['信息管理', '与', '信息系统']",1
长治医学院,助产学,"['助产', '学']",1
长治医学院,中药学,['中药学'],1
长治医学院,应用心理学,"['应用', '心理学']",1
长治医学院,生物医学工程,"['生物医学', '工程']",3
长治医学院,传播学,['传播学'],2
山西师范大学,法学,['法学'],2
山西师范大学,社会学,['社会学'],2
山西师范大学,思想政治教育(师范类),"['思想', '政治', '教育', '(', '师范类', ')']",3
山西师范大学,教育学(师范类),"['教育学', '(', '师范类', ')']",2
山西师范大学,教育技术学(师范类),"['教育', '技术', '学', '(', '师范类', ')']",3
山西师范大学,日语(师范类),"['日语', '(', '师范类', ')']",2
山西师范大学,历史学(师范类),"['历史学', '(', '师范类', ')']",2
山西师范大学,编辑出版学,"['编辑', '出版学']",2
山西师范大学,物理学(师范类),"['物理学', '(', '师范类', ')']",2
山西师范大学,自然地理与资源环境,"['自然地理', '与', '资源', '环境']",2
山西师范大学,人文地理与城乡规划,"['人文地理', '与', '城乡规划']",2
山西师范大学,地理信息科学,"['地理信息', '科学']",2
山西师范大学,生物科学类,"['生物科学', '类']",2
山西师范大学,生态学,['生态学'],3
山西师范大学,心理学(师范类),"['心理学', '(', '师范类', ')']",3
山西师范大学,电子信息工程,"['电子', '信息工程']",2
山西师范大学,环境生态工程,"['环境', '生态', '工程']",3
山西师范大学,食品科学与工程,"['食品科学', '与', '工程']",3
山西师范大学,食品质量与安全,"['食品质量', '与', '安全']",2
山西师范大学,园艺(师范类),"['园艺', '(', '师范类', ')']",3
山西师范大学,旅游管理,"['旅游', '管理']",2
山西师范大学,地理科学(师范类),"['地理', '科学', '(', '师范类', ')']",2
太原师范学院,政治学与行政学,"['政治学', '与', '行政', '学']",2
太原师范学院,思想政治教育(师范类),"['思想', '政治', '教育', '(', '师范类', ')']",3
太原师范学院,人文教育(师范类),"['人文', '教育', '(', '师范类', ')']",2
太原师范学院,学前教育(师范类),"['学前教育', '(', '师范类', ')']",3
太原师范学院,小学教育(师范类),"['小学', '教育', '(', '师范类', ')']",3
太原师范学院,汉语言文学(师范类),"['汉语言', '文学', '(', '师范类', ')']",5
太原师范学院,英语(师范类),"['英语', '(', '师范类', ')']",6
太原师范学院,历史学(师范类),"['历史学', '(', '师范类', ')']",5
太原师范学院,数学与应用数学(师范类),"['数学', '与', '应用', '数学', '(', '师范类', ')']",10
太原师范学院,信息与计算科学,"['信息', '与', '计算', '科学']",3
太原师范学院,物理学(师范类),"['物理学', '(', '师范类', ')']",4
太原师范学院,科学教育(师范类),"['科学', '教育', '(', '师范类', ')']",2
太原师范学院,化学(师范类),"['化学', '(', '师范类', ')']",4
太原师范学院,应用化学,['应用化学'],2
太原师范学院,生物科学(师范类),"['生物科学', '(', '师范类', ')']",4
太原师范学院,生物技术,"['生物', '技术']",2
太原师范学院,地理科学(师范类),"['地理', '科学', '(', '师范类', ')']",4
太原师范学院,自然地理与资源环境,"['自然地理', '与', '资源', '环境']",2
太原师范学院,计算机科学与技术(师范类),"['计算机科学', '与', '技术', '(', '师范类', ')']",4
太原师范学院,数据科学与大数据技术,"['数据', '科学', '与', '大', '数据', '技术']",2
太原师范学院,土地资源管理,"['土地', '资源管理']",3
山西大同大学,法学,['法学'],10
山西大同大学,数学与应用数学(师范类),"['数学', '与', '应用', '数学', '(', '师范类', ')']",10
山西大同大学,临床医学,['临床医学'],35
山西大同大学,中医学,['中医学'],10
晋中学院,小学教育(师范类),"['小学', '教育', '(', '师范类', ')']",9
晋中学院,汉语言文学(师范类),"['汉语言', '文学', '(', '师范类', ')']",9
晋中学院,旅游管理,"['旅游', '管理']",9
晋中学院,酒店管理,"['酒店', '管理']",9
晋中学院,数学与应用数学(师范类),"['数学', '与', '应用', '数学', '(', '师范类', ')']",8
晋中学院,物理学(师范类),"['物理学', '(', '师范类', ')']",5
晋中学院,应用化学,['应用化学'],4
晋中学院,生物技术,"['生物', '技术']",5
晋中学院,机械设计制造及其自动化,"['机械设计', '制造', '及其', '自动化']",6
晋中学院,翻译,['翻译'],6
晋中学院,会展经济与管理,"['会展经济', '与', '管理']",9
长治学院,汉语言文学(师范类),"['汉语言', '文学', '(', '师范类', ')']",4
长治学院,新闻学,['新闻学'],1
长治学院,网络与新媒体,"['网络', '与', '新', '媒体']",1
长治学院,历史学(师范类),"['历史学', '(', '师范类', ')']",2
长治学院,旅游管理,"['旅游', '管理']",2
长治学院,文化遗产,['文化遗产'],2
长治学院,酒店管理,"['酒店', '管理']",2
长治学院,法学,['法学'],2
长治学院,经济学,['经济学'],2
长治学院,财务管理,['财务管理'],2
长治学院,思想政治教育(师范类),"['思想', '政治', '教育', '(', '师范类', ')']",4
长治学院,英语(师范类),"['英语', '(', '师范类', ')']",2
长治学院,商务英语,['商务英语'],2
长治学院,翻译,['翻译'],2
长治学院,学前教育(师范类),"['学前教育', '(', '师范类', ')']",2
长治学院,数学与应用数学(师范类),"['数学', '与', '应用', '数学', '(', '师范类', ')']",2
长治学院,应用统计学,"['应用', '统计学']",2
长治学院,物理学(师范类),"['物理学', '(', '师范类', ')']",2
长治学院,光电信息科学与工程,"['光电', '信息科学', '与', '工程']",1
长治学院,电子信息科学与技术,"['电子信息', '科学', '与', '技术']",1
长治学院,科学教育(师范类),"['科学', '教育', '(', '师范类', ')']",1
长治学院,生物科学(师范类),"['生物科学', '(', '师范类', ')']",1
长治学院,生物技术,"['生物', '技术']",1
长治学院,环境生态工程,"['环境', '生态', '工程']",1
长治学院,化学(师范类),"['化学', '(', '师范类', ')']",1
长治学院,化学生物学,"['化学', '生物学']",1
长治学院,药物化学,"['药物', '化学']",1
长治学院,计算机科学与技术,"['计算机科学', '与', '技术']",1
长治学院,网络工程,['网络工程'],1
长治学院,数据科学与大数据技术,"['数据', '科学', '与', '大', '数据', '技术']",1
运城学院,机械设计制造及其自动化,"['机械设计', '制造', '及其', '自动化']",10
运城学院,机械电子工程,"['机械', '电子', '工程']",20
运城学院,网络工程,['网络工程'],10
运城学院,食品科学与工程,"['食品科学', '与', '工程']",10
运城学院,园林,['园林'],5
运城学院,电子科学与技术(印制电路技术与工艺方向),"['电子', '科学', '与', '技术', '(', '印制电路', '技术', '与', '工艺', '方向', ')']",10
运城学院,材料科学与工程,"['材料科学', '与', '工程']",10
运城学院,新能源科学与工程,"['新', '能源科学', '与', '工程']",10
忻州师范学院,地理科学(师范类),"['地理', '科学', '(', '师范类', ')']",2
忻州师范学院,通信工程,['通信工程'],5
忻州师范学院,电子信息科学与技术,"['电子信息', '科学', '与', '技术']",4
忻州师范学院,法学,['法学'],3
忻州师范学院,化学(师范类),"['化学', '(', '师范类', ')']",3
忻州师范学院,应用化学,['应用化学'],8
忻州师范学院,计算机科学与技术(师范类),"['计算机科学', '与', '技术', '(', '师范类', ')']",4
忻州师范学院,数字媒体技术,"['数字', '媒体', '技术']",4
忻州师范学院,数据科学与大数据技术,"['数据', '科学', '与', '大', '数据', '技术']",3
忻州师范学院,心理学(师范类),"['心理学', '(', '师范类', ')']",1
忻州师范学院,人文地理与城乡规划,"['人文地理', '与', '城乡规划']",1
忻州师范学院,旅游管理,"['旅游', '管理']",1
忻州师范学院,数学与应用数学(师范类),"['数学', '与', '应用', '数学', '(', '师范类', ')']",3
忻州师范学院,英语(师范类),"['英语', '(', '师范类', ')']",3
忻州师范学院,翻译,['翻译'],1
忻州师范学院,科学教育(师范类),"['科学', '教育', '(', '师范类', ')']",2
忻州师范学院,审计学,['审计学'],6
忻州师范学院,工商管理,['工商管理'],5
忻州师范学院,财务管理,['财务管理'],4
忻州师范学院,历史学(师范类),"['历史学', '(', '师范类', ')']",3
忻州师范学院,思想政治教育(师范类),"['思想', '政治', '教育', '(', '师范类', ')']",1
忻州师范学院,汉语言文学(师范类),"['汉语言', '文学', '(', '师范类', ')']",3
忻州师范学院,网络与新媒体,"['网络', '与', '新', '媒体']",2
山西财经大学,经济学,['经济学'],3
山西财经大学,能源经济,['能源经济'],3
山西财经大学,统计学,['统计学'],4
山西财经大学,经济统计学,"['经济', '统计学']",3
山西财经大学,应用统计学,"['应用', '统计学']",2
山西财经大学,国际经济与贸易,"['国际', '经济', '与', '贸易']",4
山西财经大学,贸易经济,"['贸易', '经济']",3
山西财经大学,农林经济管理,"['农林', '经济', '管理']",4
山西财经大学,国际商务,"['国际', '商务']",3
山西财经大学,财政学,['财政学'],2
山西财经大学,金融学,['金融学'],6
山西财经大学,金融工程,"['金融', '工程']",2
山西财经大学,保险学,['保险学'],2
山西财经大学,税收学,"['税收', '学']",2
山西财经大学,法学,['法学'],4
山西财经大学,商务英语,['商务英语'],2
山西财经大学,管理科学,['管理科学'],2
山西财经大学,工程管理,"['工程', '管理']",2
山西财经大学,房地产开发与管理,"['房地产', '开发', '与', '管理']",2
山西财经大学,工程造价,['工程造价'],2
山西财经大学,信息管理与信息系统,"['信息管理', '与', '信息系统']",2
山西财经大学,计算机科学与技术,"['计算机科学', '与', '技术']",2
山西财经大学,电子商务,['电子商务'],2
山西财经大学,工商管理,['工商管理'],2
山西财经大学,市场营销,['市场营销'],3
山西财经大学,物流管理,"['物流', '管理']",4
山西财经大学,会计学,['会计学'],3
山西财经大学,财务管理,['财务管理'],2
山西财经大学,审计学,['审计学'],3
山西财经大学,资产评估,"['资产', '评估']",1
山西财经大学,劳动与社会保障,"['劳动', '与', '社会保障']",2
山西财经大学,人力资源管理,"['人力', '资源管理']",3
山西财经大学,行政管理,"['行政', '管理']",1
山西财经大学,国民经济管理,"['国民经济', '管理']",2
山西财经大学,土地资源管理,"['土地', '资源管理']",2
山西财经大学,新闻学,['新闻学'],2
山西财经大学,文化产业管理,"['文化产业', '管理']",2
山西财经大学,旅游管理,"['旅游', '管理']",4
山西财经大学,网络与新媒体,"['网络', '与', '新', '媒体']",1
山西财经大学,信息与计算科学,"['信息', '与', '计算', '科学']",1
山西财经大学,金融数学,"['金融', '数学']",2
山西财经大学,自然地理与资源环境,"['自然地理', '与', '资源', '环境']",2
山西财经大学,人文地理与城乡规划,"['人文地理', '与', '城乡规划']",2
山西财经大学,资源与环境经济学,"['资源', '与', '环境', '经济学']",3
山西财经大学,数据科学与大数据技术,"['数据', '科学', '与', '大', '数据', '技术']",2
山西财经大学,汉语国际教育,"['汉语', '国际', '教育']",1
山西财经大学,金融科技,"['金融', '科技']",3
山西财经大学,应急管理,"['应急', '管理']",2
山西财经大学,地理信息科学,"['地理信息', '科学']",2
山西财经大学,金融学(中外合作办学),"['金融学', '(', '中外合作', '办学', ')']",5
山西财经大学,会计学(中外合作办学),"['会计学', '(', '中外合作', '办学', ')']",5
内蒙古大学,哲学,['哲学'],1
内蒙古大学,哲学,['哲学'],1
内蒙古大学,法学,['法学'],2
内蒙古大学,纪检监察,['纪检监察'],1
内蒙古大学,政治学与行政学,"['政治学', '与', '行政', '学']",1
内蒙古大学,社会学,['社会学'],2
内蒙古大学,社会工作,['社会工作'],1
内蒙古大学,政治学、经济学与哲学,"['政治学', '、', '经济学', '与', '哲学']",1
内蒙古大学,汉语言文学,"['汉语言', '文学']",2
内蒙古大学,汉语言文学,"['汉语言', '文学']",2
内蒙古大学,汉语国际教育,"['汉语', '国际', '教育']",1
内蒙古大学,英语,['英语'],2
内蒙古大学,俄语,['俄语'],1
内蒙古大学,日语,['日语'],1
内蒙古大学,新闻学,['新闻学'],2
内蒙古大学,网络与新媒体,"['网络', '与', '新', '媒体']",1
内蒙古大学,历史学,['历史学'],1
内蒙古大学,历史学,['历史学'],2
内蒙古大学,考古学,['考古学'],1
内蒙古大学,行政管理,"['行政', '管理']",1
内蒙古大学,劳动与社会保障,"['劳动', '与', '社会保障']",1
内蒙古大学,土地资源管理,"['土地', '资源管理']",1
内蒙古大学,旅游管理,"['旅游', '管理']",1
内蒙古大学,经济学,['经济学'],3
内蒙古大学,金融学,['金融学'],3
内蒙古大学,数学类,"['数学', '类']",4
内蒙古大学,数理基础科学,"['数理', '基础科学']",2
内蒙古大学,物理学,['物理学'],2
内蒙古大学,物理学类,"['物理学', '类']",4
内蒙古大学,化学,['化学'],3
内蒙古大学,应用化学,['应用化学'],3
内蒙古大学,大气科学,"['大气', '科学']",2
内蒙古大学,生物科学,['生物科学'],3
内蒙古大学,生物科学,['生物科学'],2
内蒙古大学,生物科学,['生物科学'],1
内蒙古大学,生物技术,"['生物', '技术']",2
内蒙古大学,生物技术,"['生物', '技术']",1
内蒙古大学,生态学,['生态学'],3
内蒙古大学,机械工程,['机械工程'],8
内蒙古大学,车辆工程,"['车辆', '工程']",6
内蒙古大学,材料化学,"['材料', '化学']",3
内蒙古大学,电子信息类,"['电子信息', '类']",5
内蒙古大学,电子科学与技术,"['电子', '科学', '与', '技术']",4
内蒙古大学,计算机科学与技术,"['计算机科学', '与', '技术']",2
内蒙古大学,软件工程,['软件工程'],5
内蒙古大学,数据科学与大数据技术,"['数据', '科学', '与', '大', '数据', '技术']",1
内蒙古大学,土木工程,['土木工程'],8
内蒙古大学,道路桥梁与渡河工程,"['道路', '桥梁', '与', '渡河', '工程']",5
内蒙古大学,化学工程与工艺,"['化学工程', '与', '工艺']",3
内蒙古大学,交通运输,['交通运输'],5
内蒙古大学,环境工程,['环境工程'],2
内蒙古大学,环境科学,"['环境', '科学']",1
内蒙古大学,环境生态工程,"['环境', '生态', '工程']",2
内蒙古大学,食品科学与工程,"['食品科学', '与', '工程']",1
内蒙古大学,生物工程,['生物工程'],2
内蒙古大学,园艺,['园艺'],3
内蒙古大学,信息管理与信息系统,"['信息管理', '与', '信息系统']",1
内蒙古大学,工程管理,"['工程', '管理']",5
内蒙古大学,工商管理,['工商管理'],2
内蒙古大学,会计学,['会计学'],2
内蒙古大学,物流管理,"['物流', '管理']",6
内蒙古科技大学,金融学,['金融学'],2
内蒙古科技大学,国际经济与贸易,"['国际', '经济', '与', '贸易']",1
内蒙古科技大学,社会工作,['社会工作'],1
内蒙古科技大学,思想政治教育,"['思想', '政治', '教育']",1
内蒙古科技大学,汉语言文学,"['汉语言', '文学']",1
内蒙古科技大学,工商管理,['工商管理'],2
内蒙古科技大学,市场营销,['市场营销'],1
内蒙古科技大学,会计学,['会计学'],5
内蒙古科技大学,人力资源管理,"['人力', '资源管理']",1
内蒙古科技大学,应用物理学,"['应用', '物理学']",1
内蒙古科技大学,材料成型及控制工程,"['材料', '成型', '及', '控制工程']",5
内蒙古科技大学,冶金工程,"['冶金', '工程']",22
内蒙古科技大学,能源与动力工程,"['能源', '与', '动力工程']",1
内蒙古科技大学,智能建造,"['智能', '建造']",1
内蒙古科技大学,环境工程,['环境工程'],6
内蒙古科技大学,信息管理与信息系统,"['信息管理', '与', '信息系统']",3
内蒙古科技大学,建筑学,['建筑学'],4
内蒙古科技大学,计算机科学与技术,"['计算机科学', '与', '技术']",5
内蒙古科技大学,应用化学,['应用化学'],1
内蒙古科技大学,安全工程,['安全工程'],4
内蒙古科技大学,食品科学与工程,"['食品科学', '与', '工程']",5
内蒙古科技大学,材料类,"['材料', '类']",29
内蒙古科技大学,电气类,"['电气', '类']",15
内蒙古科技大学,管理科学与工程类,"['管理科学', '与', '工程', '类']",6
内蒙古科技大学,化工与制药类,"['化工', '与', '制药', '类']",27
内蒙古科技大学,土木类,"['土木', '类']",50
内蒙古工业大学,机械设计制造及其自动化,"['机械设计', '制造', '及其', '自动化']",3
内蒙古工业大学,电子信息工程,"['电子', '信息工程']",3
内蒙古工业大学,材料成型及控制工程,"['材料', '成型', '及', '控制工程']",3
内蒙古工业大学,化学工程与工艺,"['化学工程', '与', '工艺']",4
内蒙古工业大学,建筑学,['建筑学'],6
内蒙古工业大学,土木工程,['土木工程'],4
内蒙古工业大学,道路桥梁与渡河工程,"['道路', '桥梁', '与', '渡河', '工程']",4
内蒙古工业大学,计算机科学与技术,"['计算机科学', '与', '技术']",3
内蒙古工业大学,材料物理,"['材料', '物理']",2
内蒙古工业大学,冶金工程,"['冶金', '工程']",5
内蒙古工业大学,过程装备与控制工程,"['过程', '装备', '与', '控制工程']",7
内蒙古工业大学,无机非金属材料工程,"['无机', '非金属材料', '工程']",2
内蒙古工业大学,生物工程,['生物工程'],2
内蒙古工业大学,应用化学,['应用化学'],3
内蒙古工业大学,安全工程,['安全工程'],4
内蒙古工业大学,信息与计算科学,"['信息', '与', '计算', '科学']",3
内蒙古工业大学,新能源科学与工程,"['新', '能源科学', '与', '工程']",2
内蒙古工业大学,车辆工程,"['车辆', '工程']",3
内蒙古工业大学,风景园林,['风景园林'],2
内蒙古工业大学,给排水科学与工程,"['给排水', '科学', '与', '工程']",2
内蒙古工业大学,建筑环境与能源应用工程,"['建筑', '环境', '与', '能源', '应用', '工程']",4
内蒙古工业大学,资源与环境经济学,"['资源', '与', '环境', '经济学']",4
内蒙古工业大学,工程力学,['工程力学'],7
内蒙古工业大学,纺织工程,"['纺织', '工程']",3
内蒙古工业大学,地质工程,"['地质', '工程']",3
内蒙古工业大学,公共事业管理,"['公共事业', '管理']",4
内蒙古工业大学,交通工程,"['交通', '工程']",4
内蒙古工业大学,采矿工程,['采矿工程'],3
内蒙古工业大学,交通运输(航空电子方向),"['交通运输', '(', '航空', '电子', '方向', ')']",3
内蒙古工业大学,电气类,"['电气', '类']",14
内蒙古工业大学,飞行器制造工程,"['飞行器', '制造', '工程']",4
内蒙古工业大学,交通运输(机场现场运行管理方向),"['交通运输', '(', '机场', '现场', '运行', '管理', '方向', ')']",4
内蒙古工业大学,应用物理学,"['应用', '物理学']",2
内蒙古农业大学,动物科学,"['动物', '科学']",2
内蒙古农业大学,动植物检疫,"['动植物', '检疫']",4
内蒙古农业大学,动物药学,"['动物', '药学']",3
内蒙古农业大学,农学,['农学'],3
内蒙古农业大学,植物保护,['植物保护'],4
内蒙古农业大学,植物科学与技术,"['植物', '科学', '与', '技术']",4
内蒙古农业大学,种子科学与工程,"['种子', '科学', '与', '工程']",5
内蒙古农业大学,林学,['林学'],4
内蒙古农业大学,园林,['园林'],4
内蒙古农业大学,消防工程,['消防工程'],3
内蒙古农业大学,草业科学,"['草业', '科学']",4
内蒙古农业大学,农业资源与环境,"['农业', '资源', '与', '环境']",5
内蒙古农业大学,土地资源管理,"['土地', '资源管理']",3
内蒙古农业大学,机械设计制造及其自动化,"['机械设计', '制造', '及其', '自动化']",4
内蒙古农业大学,电气工程及其自动化,"['电气工程', '及其', '自动化']",3
内蒙古农业大学,农业机械化及其自动化,"['农业', '机械化', '及其', '自动化']",3
内蒙古农业大学,农业电气化,"['农业', '电气化']",3
内蒙古农业大学,农业水利工程,"['农业', '水利工程']",2
内蒙古农业大学,水利类,"['水利', '类']",3
内蒙古农业大学,风景园林,['风景园林'],4
内蒙古农业大学,食品科学与工程,"['食品科学', '与', '工程']",4
内蒙古农业大学,食品质量与安全,"['食品质量', '与', '安全']",3
内蒙古农业大学,计算机类,"['计算机', '类']",5
内蒙古农业大学,制药工程,"['制药', '工程']",4
内蒙古农业大学,生物技术,"['生物', '技术']",4
内蒙古农业大学,英语,['英语'],4
内蒙古农业大学,电子科学与技术,"['电子', '科学', '与', '技术']",6
内蒙古农业大学,应用统计学,"['应用', '统计学']",2
内蒙古农业大学,应用化学,['应用化学'],6
内蒙古农业大学,新能源科学与工程,"['新', '能源科学', '与', '工程']",3
内蒙古农业大学,道路桥梁与渡河工程,"['道路', '桥梁', '与', '渡河', '工程']",3
内蒙古医科大学,医学影像学,"['医学', '影像学']",1
内蒙古医科大学,临床医学,['临床医学'],2
内蒙古医科大学,中医学,['中医学'],5
内蒙古医科大学,针灸推拿学,"['针灸', '推拿学']",5
内蒙古医科大学,护理学,['护理学'],4
内蒙古师范大学,汉语言文学(师范类),"['汉语言', '文学', '(', '师范类', ')']",5
内蒙古师范大学,物理学(师范类),"['物理学', '(', '师范类', ')']",2
内蒙古民族大学,临床医学,['临床医学'],3
内蒙古民族大学,电气工程及其自动化,"['电气工程', '及其', '自动化']",4
内蒙古民族大学,智慧农业,"['智慧', '农业']",3
内蒙古民族大学,食品质量与安全,"['食品质量', '与', '安全']",3
内蒙古民族大学,农学,['农学'],2
内蒙古民族大学,法学,['法学'],1
内蒙古民族大学,思想政治教育(师范类),"['思想', '政治', '教育', '(', '师范类', ')']",3
内蒙古民族大学,汉语国际教育,"['汉语', '国际', '教育']",4
内蒙古民族大学,新闻学,['新闻学'],4
内蒙古民族大学,数学与应用数学(师范类),"['数学', '与', '应用', '数学', '(', '师范类', ')']",2
内蒙古民族大学,物理学(师范类),"['物理学', '(', '师范类', ')']",2
内蒙古民族大学,化学(师范类),"['化学', '(', '师范类', ')']",6
内蒙古民族大学,生物科学,['生物科学'],4
内蒙古民族大学,机械设计制造及其自动化,"['机械设计', '制造', '及其', '自动化']",6
内蒙古民族大学,计算机科学与技术,"['计算机科学', '与', '技术']",2
内蒙古民族大学,网络工程,['网络工程'],2
内蒙古民族大学,数字媒体技术,"['数字', '媒体', '技术']",2
内蒙古民族大学,化学工程与工艺,"['化学工程', '与', '工艺']",3
内蒙古民族大学,预防医学,"['预防', '医学']",1
内蒙古民族大学,药物制剂,['药物制剂'],2
内蒙古民族大学,医学影像技术,"['医学影像', '技术']",2
内蒙古民族大学,护理学,['护理学'],2
内蒙古民族大学,财务管理,['财务管理'],3
赤峰学院,建筑环境与能源应用工程(供热、供燃气),"['建筑', '环境', '与', '能源', '应用', '工程', '(', '供热', '、', '供', '燃气', ')']",10
赤峰学院,数学与应用数学(师范类),"['数学', '与', '应用', '数学', '(', '师范类', ')']",2
赤峰学院,物理学(师范类),"['物理学', '(', '师范类', ')']",3
赤峰学院,化学(师范类),"['化学', '(', '师范类', ')']",3
赤峰学院,英语(师范类),"['英语', '(', '师范类', ')']",3
赤峰学院,机械设计制造及其自动化,"['机械设计', '制造', '及其', '自动化']",3
内蒙古财经大学,经济学,['经济学'],6
内蒙古财经大学,金融工程,"['金融', '工程']",6
内蒙古财经大学,税收学,"['税收', '学']",6
内蒙古财经大学,资产评估,"['资产', '评估']",6
内蒙古财经大学,工商管理,['工商管理'],6
内蒙古财经大学,会计学,['会计学'],6
内蒙古财经大学,财务管理,['财务管理'],6
内蒙古财经大学,经济统计学,"['经济', '统计学']",6
内蒙古财经大学,法学,['法学'],6
内蒙古财经大学,秘书学,['秘书学'],6
辽宁大学,汉语言文学,"['汉语言', '文学']",5
辽宁大学,新闻学,['新闻学'],8
辽宁大学,编辑出版学,"['编辑', '出版学']",2
辽宁大学,经济学类,"['经济学', '类']",10
辽宁大学,金融学类,"['金融学', '类']",5
辽宁大学,国际政治,"['国际', '政治']",3
辽宁大学,朝鲜语,['朝鲜语'],4
辽宁大学,英语,['英语'],5
辽宁大学,法语,['法语'],3
辽宁大学,日语,['日语'],2
辽宁大学,广播电视编导,"['广播电视', '编导']",5
辽宁大学,戏剧影视文学,"['戏剧', '影视', '文学']",4
辽宁大学,汉语国际教育,"['汉语', '国际', '教育']",3
辽宁大学,数学与应用数学,"['数学', '与', '应用', '数学']",4
辽宁大学,物理学,['物理学'],2
辽宁大学,微电子科学与工程,"['微电子', '科学', '与', '工程']",2
辽宁大学,化学类,"['化学', '类']",3
辽宁大学,制药工程,"['制药', '工程']",2
辽宁大学,生物技术,"['生物', '技术']",3
辽宁大学,电子信息类,"['电子信息', '类']",6
辽宁大学,数字经济,"['数字', '经济']",2
辽宁大学,会计学(中外合作办学),"['会计学', '(', '中外合作', '办学', ')']",5
辽宁大学,市场营销(中外合作办学),"['市场营销', '(', '中外合作', '办学', ')']",5
辽宁大学,工商管理(中外合作办学),"['工商管理', '(', '中外合作', '办学', ')']",4
辽宁大学,会计学(中外合作办学),"['会计学', '(', '中外合作', '办学', ')']",1
辽宁大学,金融学(中外合作办学),"['金融学', '(', '中外合作', '办学', ')']",1
辽宁大学,国际商务(中外合作办学),"['国际', '商务', '(', '中外合作', '办学', ')']",2
大连理工大学,新闻传播学类(人文社科实验班),"['新闻', '传播学', '类', '(', '人文', '社科', '实验班', ')']",6
大连理工大学,英语,['英语'],5
大连理工大学,电子信息类(电信、自动化与计算机新工科实验班),"['电子信息', '类', '(', '电信', '、', '自动化', '与', '计算机', '新', '工科', '实验班', ')']",24
大连理工大学,电子信息类(创新班),"['电子信息', '类', '(', '创新', '班', ')']",5
大连理工大学,应用化学(理学、张大煜化学基础科学拔尖计划班),"['应用化学', '(', '理学', '、', '张大', '煜', '化学', '基础科学', '拔尖', '计划', '班', ')']",2
大连理工大学,环境科学与工程类,"['环境', '科学', '与', '工程', '类']",9
大连理工大学,工程力学,['工程力学'],6
大连理工大学,车辆工程(英语强化),"['车辆', '工程', '(', '英语', '强化', ')']",5
大连理工大学,工程力学(钱令希力学创新班、拔尖计划班),"['工程力学', '(', '钱令希', '力学', '创新', '班', '、', '拔尖', '计划', '班', ')']",3
大连理工大学,光电信息科学与工程,"['光电', '信息科学', '与', '工程']",6
大连理工大学,机械设计制造及其自动化(日语强化),"['机械设计', '制造', '及其', '自动化', '(', '日语', '强化', ')']",4
大连理工大学,机械设计制造及其自动化(创新班),"['机械设计', '制造', '及其', '自动化', '(', '创新', '班', ')']",4
大连理工大学,建筑类,"['建筑', '类']",9
大连理工大学,能源与动力工程,"['能源', '与', '动力工程']",15
大连理工大学,数学类(数学类及华罗庚数学基础科学拔尖计划班),"['数学', '类', '(', '数学', '类及', '华罗庚', '数学', '基础科学', '拔尖', '计划', '班', ')']",9
大连理工大学,电子科学与技术,"['电子', '科学', '与', '技术']",6
大连理工大学,应用物理学(王大珩物理基础科学拔尖计划班),"['应用', '物理学', '(', '王大珩', '物理', '基础科学', '拔尖', '计划', '班', ')']",4
大连理工大学,机械类,['机械类'],5
大连理工大学,工商管理类(经济管理实验班),"['工商管理', '类', '(', '经济', '管理', '实验班', ')']",14
大连理工大学,计算机科学与技术(国家基础学科拔尖学生培养计划基地班),"['计算机科学', '与', '技术', '(', '国家', '基础学科', '拔尖', '学生', '培养', '计划', '基地', '班', ')']",3
大连理工大学,土木类(智慧基础设施与土木类创新班),"['土木', '类', '(', '智慧', '基础设施', '与', '土木', '类', '创新', '班', ')']",3
大连理工大学,公共事业管理,"['公共事业', '管理']",5
大连理工大学,化工与制药类(创新班),"['化工', '与', '制药', '类', '(', '创新', '班', ')']",6
大连理工大学,生物工程,['生物工程'],5
大连理工大学,软件工程,['软件工程'],32
大连理工大学,化工与制药类(智能化工、新材料与安全新工科实验班),"['化工', '与', '制药', '类', '(', '智能', '化工', '、', '新', '材料', '与', '安全', '新', '工科', '实验班', ')']",12
大连理工大学,应用物理学(中外合作办学),"['应用', '物理学', '(', '中外合作', '办学', ')']",6
大连理工大学,工程力学(中外合作办学),"['工程力学', '(', '中外合作', '办学', ')']",6
大连理工大学,计算机类(中外合作办学),"['计算机', '类', '(', '中外合作', '办学', ')']",19
大连理工大学,机械设计制造及其自动化(中外合作办学),"['机械设计', '制造', '及其', '自动化', '(', '中外合作', '办学', ')']",5
沈阳工业大学,机械设计制造及其自动化,"['机械设计', '制造', '及其', '自动化']",6
沈阳工业大学,工业设计,"['工业', '设计']",3
沈阳工业大学,机器人工程,"['机器人', '工程']",6
沈阳工业大学,材料成型及控制工程,"['材料', '成型', '及', '控制工程']",5
沈阳工业大学,功能材料,"['功能', '材料']",3
沈阳工业大学,电气工程及其自动化,"['电气工程', '及其', '自动化']",6
沈阳工业大学,自动化,['自动化'],5
沈阳工业大学,电子科学与技术,"['电子', '科学', '与', '技术']",3
沈阳工业大学,通信工程,['通信工程'],3
沈阳工业大学,计算机科学与技术,"['计算机科学', '与', '技术']",6
沈阳工业大学,应用物理学,"['应用', '物理学']",3
沈阳工业大学,信息与计算科学,"['信息', '与', '计算', '科学']",3
沈阳工业大学,环境工程,['环境工程'],4
沈阳工业大学,能源化学工程,"['能源', '化学工程']",3
沈阳工业大学,国际经济与贸易,"['国际', '经济', '与', '贸易']",3
沈阳工业大学,金融学,['金融学'],3
沈阳工业大学,工程管理,"['工程', '管理']",3
沈阳工业大学,会计学,['会计学'],6
沈阳工业大学,物流管理,"['物流', '管理']",3
沈阳工业大学,日语,['日语'],3
沈阳工业大学,法学,['法学'],5
沈阳工业大学,通信工程(中外合作办学),"['通信工程', '(', '中外合作', '办学', ')']",8
沈阳航空航天大学,计算机科学与技术,"['计算机科学', '与', '技术']",1
沈阳航空航天大学,物联网工程,"['物', '联网', '工程']",1
沈阳航空航天大学,网络工程,['网络工程'],3
沈阳航空航天大学,软件工程,['软件工程'],1
沈阳航空航天大学,电子信息工程,"['电子', '信息工程']",1
沈阳航空航天大学,通信工程,['通信工程'],2
沈阳航空航天大学,飞行器制造工程,"['飞行器', '制造', '工程']",1
沈阳航空航天大学,能源与动力工程,"['能源', '与', '动力工程']",1
沈阳航空航天大学,工程力学,['工程力学'],2
沈阳航空航天大学,飞行器设计与工程,"['飞行器', '设计', '与', '工程']",1
沈阳航空航天大学,探测制导与控制技术,"['探测', '制导', '与', '控制技术']",1
沈阳航空航天大学,安全工程,['安全工程'],2
沈阳航空航天大学,机械设计制造及其自动化,"['机械设计', '制造', '及其', '自动化']",2
沈阳航空航天大学,机械电子工程,"['机械', '电子', '工程']",1
沈阳航空航天大学,工业工程,"['工业', '工程']",1
沈阳航空航天大学,测控技术与仪器,"['测控', '技术', '与', '仪器']",1
沈阳航空航天大学,工业设计,"['工业', '设计']",1
沈阳航空航天大学,材料成型及控制工程,"['材料', '成型', '及', '控制工程']",2
沈阳航空航天大学,金属材料工程,"['金属材料', '工程']",5
沈阳航空航天大学,环境工程,['环境工程'],3
沈阳航空航天大学,复合材料与工程,"['复合材料', '与', '工程']",2
沈阳航空航天大学,消防工程,['消防工程'],8
沈阳航空航天大学,保险学,['保险学'],4
沈阳航空航天大学,新能源科学与工程,"['新', '能源科学', '与', '工程']",2
沈阳航空航天大学,能源与环境系统工程,"['能源', '与', '环境', '系统工程']",1
沈阳航空航天大学,信息与计算科学,"['信息', '与', '计算', '科学']",2
沈阳航空航天大学,应用物理学,"['应用', '物理学']",2
沈阳航空航天大学,交通运输,['交通运输'],1
沈阳航空航天大学,英语,['英语'],2
沈阳航空航天大学,日语,['日语'],1
沈阳航空航天大学,人工智能,['人工智能'],2
沈阳航空航天大学,机器人工程,"['机器人', '工程']",2
沈阳航空航天大学,智能制造工程,"['智能', '制造', '工程']",1
沈阳航空航天大学,数据科学与大数据技术,"['数据', '科学', '与', '大', '数据', '技术']",2
沈阳航空航天大学,飞行器动力工程(中外合作办学),"['飞行器', '动力工程', '(', '中外合作', '办学', ')']",6
沈阳理工大学,金融学,['金融学'],2
沈阳理工大学,英语,['英语'],3
沈阳理工大学,俄语,['俄语'],3
沈阳理工大学,信息与计算科学,"['信息', '与', '计算', '科学']",1
沈阳理工大学,应用化学,['应用化学'],1
沈阳理工大学,机械设计制造及其自动化,"['机械设计', '制造', '及其', '自动化']",7
沈阳理工大学,材料成型及控制工程,"['材料', '成型', '及', '控制工程']",1
沈阳理工大学,机械电子工程,"['机械', '电子', '工程']",1
沈阳理工大学,工业设计,"['工业', '设计']",1
沈阳理工大学,车辆工程,"['车辆', '工程']",5
沈阳理工大学,智能车辆工程,"['智能', '车辆', '工程']",1
沈阳理工大学,测控技术与仪器,"['测控', '技术', '与', '仪器']",2
沈阳理工大学,金属材料工程,"['金属材料', '工程']",2
沈阳理工大学,无机非金属材料工程,"['无机', '非金属材料', '工程']",1
沈阳理工大学,粉体材料科学与工程,"['粉体', '材料科学', '与', '工程']",1
沈阳理工大学,电气工程及其自动化,"['电气工程', '及其', '自动化']",1
沈阳理工大学,电子信息工程,"['电子', '信息工程']",1
沈阳理工大学,通信工程,['通信工程'],1
沈阳理工大学,光电信息科学与工程,"['光电', '信息科学', '与', '工程']",1
沈阳理工大学,自动化,['自动化'],1
沈阳理工大学,机器人工程,"['机器人', '工程']",1
沈阳理工大学,计算机科学与技术,"['计算机科学', '与', '技术']",1
沈阳理工大学,网络工程,['网络工程'],1
沈阳理工大学,智能科学与技术,"['智能科学', '与', '技术']",1
沈阳理工大学,化学工程与工艺,"['化学工程', '与', '工艺']",1
沈阳理工大学,武器发射工程,"['武器', '发射', '工程']",1
沈阳理工大学,探测制导与控制技术,"['探测', '制导', '与', '控制技术']",1
沈阳理工大学,弹药工程与爆炸技术,"['弹药', '工程', '与', '爆炸', '技术']",1
沈阳理工大学,特种能源技术与工程,"['特种', '能源技术', '与', '工程']",1
沈阳理工大学,装甲车辆工程,"['装甲车辆', '工程']",1
沈阳理工大学,信息对抗技术,"['信息', '对抗', '技术']",2
沈阳理工大学,智能无人系统技术,"['智能', '无人', '系统', '技术']",1
沈阳理工大学,环境工程,['环境工程'],1
沈阳理工大学,安全工程,['安全工程'],1
沈阳理工大学,信息管理与信息系统,"['信息管理', '与', '信息系统']",1
沈阳理工大学,工商管理,['工商管理'],3
沈阳理工大学,会计学,['会计学'],3
沈阳理工大学,化学工程与工艺(中外合作办学),"['化学工程', '与', '工艺', '(', '中外合作', '办学', ')']",12
沈阳理工大学,机械设计制造及其自动化(中外合作办学),"['机械设计', '制造', '及其', '自动化', '(', '中外合作', '办学', ')']",10
沈阳理工大学,测控技术与仪器(中外合作办学),"['测控', '技术', '与', '仪器', '(', '中外合作', '办学', ')']",2
沈阳理工大学,金属材料工程(中外合作办学),"['金属材料', '工程', '(', '中外合作', '办学', ')']",2
沈阳理工大学,计算机科学与技术(中外合作办学),"['计算机科学', '与', '技术', '(', '中外合作', '办学', ')']",2
东北大学,公共管理类,"['公共', '管理', '类']",8
东北大学,人文科学试验班,"['人文科学', '试验班']",6
东北大学,外国语言文学类,"['外国', '语言', '文学类']",30
东北大学,经济管理试验班,"['经济', '管理', '试验班']",14
东北大学,数学类,"['数学', '类']",8
东北大学,应用物理学,"['应用', '物理学']",8
东北大学,化学类,"['化学', '类']",6
东北大学,智能采矿工程,"['智能', '采矿工程']",3
东北大学,工科试验班,"['工科', '试验班']",22
东北大学,材料类,"['材料', '类']",10
东北大学,机械类,['机械类'],20
东北大学,智能制造工程,"['智能', '制造', '工程']",5
东北大学,自动化类,"['自动化', '类']",15
东北大学,计算机类,"['计算机', '类']",7
东北大学,电子信息类,"['电子信息', '类']",4
东北大学,人工智能,['人工智能'],5
东北大学,计算机类,"['计算机', '类']",26
东北大学,智能医学工程,"['智能', '医学工程']",4
东北大学,生物工程类,"['生物工程', '类']",3
东北大学,建筑类,"['建筑', '类']",7
东北大学,机器人工程,"['机器人', '工程']",3
辽宁科技大学,材料成型及控制工程,"['材料', '成型', '及', '控制工程']",4
辽宁科技大学,材料科学与工程,"['材料科学', '与', '工程']",4
辽宁科技大学,材料化学,"['材料', '化学']",4
辽宁科技大学,冶金工程,"['冶金', '工程']",4
辽宁科技大学,无机非金属材料工程,"['无机', '非金属材料', '工程']",9
辽宁科技大学,功能材料,"['功能', '材料']",2
辽宁科技大学,能源与动力工程,"['能源', '与', '动力工程']",4
辽宁科技大学,应用化学,['应用化学'],1
辽宁科技大学,储能科学与工程,"['储能', '科学', '与', '工程']",1
辽宁科技大学,化学工程与工艺,"['化学工程', '与', '工艺']",2
辽宁科技大学,生物工程,['生物工程'],1
辽宁科技大学,电气工程及其自动化,"['电气工程', '及其', '自动化']",1
辽宁科技大学,通信工程,['通信工程'],1
辽宁科技大学,自动化,['自动化'],2
辽宁科技大学,机械设计制造及其自动化,"['机械设计', '制造', '及其', '自动化']",2
辽宁科技大学,机械电子工程,"['机械', '电子', '工程']",1
辽宁科技大学,智能制造工程,"['智能', '制造', '工程']",2
辽宁科技大学,软件工程,['软件工程'],4
辽宁科技大学,网络工程,['网络工程'],4
辽宁科技大学,数据科学与大数据技术,"['数据', '科学', '与', '大', '数据', '技术']",2
辽宁科技大学,数据计算及应用,"['数据', '计算', '及', '应用']",2
辽宁科技大学,应用物理学,"['应用', '物理学']",1
辽宁科技大学,采矿工程,['采矿工程'],1
辽宁科技大学,矿物加工工程,"['矿物', '加工', '工程']",1
辽宁科技大学,冶金工程(中外合作办学),"['冶金', '工程', '(', '中外合作', '办学', ')']",6
辽宁工程技术大学,采矿工程,['采矿工程'],2
辽宁工程技术大学,安全工程,['安全工程'],2
辽宁工程技术大学,应急技术与管理,"['应急', '技术', '与', '管理']",2
辽宁工程技术大学,工程力学,['工程力学'],3
辽宁工程技术大学,机械设计制造及其自动化,"['机械设计', '制造', '及其', '自动化']",2
辽宁工程技术大学,土木工程,['土木工程'],2
辽宁工程技术大学,金属材料工程,"['金属材料', '工程']",2
辽宁工程技术大学,数据科学与大数据技术,"['数据', '科学', '与', '大', '数据', '技术']",2
辽宁石油化工大学,材料成型及控制工程,"['材料', '成型', '及', '控制工程']",3
辽宁石油化工大学,材料化学,"['材料', '化学']",2
辽宁石油化工大学,采矿工程,['采矿工程'],1
辽宁石油化工大学,测控技术与仪器,"['测控', '技术', '与', '仪器']",2
辽宁石油化工大学,城市地下空间工程,"['城市', '地下', '空间', '工程']",2
辽宁石油化工大学,电气工程及其自动化,"['电气工程', '及其', '自动化']",2
辽宁石油化工大学,高分子材料与工程(卓越计划班),"['高分子', '材料', '与', '工程', '(', '卓越', '计划', '班', ')']",7
辽宁石油化工大学,过程装备与控制工程,"['过程', '装备', '与', '控制工程']",2
辽宁石油化工大学,过程装备与控制工程(卓越计划班),"['过程', '装备', '与', '控制工程', '(', '卓越', '计划', '班', ')']",4
辽宁石油化工大学,海洋油气工程,"['海洋', '油气', '工程']",2
辽宁石油化工大学,化工安全工程,"['化工', '安全工程']",2
辽宁石油化工大学,化学工程与工艺,"['化学工程', '与', '工艺']",1
辽宁石油化工大学,化学工程与工艺(卓越计划班),"['化学工程', '与', '工艺', '(', '卓越', '计划', '班', ')']",2
辽宁石油化工大学,环境工程,['环境工程'],2
辽宁石油化工大学,机器人工程,"['机器人', '工程']",2
辽宁石油化工大学,机械设计制造及其自动化,"['机械设计', '制造', '及其', '自动化']",6
辽宁石油化工大学,计算机科学与技术,"['计算机科学', '与', '技术']",2
辽宁石油化工大学,金属材料工程,"['金属材料', '工程']",1
辽宁石油化工大学,能源与动力工程,"['能源', '与', '动力工程']",2
辽宁石油化工大学,软件工程,['软件工程'],2
辽宁石油化工大学,石油工程,"['石油', '工程']",2
辽宁石油化工大学,数学与应用数学,"['数学', '与', '应用', '数学']",3
辽宁石油化工大学,应用化学,['应用化学'],4
辽宁石油化工大学,应用物理学,"['应用', '物理学']",1
辽宁石油化工大学,油气储运工程,"['油气', '储运', '工程']",5
辽宁石油化工大学,油气储运工程(卓越计划班),"['油气', '储运', '工程', '(', '卓越', '计划', '班', ')']",2
辽宁石油化工大学,智能科学与技术,"['智能科学', '与', '技术']",1
辽宁石油化工大学,智能制造工程,"['智能', '制造', '工程']",2
辽宁石油化工大学,自动化,['自动化'],2
辽宁石油化工大学,自动化(卓越计划班),"['自动化', '(', '卓越', '计划', '班', ')']",3
辽宁石油化工大学,人工智能,['人工智能'],3
辽宁石油化工大学,环境生态工程,"['环境', '生态', '工程']",3
辽宁石油化工大学,化学工程与工艺(中外合作办学),"['化学工程', '与', '工艺', '(', '中外合作', '办学', ')']",10
辽宁石油化工大学,电气工程及其自动化(中外合作办学),"['电气工程', '及其', '自动化', '(', '中外合作', '办学', ')']",10
沈阳化工大学,金融学,['金融学'],4
沈阳化工大学,国际经济与贸易,"['国际', '经济', '与', '贸易']",1
沈阳化工大学,社会工作,['社会工作'],2
沈阳化工大学,英语,['英语'],2
沈阳化工大学,应用物理学,"['应用', '物理学']",1
沈阳化工大学,化学,['化学'],2
沈阳化工大学,应用化学,['应用化学'],2
沈阳化工大学,机械设计制造及其自动化,"['机械设计', '制造', '及其', '自动化']",4
沈阳化工大学,过程装备与控制工程,"['过程', '装备', '与', '控制工程']",2
沈阳化工大学,测控技术与仪器,"['测控', '技术', '与', '仪器']",2
沈阳化工大学,材料化学,"['材料', '化学']",2
沈阳化工大学,金属材料工程,"['金属材料', '工程']",4
沈阳化工大学,无机非金属材料工程,"['无机', '非金属材料', '工程']",4
沈阳化工大学,高分子材料与工程,"['高分子', '材料', '与', '工程']",2
沈阳化工大学,高分子材料与工程(卓越工程师班),"['高分子', '材料', '与', '工程', '(', '卓越', '工程师', '班', ')']",2
沈阳化工大学,复合材料与工程,"['复合材料', '与', '工程']",2
沈阳化工大学,能源与动力工程,"['能源', '与', '动力工程']",1
沈阳化工大学,电气工程及其自动化,"['电气工程', '及其', '自动化']",5
沈阳化工大学,电子信息工程,"['电子', '信息工程']",2
沈阳化工大学,电子科学与技术,"['电子', '科学', '与', '技术']",2
沈阳化工大学,人工智能,['人工智能'],1
沈阳化工大学,自动化,['自动化'],2
沈阳化工大学,计算机科学与技术,"['计算机科学', '与', '技术']",2
沈阳化工大学,软件工程,['软件工程'],2
沈阳化工大学,网络工程,['网络工程'],3
沈阳化工大学,物联网工程,"['物', '联网', '工程']",2
沈阳化工大学,数据科学与大数据技术,"['数据', '科学', '与', '大', '数据', '技术']",1
沈阳化工大学,化学工程与工艺,"['化学工程', '与', '工艺']",6
沈阳化工大学,制药工程,"['制药', '工程']",3
沈阳化工大学,资源循环科学与工程,"['资源', '循环', '科学', '与', '工程']",3
沈阳化工大学,能源化学工程,"['能源', '化学工程']",2
沈阳化工大学,油气储运工程,"['油气', '储运', '工程']",3
沈阳化工大学,包装工程,"['包装', '工程']",2
沈阳化工大学,林产化工,"['林产', '化工']",1
沈阳化工大学,环境工程,['环境工程'],5
沈阳化工大学,水质科学与技术,"['水质', '科学', '与', '技术']",1
沈阳化工大学,食品科学与工程,"['食品科学', '与', '工程']",1
沈阳化工大学,安全工程,['安全工程'],3
沈阳化工大学,生物工程,['生物工程'],3
沈阳化工大学,大数据管理与应用,"['大', '数据管理', '与', '应用']",2
沈阳化工大学,应急管理,"['应急', '管理']",2
沈阳化工大学,工商管理,['工商管理'],2
沈阳化工大学,会计学,['会计学'],2
沈阳化工大学,能源与动力工程(中外合作办学),"['能源', '与', '动力工程', '(', '中外合作', '办学', ')']",3
大连交通大学,机械工程,['机械工程'],3
大连交通大学,材料成型及控制工程,"['材料', '成型', '及', '控制工程']",2
大连交通大学,焊接技术与工程,"['焊接', '技术', '与', '工程']",2
大连交通大学,电子科学与技术,"['电子', '科学', '与', '技术']",2
大连交通大学,车辆工程,"['车辆', '工程']",4
大连交通大学,交通运输,['交通运输'],2
大连交通大学,交通工程,"['交通', '工程']",2
大连交通大学,安全工程,['安全工程'],2
大连交通大学,电气工程及其自动化,"['电气工程', '及其', '自动化']",3
大连交通大学,轨道交通信号与控制,"['轨道交通', '信号', '与', '控制']",2
大连交通大学,通信工程,['通信工程'],2
大连交通大学,电子信息工程,"['电子', '信息工程']",2
大连交通大学,计算机科学与技术,"['计算机科学', '与', '技术']",2
大连交通大学,土木工程,['土木工程'],2
大连交通大学,环境工程,['环境工程'],3
大连交通大学,数学与应用数学,"['数学', '与', '应用', '数学']",2
大连交通大学,日语,['日语'],2
大连交通大学,会计学(中外合作办学),"['会计学', '(', '中外合作', '办学', ')']",5
大连交通大学,机械工程(中外合作办学),"['机械工程', '(', '中外合作', '办学', ')']",3
大连交通大学,土木工程(中外合作办学),"['土木工程', '(', '中外合作', '办学', ')']",2
大连交通大学,机械工程(中外合作办学),"['机械工程', '(', '中外合作', '办学', ')']",4
大连交通大学,车辆工程(中外合作办学),"['车辆', '工程', '(', '中外合作', '办学', ')']",3
大连交通大学,土木工程(中外合作办学),"['土木工程', '(', '中外合作', '办学', ')']",4
大连海事大学,经济学类,"['经济学', '类']",3
大连海事大学,数学类,"['数学', '类']",4
大连海事大学,海事管理,"['海事', '管理']",6
大连海事大学,安全工程,['安全工程'],4
大连海事大学,物流管理,"['物流', '管理']",4
大连海事大学,供应链管理,"['供应链', '管理']",4
大连海事大学,电子商务,['电子商务'],5
大连海事大学,金融工程,"['金融', '工程']",4
大连海事大学,法学,['法学'],12
大连海事大学,英语,['英语'],6
大连海事大学,日语,['日语'],4
大连海事大学,自动化类,"['自动化', '类']",29
大连海事大学,电子信息类,"['电子信息', '类']",27
大连海事大学,计算机类,"['计算机', '类']",41
大连海事大学,交通运输类,"['交通运输', '类']",33
大连海事大学,管理科学与工程类,"['管理科学', '与', '工程', '类']",5
大连海事大学,机械类,['机械类'],36
大连海事大学,环境科学与工程类,"['环境', '科学', '与', '工程', '类']",5
大连海事大学,电子信息工程(中外合作办学),"['电子', '信息工程', '(', '中外合作', '办学', ')']",11
大连海事大学,机械设计制造及其自动化(中外合作办学),"['机械设计', '制造', '及其', '自动化', '(', '中外合作', '办学', ')']",8
大连海事大学,土木工程(中外合作办学),"['土木工程', '(', '中外合作', '办学', ')']",8
大连工业大学,工商管理(本科学术互认课程项目),"['工商管理', '(', '本科', '学术', '互认', '课程', '项目', ')']",5
大连工业大学,应用化学,['应用化学'],2
大连工业大学,生物质能源与材料,"['生物质能', '源', '与', '材料']",3
大连工业大学,计算机科学与技术,"['计算机科学', '与', '技术']",2
大连工业大学,计算机科学与技术(本科学术互认课程项目),"['计算机科学', '与', '技术', '(', '本科', '学术', '互认', '课程', '项目', ')']",5
大连工业大学,通信工程,['通信工程'],3
大连工业大学,生物工程,['生物工程'],4
大连工业大学,生物制药,['生物制药'],4
大连工业大学,食品科学与工程,"['食品科学', '与', '工程']",8
大连工业大学,食品质量与安全,"['食品质量', '与', '安全']",3
大连工业大学,食品营养与健康,"['食品', '营养', '与', '健康']",4
大连工业大学,机械类,['机械类'],3
大连工业大学,机械电子工程(中外合作办学),"['机械', '电子', '工程', '(', '中外合作', '办学', ')']",5
沈阳建筑大学,建筑学,['建筑学'],1
沈阳建筑大学,城乡规划,['城乡规划'],1
沈阳建筑大学,风景园林,['风景园林'],1
沈阳建筑大学,土木工程,['土木工程'],2
沈阳建筑大学,安全工程,['安全工程'],1
沈阳建筑大学,智能建造,"['智能', '建造']",1
沈阳建筑大学,机械工程,['机械工程'],1
沈阳建筑大学,机械设计制造及其自动化,"['机械设计', '制造', '及其', '自动化']",1
沈阳建筑大学,机械电子工程,"['机械', '电子', '工程']",1
沈阳建筑大学,智能制造工程,"['智能', '制造', '工程']",1
沈阳建筑大学,给排水科学与工程,"['给排水', '科学', '与', '工程']",1
沈阳建筑大学,建筑环境与能源应用工程,"['建筑', '环境', '与', '能源', '应用', '工程']",1
沈阳建筑大学,环境工程,['环境工程'],1
沈阳建筑大学,电气工程及其自动化,"['电气工程', '及其', '自动化']",1
沈阳建筑大学,自动化,['自动化'],1
沈阳建筑大学,建筑电气与智能化,"['建筑', '电气', '与', '智能化']",1
沈阳建筑大学,通信工程,['通信工程'],1
沈阳建筑大学,计算机科学与技术,"['计算机科学', '与', '技术']",1
沈阳建筑大学,人工智能,['人工智能'],1
沈阳建筑大学,信息与计算科学,"['信息', '与', '计算', '科学']",1
沈阳建筑大学,数据科学与大数据技术,"['数据', '科学', '与', '大', '数据', '技术']",1
沈阳建筑大学,工程管理,"['工程', '管理']",1
沈阳建筑大学,工程造价,['工程造价'],1
沈阳建筑大学,会计学,['会计学'],1
沈阳建筑大学,道路桥梁与渡河工程,"['道路', '桥梁', '与', '渡河', '工程']",1
沈阳建筑大学,测绘工程,"['测绘', '工程']",1
沈阳建筑大学,交通工程,"['交通', '工程']",1
沈阳建筑大学,物流工程,"['物流', '工程']",1
沈阳建筑大学,高分子材料与工程,"['高分子', '材料', '与', '工程']",1
沈阳建筑大学,材料化学,"['材料', '化学']",1
沈阳建筑大学,英语,['英语'],2
沈阳建筑大学,电气工程及其自动化(国际本科学术互认课程项目),"['电气工程', '及其', '自动化', '(', '国际', '本科', '学术', '互认', '课程', '项目', ')']",2
沈阳建筑大学,工程管理(国际本科学术互认课程项目),"['工程', '管理', '(', '国际', '本科', '学术', '互认', '课程', '项目', ')']",2
沈阳建筑大学,道路桥梁与渡河工程(国际本科学术互认课程项目),"['道路', '桥梁', '与', '渡河', '工程', '(', '国际', '本科', '学术', '互认', '课程', '项目', ')']",2
辽宁工业大学,机械设计制造及其自动化,"['机械设计', '制造', '及其', '自动化']",2
辽宁工业大学,过程装备与控制工程,"['过程', '装备', '与', '控制工程']",2
辽宁工业大学,车辆工程,"['车辆', '工程']",2
辽宁工业大学,材料科学与工程,"['材料科学', '与', '工程']",2
辽宁工业大学,材料成型及控制工程,"['材料', '成型', '及', '控制工程']",2
辽宁工业大学,焊接技术与工程,"['焊接', '技术', '与', '工程']",2
辽宁工业大学,化学工程与工艺,"['化学工程', '与', '工艺']",3
辽宁工业大学,自动化,['自动化'],2
辽宁工业大学,电气工程及其自动化,"['电气工程', '及其', '自动化']",4
辽宁工业大学,电子信息工程,"['电子', '信息工程']",2
辽宁工业大学,工程管理,"['工程', '管理']",2
辽宁工业大学,工程造价,['工程造价'],2
辽宁工业大学,会计学,['会计学'],1
辽宁工业大学,金融学,['金融学'],1
辽宁工业大学,经济统计学,"['经济', '统计学']",2
辽宁工业大学,国际经济与贸易,"['国际', '经济', '与', '贸易']",1
辽宁工业大学,土木工程,['土木工程'],2
辽宁工业大学,建筑环境与能源应用工程,"['建筑', '环境', '与', '能源', '应用', '工程']",1
辽宁工业大学,给排水科学与工程,"['给排水', '科学', '与', '工程']",1
辽宁工业大学,建筑学,['建筑学'],2
辽宁工业大学,英语,['英语'],2
辽宁工业大学,信息与计算科学,"['信息', '与', '计算', '科学']",1
辽宁工业大学,软件工程(中外合作办学),"['软件工程', '(', '中外合作', '办学', ')']",6
沈阳农业大学,农业工程类,"['农业', '工程', '类']",3
沈阳农业大学,农学,['农学'],4
沈阳农业大学,农学(卓越计划实验班),"['农学', '(', '卓越', '计划', '实验班', ')']",3
沈阳农业大学,种子科学与工程,"['种子', '科学', '与', '工程']",2
沈阳农业大学,应用气象学,"['应用', '气象学']",3
沈阳农业大学,植物保护,['植物保护'],2
沈阳农业大学,应用化学,['应用化学'],2
沈阳农业大学,园艺,['园艺'],2
沈阳农业大学,园艺(卓越计划实验班),"['园艺', '(', '卓越', '计划', '实验班', ')']",3
沈阳农业大学,动物医学,"['动物', '医学']",2
沈阳农业大学,动物药学,"['动物', '药学']",2
沈阳农业大学,动物科学,"['动物', '科学']",4
沈阳农业大学,环境科学,"['环境', '科学']",2
沈阳农业大学,会计学,['会计学'],2
沈阳农业大学,农林经济管理,"['农林', '经济', '管理']",2
沈阳农业大学,机械设计制造及其自动化,"['机械设计', '制造', '及其', '自动化']",2
沈阳农业大学,园林,['园林'],2
沈阳农业大学,电气工程及其自动化,"['电气工程', '及其', '自动化']",3
沈阳农业大学,电子信息工程,"['电子', '信息工程']",3
沈阳农业大学,测绘工程,"['测绘', '工程']",2
沈阳农业大学,食品科学与工程,"['食品科学', '与', '工程']",2
沈阳农业大学,食品质量与安全,"['食品质量', '与', '安全']",2
沈阳农业大学,包装工程,"['包装', '工程']",3
沈阳农业大学,生物科学类,"['生物科学', '类']",4
大连海洋大学,海洋渔业科学与技术,"['海洋渔业', '科学', '与', '技术']",2
大连海洋大学,水产养殖学,"['水产', '养殖', '学']",2
大连海洋大学,船舶与海洋工程,"['船舶', '与', '海洋工程']",5
大连海洋大学,港口航道与海岸工程,"['港口', '航道', '与', '海岸', '工程']",4
大连海洋大学,信息与计算科学,"['信息', '与', '计算', '科学']",2
大连海洋大学,应用物理学,"['应用', '物理学']",2
大连海洋大学,自动化,['自动化'],2
大连海洋大学,建筑环境与能源应用工程,"['建筑', '环境', '与', '能源', '应用', '工程']",2
大连海洋大学,土木工程,['土木工程'],2
大连海洋大学,能源与动力工程,"['能源', '与', '动力工程']",2
大连海洋大学,食品科学与工程,"['食品科学', '与', '工程']",2
大连海洋大学,海洋科学类,"['海洋', '科学', '类']",7
大连海洋大学,生物科学,['生物科学'],4
大连海洋大学,电子信息工程,"['电子', '信息工程']",2
大连海洋大学,机械设计制造及其自动化(中外合作办学),"['机械设计', '制造', '及其', '自动化', '(', '中外合作', '办学', ')']",15
中国医科大学,临床医学,['临床医学'],2
中国医科大学,临床医学(5+3一体化),"['临床医学', '(', '5', '+', '3', '一体化', ')']",2
中国医科大学,临床医学,['临床医学'],16
中国医科大学,临床医学(检验医师培养试验班),"['临床医学', '(', '检验', '医师', '培养', '试验班', ')']",1
中国医科大学,医学影像学,"['医学', '影像学']",2
中国医科大学,口腔医学,['口腔医学'],2
中国医科大学,法医学,['法医学'],2
中国医科大学,生物技术(中外合作办学),"['生物', '技术', '(', '中外合作', '办学', ')']",4
中国医科大学,药物制剂(中外合作办学),"['药物制剂', '(', '中外合作', '办学', ')']",5
锦州医科大学,临床医学,['临床医学'],6
锦州医科大学,麻醉学,['麻醉学'],1
锦州医科大学,医学影像学,"['医学', '影像学']",2
锦州医科大学,口腔医学,['口腔医学'],1
锦州医科大学,预防医学,"['预防', '医学']",2
锦州医科大学,药学,['药学'],2
锦州医科大学,护理学,['护理学'],1
锦州医科大学,医学检验技术,"['医学', '检验', '技术']",1
锦州医科大学,食品科学与工程,"['食品科学', '与', '工程']",1
锦州医科大学,运动康复(中外合作办学),"['运动', '康复', '(', '中外合作', '办学', ')']",3
大连医科大学,临床医学(5+3一体化),"['临床医学', '(', '5', '+', '3', '一体化', ')']",2
大连医科大学,临床医学(5+3一体化，儿科学),"['临床医学', '(', '5', '+', '3', '一体化', '，', '儿科学', ')']",2
大连医科大学,临床医学,['临床医学'],2
大连医科大学,口腔医学,['口腔医学'],2
大连医科大学,麻醉学,['麻醉学'],2
大连医科大学,医学影像学,"['医学', '影像学']",2
大连医科大学,中西医临床医学,"['中西医', '临床医学']",2
大连医科大学,精神医学,"['精神', '医学']",2
大连医科大学,基础医学,['基础医学'],2
大连医科大学,医学检验技术,"['医学', '检验', '技术']",2
大连医科大学,临床药学,"['临床', '药学']",1
大连医科大学,医学影像技术,"['医学影像', '技术']",2
大连医科大学,生物制药,['生物制药'],3
大连医科大学,法学,['法学'],2
大连医科大学,护理学,['护理学'],2
辽宁中医药大学,针灸推拿学,"['针灸', '推拿学']",2
辽宁中医药大学,中药学,['中药学'],2
辽宁中医药大学,药物制剂,['药物制剂'],3
辽宁中医药大学,中草药栽培与鉴定,"['中草药', '栽培', '与', '鉴定']",4
辽宁中医药大学,中药资源与开发,"['中药', '资源', '与', '开发']",4
辽宁中医药大学,医学检验技术,"['医学', '检验', '技术']",2
辽宁中医药大学,市场营销,['市场营销'],3
辽宁中医药大学,物流管理,"['物流', '管理']",3
辽宁中医药大学,英语,['英语'],3
辽宁中医药大学,护理学(中外合作办学),"['护理学', '(', '中外合作', '办学', ')']",10
沈阳药科大学,药学类,"['药学', '类']",15
沈阳药科大学,药物化学,"['药物', '化学']",8
沈阳药科大学,临床药学,"['临床', '药学']",3
沈阳药科大学,工商管理类,"['工商管理', '类']",3
沈阳药科大学,药事管理,"['药事', '管理']",7
沈阳药科大学,食品科学与工程类,"['食品科学', '与', '工程', '类']",3
沈阳药科大学,医疗产品管理,"['医疗', '产品', '管理']",5
沈阳药科大学,生物制药(生命基地班),"['生物制药', '(', '生命', '基地', '班', ')']",3
沈阳药科大学,制药工程,"['制药', '工程']",2
沈阳药科大学,环境科学,"['环境', '科学']",3
沈阳药科大学,应用化学,['应用化学'],1
沈阳药科大学,中药学类,"['中药学', '类']",8
沈阳药科大学,药学(理科基地班),"['药学', '(', '理科', '基地', '班', ')']",6
沈阳药科大学,药学(日语强化班),"['药学', '(', '日语', '强化班', ')']",3
沈阳药科大学,药学(英语强化班),"['药学', '(', '英语', '强化班', ')']",3
沈阳药科大学,中药学(日语强化班),"['中药学', '(', '日语', '强化班', ')']",3
沈阳药科大学,生物工程,['生物工程'],1
沈阳药科大学,生物制药,['生物制药'],1
沈阳药科大学,生物医学工程(中外合作办学),"['生物医学', '工程', '(', '中外合作', '办学', ')']",6
沈阳医学院,临床医学,['临床医学'],5
沈阳医学院,麻醉学,['麻醉学'],1
沈阳医学院,医学影像学,"['医学', '影像学']",1
沈阳医学院,精神医学,"['精神', '医学']",1
沈阳医学院,口腔医学,['口腔医学'],1
沈阳医学院,预防医学,"['预防', '医学']",1
沈阳医学院,卫生检验与检疫,"['卫生', '检验', '与', '检疫']",1
沈阳医学院,医学检验技术,"['医学', '检验', '技术']",1
沈阳医学院,康复治疗学,"['康复', '治疗学']",1
沈阳医学院,护理学,['护理学'],1
沈阳医学院,助产学,"['助产', '学']",1
沈阳医学院,药学,['药学'],1
沈阳医学院,医学信息工程,"['医学', '信息工程']",1
沈阳医学院,中药学,['中药学'],1
辽宁师范大学,计算机科学与技术(师范类),"['计算机科学', '与', '技术', '(', '师范类', ')']",6
辽宁师范大学,国际商务(中外合作办学),"['国际', '商务', '(', '中外合作', '办学', ')']",6
辽宁师范大学,英语(中外合作办学),"['英语', '(', '中外合作', '办学', ')']",4
沈阳师范大学,教育学(师范类),"['教育学', '(', '师范类', ')']",2
沈阳师范大学,应用心理学(师范类),"['应用', '心理学', '(', '师范类', ')']",2
沈阳师范大学,数学与应用数学(师范类),"['数学', '与', '应用', '数学', '(', '师范类', ')']",2
沈阳师范大学,物理学(师范类),"['物理学', '(', '师范类', ')']",4
沈阳师范大学,电子信息工程,"['电子', '信息工程']",5
沈阳师范大学,化学(师范类),"['化学', '(', '师范类', ')']",5
沈阳师范大学,计算机科学与技术(师范类),"['计算机科学', '与', '技术', '(', '师范类', ')']",4
沈阳师范大学,环境生态工程,"['环境', '生态', '工程']",5
沈阳师范大学,教育技术学(师范类),"['教育', '技术', '学', '(', '师范类', ')']",12
沈阳师范大学,网络与新媒体,"['网络', '与', '新', '媒体']",6
沈阳师范大学,思想政治教育(师范类),"['思想', '政治', '教育', '(', '师范类', ')']",4
沈阳师范大学,旅游管理,"['旅游', '管理']",2
沈阳师范大学,历史学(师范类),"['历史学', '(', '师范类', ')']",2
沈阳师范大学,酒店管理,"['酒店', '管理']",8
沈阳师范大学,物流管理,"['物流', '管理']",4
沈阳师范大学,计算机科学与技术,"['计算机科学', '与', '技术']",4
沈阳师范大学,软件工程,['软件工程'],2
沈阳师范大学,网络工程,['网络工程'],2
沈阳师范大学,社会学,['社会学'],5
沈阳师范大学,社会工作,['社会工作'],5
沈阳师范大学,学前教育(师范类),"['学前教育', '(', '师范类', ')']",8
沈阳师范大学,小学教育(师范类),"['小学', '教育', '(', '师范类', ')']",5
沈阳师范大学,粮食工程,"['粮食', '工程']",8
沈阳师范大学,食品科学与工程,"['食品科学', '与', '工程']",5
沈阳师范大学,古生物学,['古生物学'],4
沈阳师范大学,市场营销,['市场营销'],4
渤海大学,自动化,['自动化'],5
渤海大学,会计学,['会计学'],1
渤海大学,市场营销,['市场营销'],6
渤海大学,化学(师范类),"['化学', '(', '师范类', ')']",7
渤海大学,金融学,['金融学'],1
渤海大学,信息与计算科学,"['信息', '与', '计算', '科学']",3
渤海大学,法语,['法语'],2
渤海大学,英语(师范类),"['英语', '(', '师范类', ')']",8
渤海大学,新闻学,['新闻学'],6
渤海大学,物联网工程,"['物', '联网', '工程']",2
渤海大学,软件工程,['软件工程'],8
渤海大学,思想政治教育(师范类),"['思想', '政治', '教育', '(', '师范类', ')']",8
渤海大学,船舶与海洋工程,"['船舶', '与', '海洋工程']",2
渤海大学,食品营养与健康,"['食品', '营养', '与', '健康']",2
渤海大学,食品科学与工程(中外合作办学),"['食品科学', '与', '工程', '(', '中外合作', '办学', ')']",3
鞍山师范学院,英语(师范类),"['英语', '(', '师范类', ')']",1
鞍山师范学院,酒店管理,"['酒店', '管理']",1
大连外国语大学,日语,['日语'],9
大连外国语大学,英语,['英语'],12
大连外国语大学,翻译,['翻译'],6
大连外国语大学,俄语,['俄语'],3
大连外国语大学,阿拉伯语,['阿拉伯语'],7
大连外国语大学,法语,['法语'],3
大连外国语大学,德语,['德语'],8
大连外国语大学,西班牙语,['西班牙语'],1
大连外国语大学,葡萄牙语,['葡萄牙语'],1
大连外国语大学,朝鲜语,['朝鲜语'],13
大连外国语大学,国际事务与国际关系,"['国际事务', '与', '国际', '关系']",3
大连外国语大学,西班牙语(中外合作办学),"['西班牙语', '(', '中外合作', '办学', ')']",2
东北财经大学,经济学,['经济学'],2
东北财经大学,财政学类,"['财政学', '类']",2
东北财经大学,金融学类,"['金融学', '类']",2
东北财经大学,国际经济与贸易,"['国际', '经济', '与', '贸易']",2
东北财经大学,法学,['法学'],2
东北财经大学,计算机科学与技术,"['计算机科学', '与', '技术']",2
东北财经大学,管理科学与工程类,"['管理科学', '与', '工程', '类']",3
东北财经大学,电子商务,['电子商务'],2
东北财经大学,管理科学与工程类,"['管理科学', '与', '工程', '类']",3
东北财经大学,工商管理类,"['工商管理', '类']",2
东北财经大学,物流管理,"['物流', '管理']",1
东北财经大学,工商管理类,"['工商管理', '类']",3
东北财经大学,会计学(注册会计师方向),"['会计学', '(', '注册', '会计师', '方向', ')']",2
东北财经大学,会计学(国际会计方向),"['会计学', '(', '国际会计', '方向', ')']",2
东北财经大学,公共管理类,"['公共', '管理', '类']",1
东北财经大学,金融科技,"['金融', '科技']",3
东北财经大学,数据科学与大数据技术,"['数据', '科学', '与', '大', '数据', '技术']",1
东北财经大学,工商管理(中外合作办学)(与英国萨里大学合作办学),"['工商管理', '(', '中外合作', '办学', ')', '(', '与', '英国', '萨里', '大学', '合作', '办学', ')']",12
东北财经大学,财务管理(中外合作办学)(与英国萨里大学合作办学),"['财务管理', '(', '中外合作', '办学', ')', '(', '与', '英国', '萨里', '大学', '合作', '办学', ')']",13
东北财经大学,旅游管理(中外合作办学)(与英国萨里大学合作办学),"['旅游', '管理', '(', '中外合作', '办学', ')', '(', '与', '英国', '萨里', '大学', '合作', '办学', ')']",10
东北财经大学,经济学(中外合作办学)(与加拿大西安大略大学国王大学学院合作办学),"['经济学', '(', '中外合作', '办学', ')', '(', '与', '加拿大', '西', '安大略', '大学', '国王', '大学', '学院', '合作', '办学', ')']",2
东北财经大学,金融学(中外合作办学)(与英国奥斯特大学合作办学),"['金融学', '(', '中外合作', '办学', ')', '(', '与', '英国', '奥斯特', '大学', '合作', '办学', ')']",7
东北财经大学,会计学(中外合作办学)(与英国奥斯特大学合作办学),"['会计学', '(', '中外合作', '办学', ')', '(', '与', '英国', '奥斯特', '大学', '合作', '办学', ')']",6
沈阳体育学院,新闻学,['新闻学'],2
沈阳体育学院,网络与新媒体,"['网络', '与', '新', '媒体']",2
沈阳体育学院,运动人体科学,"['运动', '人体科学']",3
沈阳体育学院,运动康复,"['运动', '康复']",3
沈阳体育学院,应用心理学,"['应用', '心理学']",2
沈阳音乐学院,艺术史论(三好校区音乐学系),"['艺术', '史论', '(', '三好', '校区', '音乐', '学系', ')']",3
沈阳音乐学院,戏剧影视文学(长青校区戏剧影视学院),"['戏剧', '影视', '文学', '(', '长青', '校区', '戏剧', '影视', '学院', ')']",4
沈阳音乐学院,广播电视编导(长青校区戏剧影视学院),"['广播电视', '编导', '(', '长青', '校区', '戏剧', '影视', '学院', ')']",3
吉林大学,哲学,['哲学'],4
吉林大学,社会学类,"['社会学', '类']",6
吉林大学,考古学,['考古学'],4
吉林大学,广播电视编导,"['广播电视', '编导']",2
吉林大学,英语,['英语'],10
吉林大学,日语,['日语'],4
吉林大学,朝鲜语,['朝鲜语'],6
吉林大学,政治学与行政学,"['政治学', '与', '行政', '学']",6
吉林大学,外交学,['外交学'],2
吉林大学,会计学,['会计学'],20
吉林大学,管理科学与工程类,"['管理科学', '与', '工程', '类']",10
吉林大学,档案学,['档案学'],6
吉林大学,数学类,"['数学', '类']",10
吉林大学,物理学类,"['物理学', '类']",10
吉林大学,化学类,"['化学', '类']",18
吉林大学,生物科学类,"['生物科学', '类']",4
吉林大学,生物工程类,"['生物工程', '类']",8
吉林大学,机械类,['机械类'],16
吉林大学,工业设计,"['工业', '设计']",6
吉林大学,车辆工程,"['车辆', '工程']",8
吉林大学,能源与动力工程,"['能源', '与', '动力工程']",15
吉林大学,材料类,"['材料', '类']",24
吉林大学,交通运输类,"['交通运输', '类']",20
吉林大学,仿生科学与工程,"['仿生', '科学', '与', '工程']",7
吉林大学,电子信息类,"['电子信息', '类']",25
吉林大学,通信工程,['通信工程'],16
吉林大学,自动化类,"['自动化', '类']",6
吉林大学,软件工程,['软件工程'],24
吉林大学,数据科学与大数据技术,"['数据', '科学', '与', '大', '数据', '技术']",6
吉林大学,仪器类,"['仪器', '类']",20
吉林大学,土木类,"['土木', '类']",15
吉林大学,环境科学与工程类,"['环境', '科学', '与', '工程', '类']",8
吉林大学,新能源科学与工程,"['新', '能源科学', '与', '工程']",2
吉林大学,预防医学,"['预防', '医学']",12
吉林大学,临床医学(5+3一体化),"['临床医学', '(', '5', '+', '3', '一体化', ')']",4
吉林大学,临床医学,['临床医学'],4
吉林大学,临床医学(5+3一体化，儿科学),"['临床医学', '(', '5', '+', '3', '一体化', '，', '儿科学', ')']",4
吉林大学,临床医学(5+3一体化),"['临床医学', '(', '5', '+', '3', '一体化', ')']",4
吉林大学,临床医学(5+3一体化),"['临床医学', '(', '5', '+', '3', '一体化', ')']",4
吉林大学,临床医学,['临床医学'],4
吉林大学,口腔医学,['口腔医学'],2
吉林大学,康复治疗学,"['康复', '治疗学']",3
吉林大学,护理学,['护理学'],13
吉林大学,动物医学,"['动物', '医学']",9
吉林大学,人工智能,['人工智能'],4
吉林大学,经济学(国别与区域经济),"['经济学', '(', '国别', '与', '区域', '经济', ')']",4
吉林大学,生物医学科学,"['生物医学', '科学']",3
吉林大学,汉语言文学,"['汉语言', '文学']",2
吉林大学,新闻传播学类,"['新闻', '传播学', '类']",6
吉林大学,经济学类,"['经济学', '类']",15
吉林大学,法学,['法学'],8
吉林大学,工商管理类,"['工商管理', '类']",6
吉林大学,农业机械化及其自动化,"['农业', '机械化', '及其', '自动化']",1
吉林大学,食品科学与工程类,"['食品科学', '与', '工程', '类']",10
吉林大学,计算机类,"['计算机', '类']",22
吉林大学,地质类,"['地质', '类']",24
吉林大学,勘查技术与工程,"['勘查', '技术', '与', '工程']",10
吉林大学,药学,['药学'],10
吉林大学,植物生产类,"['植物', '生产', '类']",16
吉林大学,物理学(中外合作办学),"['物理学', '(', '中外合作', '办学', ')']",6
延边大学,朝鲜语,['朝鲜语'],2
延边大学,中国语言文学类,"['中国', '语言', '文学类']",5
延边大学,法学,['法学'],3
延边大学,电子信息类,"['电子信息', '类']",5
延边大学,人工智能,['人工智能'],4
延边大学,机械类,['机械类'],4
延边大学,高分子材料与工程,"['高分子', '材料', '与', '工程']",4
延边大学,土木工程,['土木工程'],3
延边大学,护理学,['护理学'],3
延边大学,工商管理类,"['工商管理', '类']",6
延边大学,经济学类,"['经济学', '类']",6
延边大学,信息管理与信息系统,"['信息管理', '与', '信息系统']",3
延边大学,物流管理,"['物流', '管理']",2
延边大学,旅游管理,"['旅游', '管理']",8
延边大学,地理科学类,"['地理', '科学', '类']",8
延边大学,化学类,"['化学', '类']",4
延边大学,物理学,['物理学'],4
延边大学,食品科学与工程,"['食品科学', '与', '工程']",3
延边大学,药学类,"['药学', '类']",3
延边大学,临床医学,['临床医学'],3
延边大学,麻醉学,['麻醉学'],3
延边大学,预防医学,"['预防', '医学']",3
延边大学,中医学,['中医学'],3
延边大学,英语,['英语'],2
延边大学,俄语,['俄语'],2
延边大学,日语,['日语'],2
延边大学,经济学(中外合作办学),"['经济学', '(', '中外合作', '办学', ')']",6
延边大学,通信工程(中外合作办学),"['通信工程', '(', '中外合作', '办学', ')']",5
延边大学,食品科学与工程(中外合作办学),"['食品科学', '与', '工程', '(', '中外合作', '办学', ')']",6
长春理工大学,应用物理学,"['应用', '物理学']",6
长春理工大学,电子科学与技术,"['电子', '科学', '与', '技术']",2
长春理工大学,微电子科学与工程,"['微电子', '科学', '与', '工程']",4
长春理工大学,光电信息科学与工程,"['光电', '信息科学', '与', '工程']",5
长春理工大学,测控技术与仪器,"['测控', '技术', '与', '仪器']",4
长春理工大学,智能感知工程,"['智能', '感知', '工程']",3
长春理工大学,光电信息科学与工程,"['光电', '信息科学', '与', '工程']",8
长春理工大学,探测制导与控制技术,"['探测', '制导', '与', '控制技术']",2
长春理工大学,信息对抗技术,"['信息', '对抗', '技术']",3
长春理工大学,机械设计制造及其自动化,"['机械设计', '制造', '及其', '自动化']",5
长春理工大学,机械电子工程,"['机械', '电子', '工程']",5
长春理工大学,过程装备与控制工程,"['过程', '装备', '与', '控制工程']",7
长春理工大学,电气工程及其自动化,"['电气工程', '及其', '自动化']",5
长春理工大学,电子信息工程,"['电子', '信息工程']",2
长春理工大学,通信工程,['通信工程'],2
长春理工大学,电子信息科学与技术,"['电子信息', '科学', '与', '技术']",2
长春理工大学,自动化,['自动化'],3
长春理工大学,计算机科学与技术,"['计算机科学', '与', '技术']",4
长春理工大学,软件工程,['软件工程'],2
长春理工大学,信息安全,['信息安全'],3
长春理工大学,数据科学与大数据技术,"['数据', '科学', '与', '大', '数据', '技术']",5
长春理工大学,机器人工程,"['机器人', '工程']",2
长春理工大学,材料化学,"['材料', '化学']",9
长春理工大学,功能材料,"['功能', '材料']",3
长春理工大学,新能源材料与器件,"['新能源', '材料', '与', '器件']",6
长春理工大学,应用化学,['应用化学'],3
长春理工大学,化学工程与工艺,"['化学工程', '与', '工艺']",4
长春理工大学,环境工程,['环境工程'],2
长春理工大学,应用统计学,"['应用', '统计学']",7
长春理工大学,生物技术,"['生物', '技术']",2
长春理工大学,生物医学工程,"['生物医学', '工程']",5
长春理工大学,生物工程,['生物工程'],2
长春理工大学,金融工程,"['金融', '工程']",9
长春理工大学,国际经济与贸易,"['国际', '经济', '与', '贸易']",2
长春理工大学,信息管理与信息系统,"['信息管理', '与', '信息系统']",1
长春理工大学,俄语,['俄语'],5
长春理工大学,日语,['日语'],3
长春理工大学,朝鲜语,['朝鲜语'],3
长春理工大学,翻译,['翻译'],2
长春理工大学,汉语言文学,"['汉语言', '文学']",3
长春理工大学,汉语国际教育,"['汉语', '国际', '教育']",2
长春理工大学,广告学,['广告学'],2
长春理工大学,法学,['法学'],2
长春理工大学,社会工作,['社会工作'],3
长春理工大学,数学类,"['数学', '类']",4
长春理工大学,工商管理类,"['工商管理', '类']",8
长春理工大学,光电信息科学与工程(中外合作办学),"['光电', '信息科学', '与', '工程', '(', '中外合作', '办学', ')']",18
长春理工大学,电子科学与技术(中外合作办学),"['电子', '科学', '与', '技术', '(', '中外合作', '办学', ')']",8
长春理工大学,光电信息科学与工程(中外合作办学),"['光电', '信息科学', '与', '工程', '(', '中外合作', '办学', ')']",19
长春理工大学,测控技术与仪器(中外合作办学),"['测控', '技术', '与', '仪器', '(', '中外合作', '办学', ')']",9
长春理工大学,生物工程(中外合作办学),"['生物工程', '(', '中外合作', '办学', ')']",11
东北电力大学,电气工程及其自动化,"['电气工程', '及其', '自动化']",14
东北电力大学,电子信息工程,"['电子', '信息工程']",3
东北电力大学,智能电网信息工程,"['智能', '电网', '信息工程']",5
东北电力大学,通信工程,['通信工程'],5
东北电力大学,能源与动力工程,"['能源', '与', '动力工程']",19
东北电力大学,储能科学与工程,"['储能', '科学', '与', '工程']",3
东北电力大学,建筑环境与能源应用工程,"['建筑', '环境', '与', '能源', '应用', '工程']",4
东北电力大学,核工程与核技术,"['核工程', '与', '核技术']",4
东北电力大学,新能源科学与工程,"['新', '能源科学', '与', '工程']",4
东北电力大学,自动化,['自动化'],11
东北电力大学,机器人工程,"['机器人', '工程']",6
东北电力大学,测控技术与仪器,"['测控', '技术', '与', '仪器']",5
东北电力大学,应用化学,['应用化学'],10
东北电力大学,能源化学工程,"['能源', '化学工程']",7
东北电力大学,环境工程,['环境工程'],3
东北电力大学,化学工程与工业生物工程,"['化学工程', '与', '工业', '生物工程']",3
东北电力大学,会计学,['会计学'],10
东北电力大学,信息管理与信息系统,"['信息管理', '与', '信息系统']",3
东北电力大学,土木工程,['土木工程'],12
东北电力大学,工程管理,"['工程', '管理']",5
东北电力大学,给排水科学与工程,"['给排水', '科学', '与', '工程']",4
东北电力大学,计算机科学与技术,"['计算机科学', '与', '技术']",8
东北电力大学,智能科学与技术,"['智能科学', '与', '技术']",4
东北电力大学,软件工程,['软件工程'],4
东北电力大学,机械设计制造及其自动化,"['机械设计', '制造', '及其', '自动化']",6
东北电力大学,材料成型及控制工程,"['材料', '成型', '及', '控制工程']",4
东北电力大学,机械电子工程,"['机械', '电子', '工程']",5
东北电力大学,数学与应用数学,"['数学', '与', '应用', '数学']",4
东北电力大学,信息与计算科学,"['信息', '与', '计算', '科学']",3
东北电力大学,新能源材料与器件,"['新能源', '材料', '与', '器件']",2
东北电力大学,日语,['日语'],11
东北电力大学,英语,['英语'],10
东北电力大学,思想政治教育,"['思想', '政治', '教育']",4
东北电力大学,广播电视编导,"['广播电视', '编导']",9
东北电力大学,电气工程及其自动化(中外合作办学),"['电气工程', '及其', '自动化', '(', '中外合作', '办学', ')']",30
东北电力大学,土木工程(中外合作办学),"['土木工程', '(', '中外合作', '办学', ')']",5
长春工业大学,机械工程,['机械工程'],2
长春工业大学,机械电子工程,"['机械', '电子', '工程']",1
长春工业大学,车辆工程,"['车辆', '工程']",2
长春工业大学,工业设计,"['工业', '设计']",2
长春工业大学,工业工程,"['工业', '工程']",2
长春工业大学,智能制造工程,"['智能', '制造', '工程']",1
长春工业大学,材料成型及控制工程,"['材料', '成型', '及', '控制工程']",2
长春工业大学,金属材料工程,"['金属材料', '工程']",6
长春工业大学,材料物理,"['材料', '物理']",4
长春工业大学,电气工程及其自动化,"['电气工程', '及其', '自动化']",1
长春工业大学,自动化,['自动化'],3
长春工业大学,测控技术与仪器,"['测控', '技术', '与', '仪器']",3
长春工业大学,机器人工程,"['机器人', '工程']",5
长春工业大学,计算机科学与技术,"['计算机科学', '与', '技术']",12
长春工业大学,软件工程,['软件工程'],3
长春工业大学,电子信息工程,"['电子', '信息工程']",5
长春工业大学,信息安全,['信息安全'],6
长春工业大学,工商管理,['工商管理'],3
长春工业大学,电子商务,['电子商务'],4
长春工业大学,会计学,['会计学'],4
长春工业大学,信息管理与信息系统,"['信息管理', '与', '信息系统']",3
长春工业大学,金融学,['金融学'],4
长春工业大学,国际经济与贸易,"['国际', '经济', '与', '贸易']",2
长春工业大学,高分子材料与工程,"['高分子', '材料', '与', '工程']",6
长春工业大学,化学工程与工艺,"['化学工程', '与', '工艺']",6
长春工业大学,环境工程,['环境工程'],5
长春工业大学,制药工程,"['制药', '工程']",4
长春工业大学,涂料工程,"['涂料', '工程']",1
长春工业大学,材料化学,"['材料', '化学']",3
长春工业大学,化学,['化学'],2
长春工业大学,生物工程,['生物工程'],1
长春工业大学,食品科学与工程,"['食品科学', '与', '工程']",1
长春工业大学,化妆品技术与工程,"['化妆品', '技术', '与', '工程']",1
长春工业大学,数字媒体技术,"['数字', '媒体', '技术']",10
长春工业大学,网络与新媒体,"['网络', '与', '新', '媒体']",1
长春工业大学,法学,['法学'],2
长春工业大学,公共事业管理,"['公共事业', '管理']",4
长春工业大学,社会工作,['社会工作'],1
长春工业大学,行政管理,"['行政', '管理']",4
长春工业大学,广告学,['广告学'],2
长春工业大学,信息与计算科学,"['信息', '与', '计算', '科学']",5
长春工业大学,统计学,['统计学'],3
长春工业大学,数据科学与大数据技术,"['数据', '科学', '与', '大', '数据', '技术']",5
长春工业大学,英语,['英语'],2
长春工业大学,俄语,['俄语'],1
长春工业大学,日语,['日语'],4
长春工业大学,电气工程及其自动化(中外合作办学),"['电气工程', '及其', '自动化', '(', '中外合作', '办学', ')']",5
长春工业大学,计算机科学与技术(中外合作办学),"['计算机科学', '与', '技术', '(', '中外合作', '办学', ')']",5
长春工业大学,工业工程(中外合作办学),"['工业', '工程', '(', '中外合作', '办学', ')']",10
长春工业大学,机械工程(中外合作办学),"['机械工程', '(', '中外合作', '办学', ')']",5
吉林建筑大学,建筑学,['建筑学'],2
吉林建筑大学,城乡规划,['城乡规划'],3
吉林建筑大学,土木工程,['土木工程'],15
吉林建筑大学,工程力学,['工程力学'],4
吉林建筑大学,机械工程,['机械工程'],4
吉林建筑大学,城市地下空间工程,"['城市', '地下', '空间', '工程']",4
吉林建筑大学,建筑环境与能源应用工程,"['建筑', '环境', '与', '能源', '应用', '工程']",13
吉林建筑大学,给排水科学与工程,"['给排水', '科学', '与', '工程']",8
吉林建筑大学,环境工程,['环境工程'],4
吉林建筑大学,环境科学,"['环境', '科学']",6
吉林建筑大学,安全工程,['安全工程'],8
吉林建筑大学,无机非金属材料工程,"['无机', '非金属材料', '工程']",11
吉林建筑大学,高分子材料与工程,"['高分子', '材料', '与', '工程']",6
吉林建筑大学,材料化学,"['材料', '化学']",3
吉林建筑大学,工程管理,"['工程', '管理']",5
吉林建筑大学,物流管理,"['物流', '管理']",2
吉林建筑大学,财务管理,['财务管理'],2
吉林建筑大学,公共事业管理,"['公共事业', '管理']",2
吉林建筑大学,城市管理,"['城市', '管理']",2
吉林建筑大学,社会工作,['社会工作'],4
吉林建筑大学,道路桥梁与渡河工程,"['道路', '桥梁', '与', '渡河', '工程']",13
吉林建筑大学,交通工程,"['交通', '工程']",4
吉林建筑大学,电气工程及其自动化,"['电气工程', '及其', '自动化']",10
吉林建筑大学,电子信息工程,"['电子', '信息工程']",4
吉林建筑大学,电子信息科学与技术,"['电子信息', '科学', '与', '技术']",5
吉林建筑大学,自动化,['自动化'],5
吉林建筑大学,计算机科学与技术,"['计算机科学', '与', '技术']",2
吉林建筑大学,软件工程,['软件工程'],4
吉林建筑大学,建筑电气与智能化,"['建筑', '电气', '与', '智能化']",7
吉林建筑大学,测绘工程,"['测绘', '工程']",6
吉林建筑大学,地理空间信息工程,"['地理', '空间', '信息工程']",2
吉林建筑大学,地质工程,"['地质', '工程']",4
吉林建筑大学,地理信息科学,"['地理信息', '科学']",2
吉林建筑大学,风景园林,['风景园林'],2
吉林建筑大学,信息安全,['信息安全'],2
吉林建筑大学,工程造价,['工程造价'],4
吉林建筑大学,勘查技术与工程,"['勘查', '技术', '与', '工程']",2
吉林建筑大学,消防工程,['消防工程'],6
吉林建筑大学,建筑学(中外合作办学),"['建筑学', '(', '中外合作', '办学', ')']",3
吉林建筑大学,土木工程(中外合作办学),"['土木工程', '(', '中外合作', '办学', ')']",4
吉林建筑大学,电气工程及其自动化(中外合作办学),"['电气工程', '及其', '自动化', '(', '中外合作', '办学', ')']",3
吉林建筑大学,工程管理(中外合作办学),"['工程', '管理', '(', '中外合作', '办学', ')']",4
吉林化工学院,化学工程与工艺,"['化学工程', '与', '工艺']",1
吉林化工学院,轻化工程,"['轻化', '工程']",1
吉林化工学院,油气储运工程,"['油气', '储运', '工程']",2
吉林化工学院,材料成型及控制工程,"['材料', '成型', '及', '控制工程']",1
吉林化工学院,能源与动力工程,"['能源', '与', '动力工程']",3
吉林化工学院,工业工程,"['工业', '工程']",7
吉林化工学院,过程装备与控制工程,"['过程', '装备', '与', '控制工程']",5
吉林化工学院,电气工程及其自动化,"['电气工程', '及其', '自动化']",1
吉林化工学院,测控技术与仪器,"['测控', '技术', '与', '仪器']",3
吉林化工学院,电子信息工程,"['电子', '信息工程']",3
吉林化工学院,自动化,['自动化'],1
吉林化工学院,计算机科学与技术,"['计算机科学', '与', '技术']",2
吉林化工学院,智能装备与系统,"['智能', '装备', '与', '系统']",4
吉林化工学院,应用化学,['应用化学'],5
吉林化工学院,制药工程,"['制药', '工程']",1
吉林化工学院,药物制剂,['药物制剂'],2
吉林化工学院,安全工程,['安全工程'],2
吉林化工学院,给排水科学与工程,"['给排水', '科学', '与', '工程']",1
吉林化工学院,环境科学,"['环境', '科学']",3
吉林化工学院,环境工程,['环境工程'],3
吉林化工学院,国际经济与贸易,"['国际', '经济', '与', '贸易']",2
吉林化工学院,金融工程,"['金融', '工程']",2
吉林化工学院,市场营销,['市场营销'],2
吉林化工学院,工程管理,"['工程', '管理']",4
吉林化工学院,信息管理与信息系统,"['信息管理', '与', '信息系统']",5
吉林化工学院,物流工程,"['物流', '工程']",3
吉林化工学院,英语,['英语'],1
吉林化工学院,日语,['日语'],2
吉林化工学院,应用物理学,"['应用', '物理学']",2
吉林化工学院,数据科学与大数据技术,"['数据', '科学', '与', '大', '数据', '技术']",1
吉林化工学院,高分子材料与工程,"['高分子', '材料', '与', '工程']",3
吉林化工学院,材料物理,"['材料', '物理']",1
吉林化工学院,材料化学,"['材料', '化学']",3
吉林化工学院,材料科学与工程,"['材料科学', '与', '工程']",3
吉林化工学院,生物技术,"['生物', '技术']",2
吉林化工学院,生物工程,['生物工程'],2
吉林化工学院,车辆工程,"['车辆', '工程']",2
吉林化工学院,飞行器制造工程,"['飞行器', '制造', '工程']",3
吉林化工学院,飞行器动力工程,"['飞行器', '动力工程']",1
吉林化工学院,电子信息工程(中外合作办学),"['电子', '信息工程', '(', '中外合作', '办学', ')']",15
吉林化工学院,化学工程与工艺(中外合作办学),"['化学工程', '与', '工艺', '(', '中外合作', '办学', ')']",10
吉林农业大学,植物生产类,"['植物', '生产', '类']",10
吉林农业大学,工商管理类,"['工商管理', '类']",13
吉林农业大学,自然保护与环境生态类,"['自然', '保护', '与', '环境', '生态', '类']",4
吉林农业大学,环境科学与工程类,"['环境', '科学', '与', '工程', '类']",2
吉林农业大学,机械类,['机械类'],6
吉林农业大学,动物生产类,"['动物', '生产', '类']",3
吉林农业大学,中药学类,"['中药学', '类']",7
吉林农业大学,食品科学与工程类,"['食品科学', '与', '工程', '类']",10
吉林农业大学,生物科学类,"['生物科学', '类']",6
吉林农业大学,生物工程类,"['生物工程', '类']",6
吉林农业大学,计算机类,"['计算机', '类']",3
吉林农业大学,植物生产类,"['植物', '生产', '类']",9
吉林农业大学,植物生产类,"['植物', '生产', '类']",10
吉林农业大学,智慧农业,"['智慧', '农业']",4
吉林农业大学,动物药学,"['动物', '药学']",2
吉林农业大学,电子信息科学与技术,"['电子信息', '科学', '与', '技术']",2
吉林农业大学,风景园林,['风景园林'],2
吉林农业大学,英语,['英语'],4
吉林农业大学,金融学,['金融学'],2
吉林农业大学,动物医学,"['动物', '医学']",4
吉林农业大学,农药化肥,"['农药', '化肥']",6
吉林农业大学,思想政治教育,"['思想', '政治', '教育']",4
吉林农业大学,生物信息学,"['生物', '信息学']",3
吉林农业大学,生物技术(中外合作办学),"['生物', '技术', '(', '中外合作', '办学', ')']",8
吉林农业大学,动物科学(中外合作办学),"['动物', '科学', '(', '中外合作', '办学', ')']",8
长春中医药大学,制药工程,"['制药', '工程']",1
长春中医药大学,临床医学,['临床医学'],6
长春中医药大学,中医学,['中医学'],4
长春中医药大学,中医学(5+3一体化),"['中医学', '(', '5', '+', '3', '一体化', ')']",6
长春中医药大学,针灸推拿学,"['针灸', '推拿学']",12
长春中医药大学,中医康复学,"['中医', '康复', '学']",3
长春中医药大学,中医儿科学,"['中医', '儿科学']",2
长春中医药大学,中医骨伤科学,"['中医', '骨伤', '科学']",2
长春中医药大学,中西医临床医学,"['中西医', '临床医学']",14
长春中医药大学,药学,['药学'],2
长春中医药大学,药物制剂,['药物制剂'],1
长春中医药大学,中药学,['中药学'],3
长春中医药大学,康复治疗学,"['康复', '治疗学']",1
长春中医药大学,护理学,['护理学'],2
长春中医药大学,生物制药(中外合作办学),"['生物制药', '(', '中外合作', '办学', ')']",7
东北师范大学,心理学(师范类),"['心理学', '(', '师范类', ')']",2
东北师范大学,汉语言文学(师范类),"['汉语言', '文学', '(', '师范类', ')']",3
东北师范大学,历史学(师范类),"['历史学', '(', '师范类', ')']",3
东北师范大学,英语(师范类),"['英语', '(', '师范类', ')']",2
东北师范大学,日语(师范类),"['日语', '(', '师范类', ')']",1
东北师范大学,俄语(师范类),"['俄语', '(', '师范类', ')']",3
东北师范大学,商务英语,['商务英语'],2
东北师范大学,化学(师范类),"['化学', '(', '师范类', ')']",3
东北师范大学,德语(师范类),"['德语', '(', '师范类', ')']",3
东北师范大学,教育学类(师范类),"['教育学', '类', '(', '师范类', ')']",3
东北师范大学,政治学类,"['政治学', '类']",4
东北师范大学,经济学类,"['经济学', '类']",7
东北师范大学,马克思主义理论类,"['马克思主义', '理论', '类']",5
东北师范大学,数学类,"['数学', '类']",5
东北师范大学,计算机类,"['计算机', '类']",7
东北师范大学,物理学类,"['物理学', '类']",6
东北师范大学,生物科学类,"['生物科学', '类']",3
东北师范大学,地理科学类,"['地理', '科学', '类']",3
东北师范大学,环境科学与工程类,"['环境', '科学', '与', '工程', '类']",4
东北师范大学,新闻传播学类,"['新闻', '传播学', '类']",2
东北师范大学,法学,['法学'],3
东北师范大学,会计学(中外合作办学),"['会计学', '(', '中外合作', '办学', ')']",6
东北师范大学,计算机科学与技术(中外合作办学),"['计算机科学', '与', '技术', '(', '中外合作', '办学', ')']",6
北华大学,法学,['法学'],5
北华大学,思想政治教育(师范类),"['思想', '政治', '教育', '(', '师范类', ')']",2
北华大学,小学教育(师范类),"['小学', '教育', '(', '师范类', ')']",6
北华大学,汉语言文学(师范类),"['汉语言', '文学', '(', '师范类', ')']",2
北华大学,网络与新媒体,"['网络', '与', '新', '媒体']",2
北华大学,历史学(师范类),"['历史学', '(', '师范类', ')']",2
北华大学,英语,['英语'],4
北华大学,西班牙语,['西班牙语'],2
北华大学,日语,['日语'],4
北华大学,法语,['法语'],6
北华大学,俄语,['俄语'],4
北华大学,朝鲜语,['朝鲜语'],2
北华大学,数学与应用数学(师范类),"['数学', '与', '应用', '数学', '(', '师范类', ')']",8
北华大学,经济统计学,"['经济', '统计学']",4
北华大学,统计学,['统计学'],5
北华大学,物理学(师范类),"['物理学', '(', '师范类', ')']",3
北华大学,化学(师范类),"['化学', '(', '师范类', ')']",4
北华大学,机械类,['机械类'],5
北华大学,工业设计,"['工业', '设计']",2
北华大学,应用化学,['应用化学'],5
北华大学,家具设计与工程,"['家具', '设计', '与', '工程']",2
北华大学,电子信息工程,"['电子', '信息工程']",7
北华大学,通信工程,['通信工程'],3
北华大学,机器人工程,"['机器人', '工程']",6
北华大学,软件工程,['软件工程'],5
北华大学,网络工程,['网络工程'],2
北华大学,数字媒体技术,"['数字', '媒体', '技术']",2
北华大学,车辆工程,"['车辆', '工程']",4
北华大学,土木工程,['土木工程'],3
北华大学,工程管理,"['工程', '管理']",4
北华大学,林学,['林学'],4
北华大学,风景园林,['风景园林'],2
北华大学,临床医学,['临床医学'],4
北华大学,医学影像学,"['医学', '影像学']",2
北华大学,预防医学,"['预防', '医学']",2
北华大学,医学检验技术,"['医学', '检验', '技术']",3
北华大学,护理学,['护理学'],6
北华大学,药学,['药学'],3
北华大学,工商管理,['工商管理'],4
北华大学,国际经济与贸易,"['国际', '经济', '与', '贸易']",2
北华大学,会计学,['会计学'],4
北华大学,物流管理,"['物流', '管理']",2
北华大学,行政管理,"['行政', '管理']",3
北华大学,机械设计制造及其自动化(中外合作办学),"['机械设计', '制造', '及其', '自动化', '(', '中外合作', '办学', ')']",18
北华大学,通信工程(中外合作办学),"['通信工程', '(', '中外合作', '办学', ')']",10
北华大学,护理学(中外合作办学),"['护理学', '(', '中外合作', '办学', ')']",11
通化师范学院,法学,['法学'],2
通化师范学院,思想政治教育(师范类),"['思想', '政治', '教育', '(', '师范类', ')']",2
通化师范学院,学前教育(师范类),"['学前教育', '(', '师范类', ')']",2
通化师范学院,汉语言文学(师范类),"['汉语言', '文学', '(', '师范类', ')']",8
通化师范学院,汉语国际教育(师范类),"['汉语', '国际', '教育', '(', '师范类', ')']",2
通化师范学院,英语(师范类),"['英语', '(', '师范类', ')']",5
通化师范学院,数学与应用数学(师范类),"['数学', '与', '应用', '数学', '(', '师范类', ')']",2
通化师范学院,食品科学与工程,"['食品科学', '与', '工程']",2
通化师范学院,食品质量与安全,"['食品质量', '与', '安全']",2
通化师范学院,药物制剂,['药物制剂'],4
通化师范学院,财务管理,['财务管理'],2
通化师范学院,广播电视编导,"['广播电视', '编导']",2
通化师范学院,计算机科学与技术(师范类),"['计算机科学', '与', '技术', '(', '师范类', ')']",4
通化师范学院,生物科学(中外合作办学),"['生物科学', '(', '中外合作', '办学', ')']",5
通化师范学院,食品科学与工程(中外合作办学),"['食品科学', '与', '工程', '(', '中外合作', '办学', ')']",8
吉林师范大学,汉语言文学(师范类),"['汉语言', '文学', '(', '师范类', ')']",2
吉林师范大学,汉语国际教育,"['汉语', '国际', '教育']",1
吉林师范大学,思想政治教育(师范类),"['思想', '政治', '教育', '(', '师范类', ')']",1
吉林师范大学,历史学(师范类),"['历史学', '(', '师范类', ')']",1
吉林师范大学,英语(师范类),"['英语', '(', '师范类', ')']",3
吉林师范大学,俄语,['俄语'],3
吉林师范大学,日语,['日语'],3
吉林师范大学,朝鲜语,['朝鲜语'],3
吉林师范大学,德语,['德语'],3
吉林师范大学,西班牙语,['西班牙语'],3
吉林师范大学,心理学(师范类),"['心理学', '(', '师范类', ')']",1
吉林师范大学,小学教育(师范类),"['小学', '教育', '(', '师范类', ')']",1
吉林师范大学,数学与应用数学(师范类),"['数学', '与', '应用', '数学', '(', '师范类', ')']",2
吉林师范大学,应用物理学,"['应用', '物理学']",2
吉林师范大学,应用化学,['应用化学'],1
吉林师范大学,生物科学(师范类),"['生物科学', '(', '师范类', ')']",1
吉林师范大学,地理信息科学,"['地理信息', '科学']",1
吉林师范大学,旅游管理,"['旅游', '管理']",2
吉林师范大学,计算机科学与技术(师范类),"['计算机科学', '与', '技术', '(', '师范类', ')']",1
吉林师范大学,数据科学与大数据技术,"['数据', '科学', '与', '大', '数据', '技术']",1
吉林师范大学,软件工程,['软件工程'],2
吉林师范大学,新闻学,['新闻学'],2
吉林师范大学,编辑出版学,"['编辑', '出版学']",2
吉林师范大学,广播电视编导,"['广播电视', '编导']",8
吉林师范大学,电子信息类,"['电子信息', '类']",2
吉林师范大学,人力资源管理,"['人力', '资源管理']",4
吉林师范大学,财务管理,['财务管理'],3
吉林师范大学,环境科学,"['环境', '科学']",2
吉林师范大学,给排水科学与工程,"['给排水', '科学', '与', '工程']",2
吉林师范大学,环境工程,['环境工程'],2
吉林师范大学,社会工作,['社会工作'],1
吉林师范大学,法学,['法学'],1
吉林师范大学,金融学,['金融学'],4
吉林师范大学,学前教育(中外合作办学)(师范类),"['学前教育', '(', '中外合作', '办学', ')', '(', '师范类', ')']",3
吉林师范大学,电子信息工程(中外合作办学),"['电子', '信息工程', '(', '中外合作', '办学', ')']",4
吉林工程技术师范学院,汉语言文学(师范类),"['汉语言', '文学', '(', '师范类', ')']",3
吉林工程技术师范学院,数学与应用数学(师范类),"['数学', '与', '应用', '数学', '(', '师范类', ')']",15
吉林工程技术师范学院,计算机科学与技术(师范类),"['计算机科学', '与', '技术', '(', '师范类', ')']",5
吉林工程技术师范学院,机械设计制造及其自动化(师范类),"['机械设计', '制造', '及其', '自动化', '(', '师范类', ')']",3
吉林工程技术师范学院,电气工程及其自动化(中外合作办学),"['电气工程', '及其', '自动化', '(', '中外合作', '办学', ')']",5
长春师范大学,地理科学(师范类),"['地理', '科学', '(', '师范类', ')']",4
长春师范大学,地理信息科学,"['地理信息', '科学']",3
长春师范大学,广播电视编导,"['广播电视', '编导']",5
长春师范大学,广告学,['广告学'],4
长春师范大学,戏剧影视文学,"['戏剧', '影视', '文学']",5
长春师范大学,车辆工程,"['车辆', '工程']",4
长春师范大学,机械设计制造及其自动化,"['机械设计', '制造', '及其', '自动化']",4
长春师范大学,化学(师范类),"['化学', '(', '师范类', ')']",5
长春师范大学,环境科学,"['环境', '科学']",4
长春师范大学,计算机科学与技术(师范类),"['计算机科学', '与', '技术', '(', '师范类', ')']",6
长春师范大学,小学教育(师范类),"['小学', '教育', '(', '师范类', ')']",4
长春师范大学,经济与金融,"['经济', '与', '金融']",4
长春师范大学,历史学(师范类),"['历史学', '(', '师范类', ')']",4
长春师范大学,人文教育(师范类),"['人文', '教育', '(', '师范类', ')']",4
长春师范大学,思想政治教育(师范类),"['思想', '政治', '教育', '(', '师范类', ')']",3
长春师范大学,生物科学(师范类),"['生物科学', '(', '师范类', ')']",5
长春师范大学,生物技术,"['生物', '技术']",5
长春师范大学,数学与应用数学(师范类),"['数学', '与', '应用', '数学', '(', '师范类', ')']",5
长春师范大学,俄语(师范类),"['俄语', '(', '师范类', ')']",4
长春师范大学,法语,['法语'],4
长春师范大学,日语(师范类),"['日语', '(', '师范类', ')']",4
长春师范大学,西班牙语,['西班牙语'],4
长春师范大学,英语(师范类),"['英语', '(', '师范类', ')']",4
长春师范大学,汉语国际教育(师范类),"['汉语', '国际', '教育', '(', '师范类', ')']",4
长春师范大学,汉语言文学(师范类),"['汉语言', '文学', '(', '师范类', ')']",5
长春师范大学,科学教育(师范类),"['科学', '教育', '(', '师范类', ')']",7
长春师范大学,物理学类(师范类),"['物理学', '类', '(', '师范类', ')']",5
长春师范大学,行政管理,"['行政', '管理']",2
长春师范大学,法学,['法学'],2
长春师范大学,图书馆学,['图书馆学'],4
长春师范大学,朝鲜语(师范类),"['朝鲜语', '(', '师范类', ')']",4
长春师范大学,文物与博物馆学,"['文物', '与', '博物馆学']",3
长春师范大学,计算机科学与技术(中外合作办学),"['计算机科学', '与', '技术', '(', '中外合作', '办学', ')']",4
长春师范大学,旅游管理(中外合作办学),"['旅游', '管理', '(', '中外合作', '办学', ')']",4
长春师范大学,学前教育(中外合作办学)(师范类),"['学前教育', '(', '中外合作', '办学', ')', '(', '师范类', ')']",5
长春师范大学,会计学,['会计学'],4
长春师范大学,人工智能,['人工智能'],8
白城师范学院,思想政治教育(师范类),"['思想', '政治', '教育', '(', '师范类', ')']",5
白城师范学院,汉语言文学(师范类),"['汉语言', '文学', '(', '师范类', ')']",8
白城师范学院,教育技术学(师范类),"['教育', '技术', '学', '(', '师范类', ')']",2
白城师范学院,数学与应用数学(师范类),"['数学', '与', '应用', '数学', '(', '师范类', ')']",7
白城师范学院,法学,['法学'],2
白城师范学院,商务英语,['商务英语'],3
白城师范学院,文化产业管理,"['文化产业', '管理']",2
白城师范学院,统计学,['统计学'],3
白城师范学院,电子信息工程,"['电子', '信息工程']",2
白城师范学院,生物技术,"['生物', '技术']",4
白城师范学院,园艺,['园艺'],2
白城师范学院,动物科学,"['动物', '科学']",2
白城师范学院,机械设计制造及其自动化,"['机械设计', '制造', '及其', '自动化']",2
白城师范学院,机械电子工程,"['机械', '电子', '工程']",2
白城师范学院,计算机科学与技术,"['计算机科学', '与', '技术']",2
白城师范学院,软件工程,['软件工程'],4
白城师范学院,财务管理,['财务管理'],2
白城师范学院,地理信息科学,"['地理信息', '科学']",3
白城师范学院,数据科学与大数据技术,"['数据', '科学', '与', '大', '数据', '技术']",2
吉林财经大学,会计学,['会计学'],5
吉林财经大学,审计学,['审计学'],4
吉林财经大学,英语,['英语'],3
吉林财经大学,日语,['日语'],3
吉林财经大学,朝鲜语,['朝鲜语'],4
吉林财经大学,计算机科学与技术,"['计算机科学', '与', '技术']",3
吉林财经大学,国际经济与贸易,"['国际', '经济', '与', '贸易']",4
吉林财经大学,法学,['法学'],3
吉林财经大学,经济统计学,"['经济', '统计学']",4
吉林财经大学,保险学,['保险学'],4
吉林财经大学,税收学,"['税收', '学']",4
吉林财经大学,财政学,['财政学'],2
吉林财经大学,经济学,['经济学'],3
吉林财经大学,金融学,['金融学'],4
吉林财经大学,金融工程,"['金融', '工程']",3
吉林财经大学,信息管理与信息系统,"['信息管理', '与', '信息系统']",2
吉林财经大学,市场营销,['市场营销'],2
吉林财经大学,物流管理,"['物流', '管理']",2
吉林财经大学,数学与应用数学,"['数学', '与', '应用', '数学']",3
吉林财经大学,资产评估,"['资产', '评估']",2
吉林财经大学,跨境电子商务,"['跨境', '电子商务']",3
吉林财经大学,养老服务管理,"['养老', '服务', '管理']",2
吉林财经大学,电子商务(中外合作办学),"['电子商务', '(', '中外合作', '办学', ')']",3
吉林财经大学,金融学(中外合作办学),"['金融学', '(', '中外合作', '办学', ')']",4
吉林财经大学,会计学(中外合作办学),"['会计学', '(', '中外合作', '办学', ')']",4
黑龙江大学,哲学,['哲学'],3
黑龙江大学,经济学,['经济学'],2
黑龙江大学,法学,['法学'],2
黑龙江大学,教育学,['教育学'],7
黑龙江大学,汉语言文学,"['汉语言', '文学']",2
黑龙江大学,英语,['英语'],2
黑龙江大学,德语,['德语'],2
黑龙江大学,法语,['法语'],2
黑龙江大学,西班牙语,['西班牙语'],2
黑龙江大学,阿拉伯语,['阿拉伯语'],4
黑龙江大学,日语,['日语'],5
黑龙江大学,朝鲜语,['朝鲜语'],4
黑龙江大学,翻译(俄语翻译方向),"['翻译', '(', '俄语', '翻译', '方向', ')']",5
黑龙江大学,翻译(英语翻译方向),"['翻译', '(', '英语翻译', '方向', ')']",2
黑龙江大学,考古学,['考古学'],3
黑龙江大学,数学与应用数学,"['数学', '与', '应用', '数学']",2
黑龙江大学,信息与计算科学,"['信息', '与', '计算', '科学']",7
黑龙江大学,物理学,['物理学'],11
黑龙江大学,化学,['化学'],2
黑龙江大学,应用心理学,"['应用', '心理学']",2
黑龙江大学,统计学,['统计学'],3
黑龙江大学,材料化学,"['材料', '化学']",2
黑龙江大学,电气工程及其自动化,"['电气工程', '及其', '自动化']",2
黑龙江大学,自动化,['自动化'],2
黑龙江大学,计算机科学与技术,"['计算机科学', '与', '技术']",3
黑龙江大学,软件工程,['软件工程'],2
黑龙江大学,物联网工程,"['物', '联网', '工程']",2
黑龙江大学,土木工程,['土木工程'],4
黑龙江大学,给排水科学与工程,"['给排水', '科学', '与', '工程']",5
黑龙江大学,水利水电工程,"['水利水电', '工程']",2
黑龙江大学,化学工程与工艺,"['化学工程', '与', '工艺']",2
黑龙江大学,农业水利工程,"['农业', '水利工程']",5
黑龙江大学,植物保护,['植物保护'],2
黑龙江大学,种子科学与工程,"['种子', '科学', '与', '工程']",2
黑龙江大学,农业资源与环境,"['农业', '资源', '与', '环境']",2
黑龙江大学,信息管理与信息系统,"['信息管理', '与', '信息系统']",2
黑龙江大学,人力资源管理,"['人力', '资源管理']",2
黑龙江大学,行政管理,"['行政', '管理']",3
黑龙江大学,数学与应用数学,"['数学', '与', '应用', '数学']",6
黑龙江大学,物理学,['物理学'],10
黑龙江大学,化学工程与工艺,"['化学工程', '与', '工艺']",8
黑龙江大学,生物技术,"['生物', '技术']",8
黑龙江大学,金融学,['金融学'],2
黑龙江大学,法学,['法学'],4
黑龙江大学,金融学,['金融学'],5
黑龙江大学,俄语,['俄语'],3
黑龙江大学,电子信息类,"['电子信息', '类']",2
哈尔滨工业大学,工科试验班(英才本硕博连读),"['工科', '试验班', '(', '英才', '本硕博', '连读', ')']",12
哈尔滨工业大学,工科试验班(航天与自动化),"['工科', '试验班', '(', '航天', '与', '自动化', ')']",30
哈尔滨工业大学,工科试验班(计算机与电子通信),"['工科', '试验班', '(', '计算机', '与', '电子', '通信', ')']",28
哈尔滨工业大学,工科试验班(智能装备),"['工科', '试验班', '(', '智能', '装备', ')']",15
哈尔滨工业大学,工业设计(中外合作办学),"['工业', '设计', '(', '中外合作', '办学', ')']",3
哈尔滨工业大学,数学与应用数学(中外合作办学),"['数学', '与', '应用', '数学', '(', '中外合作', '办学', ')']",4
哈尔滨工业大学,应用物理学(中外合作办学),"['应用', '物理学', '(', '中外合作', '办学', ')']",2
哈尔滨理工大学,能源与动力工程,"['能源', '与', '动力工程']",2
哈尔滨理工大学,车辆工程,"['车辆', '工程']",2
哈尔滨理工大学,金属材料工程,"['金属材料', '工程']",4
哈尔滨理工大学,无机非金属材料工程,"['无机', '非金属材料', '工程']",3
哈尔滨理工大学,高分子材料与工程,"['高分子', '材料', '与', '工程']",4
哈尔滨理工大学,计算机科学与技术,"['计算机科学', '与', '技术']",5
哈尔滨理工大学,网络工程,['网络工程'],2
哈尔滨理工大学,测控技术与仪器,"['测控', '技术', '与', '仪器']",3
哈尔滨理工大学,安全工程,['安全工程'],2
哈尔滨理工大学,通信工程,['通信工程'],2
哈尔滨理工大学,信息管理与信息系统,"['信息管理', '与', '信息系统']",2
哈尔滨理工大学,人力资源管理,"['人力', '资源管理']",3
哈尔滨理工大学,应用物理学,"['应用', '物理学']",6
哈尔滨理工大学,材料物理,"['材料', '物理']",4
哈尔滨理工大学,光电信息科学与工程,"['光电', '信息科学', '与', '工程']",2
哈尔滨理工大学,信息与计算科学,"['信息', '与', '计算', '科学']",2
哈尔滨理工大学,应用统计学,"['应用', '统计学']",2
哈尔滨理工大学,材料化学,"['材料', '化学']",8
哈尔滨理工大学,环境工程,['环境工程'],6
哈尔滨理工大学,物联网工程,"['物', '联网', '工程']",2
哈尔滨理工大学,数据科学与大数据技术,"['数据', '科学', '与', '大', '数据', '技术']",2
哈尔滨理工大学,建筑学,['建筑学'],2
哈尔滨理工大学,工程力学,['工程力学'],8
哈尔滨理工大学,经济学类,"['经济学', '类']",3
哈尔滨理工大学,化工与制药类,"['化工', '与', '制药', '类']",4
哈尔滨理工大学,机器人工程,"['机器人', '工程']",3
燕山大学,经济与金融,"['经济', '与', '金融']",2
燕山大学,法学,['法学'],4
燕山大学,汉语言文学,"['汉语言', '文学']",2
燕山大学,汉语国际教育,"['汉语', '国际', '教育']",2
燕山大学,外国语言文学类(英语),"['外国', '语言', '文学类', '(', '英语', ')']",6
燕山大学,俄语,['俄语'],2
燕山大学,德语,['德语'],2
燕山大学,法语,['法语'],2
燕山大学,日语,['日语'],4
燕山大学,信息与计算科学,"['信息', '与', '计算', '科学']",2
燕山大学,应用物理学,"['应用', '物理学']",6
燕山大学,应用化学,['应用化学'],2
燕山大学,统计学,['统计学'],2
燕山大学,机械类,['机械类'],10
燕山大学,过程装备与控制工程,"['过程', '装备', '与', '控制工程']",6
燕山大学,车辆工程,"['车辆', '工程']",2
燕山大学,智能感知工程,"['智能', '感知', '工程']",2
燕山大学,材料类,"['材料', '类']",6
燕山大学,能源动力类,"['能源动力', '类']",4
燕山大学,电气类,"['电气', '类']",6
燕山大学,电子信息类,"['电子信息', '类']",6
燕山大学,计算机科学与技术,"['计算机科学', '与', '技术']",2
燕山大学,软件工程,['软件工程'],5
燕山大学,土木类,"['土木', '类']",6
燕山大学,环境工程,['环境工程'],4
燕山大学,建筑学,['建筑学'],2
燕山大学,智能医学工程,"['智能', '医学工程']",2
燕山大学,工商管理类,"['工商管理', '类']",8
燕山大学,公共管理类,"['公共', '管理', '类']",4
燕山大学,工业工程,"['工业', '工程']",2
燕山大学,机械设计制造及其自动化,"['机械设计', '制造', '及其', '自动化']",4
燕山大学,电气工程及其自动化,"['电气工程', '及其', '自动化']",4
燕山大学,自动化,['自动化'],4
燕山大学,电子科学与技术,"['电子', '科学', '与', '技术']",4
燕山大学,化学工程与工艺,"['化学工程', '与', '工艺']",4
燕山大学,金属材料工程,"['金属材料', '工程']",4
燕山大学,土木工程,['土木工程'],4
燕山大学,机械设计制造及其自动化,"['机械设计', '制造', '及其', '自动化']",2
燕山大学,车辆工程,"['车辆', '工程']",4
燕山大学,电子信息工程,"['电子', '信息工程']",2
燕山大学,自动化,['自动化'],2
燕山大学,生物工程,['生物工程'],2
燕山大学,工业工程(中外合作办学),"['工业', '工程', '(', '中外合作', '办学', ')']",15
燕山大学,机械设计制造及其自动化(中外合作办学),"['机械设计', '制造', '及其', '自动化', '(', '中外合作', '办学', ')']",10
燕山大学,自动化(中外合作办学),"['自动化', '(', '中外合作', '办学', ')']",10
燕山大学,电子科学与技术(中外合作办学),"['电子', '科学', '与', '技术', '(', '中外合作', '办学', ')']",10
燕山大学,软件工程(中外合作办学),"['软件工程', '(', '中外合作', '办学', ')']",10
哈尔滨工程大学,海洋工程类,"['海洋工程', '类']",24
哈尔滨工程大学,航空航天类,"['航空航天', '类']",20
哈尔滨工程大学,自动化类,"['自动化', '类']",31
哈尔滨工程大学,水声工程(含电子水声、水声、海洋信息3个专业),"['水声', '工程', '(', '含', '电子', '水声', '、', '水声', '、', '海洋', '信息', '3', '个', '专业', ')']",26
哈尔滨工程大学,计算机类,"['计算机', '类']",12
哈尔滨工程大学,软件工程(国家特色示范学院),"['软件工程', '(', '国家', '特色', '示范', '学院', ')']",16
哈尔滨工程大学,电子信息类,"['电子信息', '类']",18
哈尔滨工程大学,金融学,['金融学'],9
哈尔滨工程大学,工商管理类,"['工商管理', '类']",8
哈尔滨工程大学,核工程与核技术,"['核工程', '与', '核技术']",12
哈尔滨工程大学,数学与应用数学,"['数学', '与', '应用', '数学']",9
哈尔滨工程大学,光电信息科学与工程,"['光电', '信息科学', '与', '工程']",8
哈尔滨工程大学,应用物理学,"['应用', '物理学']",3
哈尔滨工程大学,英语,['英语'],4
哈尔滨工程大学,法学,['法学'],5
哈尔滨工程大学,思想政治教育,"['思想', '政治', '教育']",2
哈尔滨工程大学,能源动力类,"['能源动力', '类']",16
哈尔滨工程大学,机械类,['机械类'],18
哈尔滨工程大学,材料类,"['材料', '类']",13
哈尔滨工程大学,土木工程(中外合作办学),"['土木工程', '(', '中外合作', '办学', ')']",7
哈尔滨工程大学,机械设计制造及其自动化(中外合作办学),"['机械设计', '制造', '及其', '自动化', '(', '中外合作', '办学', ')']",4
哈尔滨工程大学,材料物理(中外合作办学),"['材料', '物理', '(', '中外合作', '办学', ')']",4
哈尔滨工程大学,船舶与海洋工程(中外合作办学),"['船舶', '与', '海洋工程', '(', '中外合作', '办学', ')']",5
哈尔滨工程大学,轮机工程(中外合作办学),"['轮机', '工程', '(', '中外合作', '办学', ')']",3
哈尔滨工程大学,自动化(中外合作办学),"['自动化', '(', '中外合作', '办学', ')']",4
哈尔滨工程大学,水声工程(中外合作办学),"['水声', '工程', '(', '中外合作', '办学', ')']",6
黑龙江科技大学,电气工程及其自动化,"['电气工程', '及其', '自动化']",3
黑龙江科技大学,自动化,['自动化'],2
黑龙江科技大学,测控技术与仪器,"['测控', '技术', '与', '仪器']",4
黑龙江科技大学,电气工程与智能控制,"['电气工程', '与', '智能', '控制']",3
黑龙江科技大学,机械设计制造及其自动化,"['机械设计', '制造', '及其', '自动化']",3
黑龙江科技大学,机械电子工程,"['机械', '电子', '工程']",3
黑龙江科技大学,机械工艺技术,"['机械', '工艺技术']",4
黑龙江科技大学,通信工程,['通信工程'],2
黑龙江科技大学,电子信息工程,"['电子', '信息工程']",2
黑龙江科技大学,电子信息科学与技术,"['电子信息', '科学', '与', '技术']",2
黑龙江科技大学,材料成型及控制工程,"['材料', '成型', '及', '控制工程']",3
黑龙江科技大学,工程管理,"['工程', '管理']",3
黑龙江科技大学,建筑学,['建筑学'],1
黑龙江科技大学,城乡规划,['城乡规划'],1
黑龙江科技大学,风景园林,['风景园林'],2
黑龙江科技大学,计算机科学与技术,"['计算机科学', '与', '技术']",3
黑龙江科技大学,软件工程,['软件工程'],4
黑龙江科技大学,物联网工程,"['物', '联网', '工程']",3
黑龙江科技大学,数据科学与大数据技术,"['数据', '科学', '与', '大', '数据', '技术']",3
黑龙江科技大学,数学与应用数学,"['数学', '与', '应用', '数学']",3
黑龙江科技大学,化学工程与工艺,"['化学工程', '与', '工艺']",3
黑龙江科技大学,应用化学,['应用化学'],2
黑龙江科技大学,安全工程,['安全工程'],2
黑龙江科技大学,国际经济与贸易,"['国际', '经济', '与', '贸易']",2
黑龙江科技大学,金融学,['金融学'],2
黑龙江科技大学,经济学,['经济学'],2
黑龙江科技大学,会计学,['会计学'],2
黑龙江科技大学,财务管理,['财务管理'],4
黑龙江科技大学,工商管理,['工商管理'],2
黑龙江科技大学,市场营销,['市场营销'],3
黑龙江科技大学,信息管理与信息系统,"['信息管理', '与', '信息系统']",4
黑龙江科技大学,英语,['英语'],2
黑龙江科技大学,俄语,['俄语'],2
黑龙江科技大学,思想政治教育,"['思想', '政治', '教育']",2
黑龙江科技大学,汉语言文学,"['汉语言', '文学']",2
东北石油大学,建筑学,['建筑学'],1
东北石油大学,安全工程,['安全工程'],4
东北石油大学,测控技术与仪器,"['测控', '技术', '与', '仪器']",4
东北石油大学,车辆工程,"['车辆', '工程']",2
东北石油大学,电气工程及其自动化,"['电气工程', '及其', '自动化']",5
东北石油大学,电子科学与技术,"['电子', '科学', '与', '技术']",5
东北石油大学,电子信息工程,"['电子', '信息工程']",6
东北石油大学,俄语,['俄语'],5
东北石油大学,高分子材料与工程,"['高分子', '材料', '与', '工程']",2
东北石油大学,给排水科学与工程,"['给排水', '科学', '与', '工程']",4
东北石油大学,工程管理,"['工程', '管理']",3
东北石油大学,工程力学,['工程力学'],5
东北石油大学,工业设计,"['工业', '设计']",4
东北石油大学,人工智能,['人工智能'],3
东北石油大学,光电信息科学与工程,"['光电', '信息科学', '与', '工程']",3
东北石油大学,国际经济与贸易,"['国际', '经济', '与', '贸易']",2
东北石油大学,过程装备与控制工程,"['过程', '装备', '与', '控制工程']",4
东北石油大学,海洋油气工程,"['海洋', '油气', '工程']",3
东北石油大学,汉语言文学,"['汉语言', '文学']",2
东北石油大学,行政管理,"['行政', '管理']",4
东北石油大学,化学,['化学'],2
东北石油大学,化学工程与工艺,"['化学工程', '与', '工艺']",4
东北石油大学,环境工程,['环境工程'],3
东北石油大学,机械设计制造及其自动化,"['机械设计', '制造', '及其', '自动化']",3
东北石油大学,建筑环境与能源应用工程,"['建筑', '环境', '与', '能源', '应用', '工程']",3
东北石油大学,教育技术学,"['教育', '技术', '学']",4
东北石油大学,金属材料工程,"['金属材料', '工程']",2
东北石油大学,勘查技术与工程,"['勘查', '技术', '与', '工程']",8
东北石油大学,旅游管理,"['旅游', '管理']",4
东北石油大学,能源与动力工程,"['能源', '与', '动力工程']",2
东北石油大学,社会工作,['社会工作'],2
东北石油大学,石油工程,"['石油', '工程']",11
东北石油大学,网络空间安全,"['网络空间', '安全']",2
东北石油大学,通信工程,['通信工程'],4
东北石油大学,土木工程,['土木工程'],12
东北石油大学,信息与计算科学,"['信息', '与', '计算', '科学']",3
东北石油大学,英语,['英语'],3
东北石油大学,应用化学,['应用化学'],2
东北石油大学,应用统计学,"['应用', '统计学']",5
东北石油大学,应用物理学,"['应用', '物理学']",3
东北石油大学,油气储运工程,"['油气', '储运', '工程']",5
东北石油大学,资源勘查工程,"['资源', '勘查', '工程']",8
东北石油大学,自动化,['自动化'],3
东北石油大学,智能电网信息工程,"['智能', '电网', '信息工程']",5
东北石油大学,资源勘查工程(实验班),"['资源', '勘查', '工程', '(', '实验班', ')']",2
东北石油大学,计算机类,"['计算机', '类']",12
东北石油大学,工商管理类,"['工商管理', '类']",3
东北石油大学,数据科学与大数据技术,"['数据', '科学', '与', '大', '数据', '技术']",4
东北石油大学,地质学类,"['地质学', '类']",3
东北石油大学,机械设计制造及其自动化(实验班),"['机械设计', '制造', '及其', '自动化', '(', '实验班', ')']",2
东北石油大学,化学工程与工艺(实验班),"['化学工程', '与', '工艺', '(', '实验班', ')']",2
东北石油大学,石油工程(实验班),"['石油', '工程', '(', '实验班', ')']",3
东北石油大学,过程装备与控制工程(融创班),"['过程', '装备', '与', '控制工程', '(', '融创班', ')']",2
东北石油大学,机械设计制造及其自动化(融创班),"['机械设计', '制造', '及其', '自动化', '(', '融创班', ')']",2
东北石油大学,自动化(融创班),"['自动化', '(', '融创班', ')']",3
东北石油大学,化学工程与工艺(融创班),"['化学工程', '与', '工艺', '(', '融创班', ')']",2
东北石油大学,应用化学(融创班),"['应用化学', '(', '融创班', ')']",2
佳木斯大学,临床医学,['临床医学'],25
佳木斯大学,预防医学,"['预防', '医学']",25
佳木斯大学,医学检验技术,"['医学', '检验', '技术']",10
佳木斯大学,康复治疗学,"['康复', '治疗学']",15
佳木斯大学,护理学,['护理学'],18
佳木斯大学,药学,['药学'],25
佳木斯大学,机器人工程,"['机器人', '工程']",9
佳木斯大学,焊接技术与工程,"['焊接', '技术', '与', '工程']",20
佳木斯大学,材料成型及控制工程,"['材料', '成型', '及', '控制工程']",10
佳木斯大学,数学与应用数学(师范类),"['数学', '与', '应用', '数学', '(', '师范类', ')']",20
佳木斯大学,汉语言文学(师范类),"['汉语言', '文学', '(', '师范类', ')']",15
黑龙江八一农垦大学,植物保护,['植物保护'],3
黑龙江八一农垦大学,种子科学与工程,"['种子', '科学', '与', '工程']",2
黑龙江八一农垦大学,农业资源与环境,"['农业', '资源', '与', '环境']",2
黑龙江八一农垦大学,农学(创新人才培养班),"['农学', '(', '创新', '人才培养', '班', ')']",8
黑龙江八一农垦大学,农业电气化,"['农业', '电气化']",2
黑龙江八一农垦大学,机械设计制造及其自动化,"['机械设计', '制造', '及其', '自动化']",7
黑龙江八一农垦大学,交通运输,['交通运输'],2
黑龙江八一农垦大学,农业机械化及其自动化(创新人才培养班),"['农业', '机械化', '及其', '自动化', '(', '创新', '人才培养', '班', ')']",12
黑龙江八一农垦大学,动物科学,"['动物', '科学']",3
黑龙江八一农垦大学,动物医学(创新人才培养班),"['动物', '医学', '(', '创新', '人才培养', '班', ')']",10
黑龙江八一农垦大学,国际经济与贸易,"['国际', '经济', '与', '贸易']",2
黑龙江八一农垦大学,工商管理类,"['工商管理', '类']",7
黑龙江八一农垦大学,会计学(创新人才培养班),"['会计学', '(', '创新', '人才培养', '班', ')']",10
黑龙江八一农垦大学,食品科学与工程(创新人才培养班),"['食品科学', '与', '工程', '(', '创新', '人才培养', '班', ')']",8
黑龙江八一农垦大学,公共事业管理,"['公共事业', '管理']",2
黑龙江八一农垦大学,社会工作,['社会工作'],3
黑龙江八一农垦大学,英语,['英语'],3
黑龙江八一农垦大学,汉语言文学,"['汉语言', '文学']",3
黑龙江八一农垦大学,电子信息工程,"['电子', '信息工程']",2
黑龙江八一农垦大学,数据科学与大数据技术,"['数据', '科学', '与', '大', '数据', '技术']",3
黑龙江八一农垦大学,生物科学类,"['生物科学', '类']",3
黑龙江八一农垦大学,生物工程,['生物工程'],2
黑龙江八一农垦大学,应用化学,['应用化学'],2
黑龙江八一农垦大学,园林,['园林'],4
黑龙江八一农垦大学,设施农业科学与工程,"['设施', '农业', '科学', '与', '工程']",3
黑龙江八一农垦大学,土木类,"['土木', '类']",3
黑龙江八一农垦大学,水利水电工程,"['水利水电', '工程']",2
东北农业大学,植物生产类(1),"['植物', '生产', '类', '(', '1', ')']",14
东北农业大学,农学(本硕博班),"['农学', '(', '本硕博', '班', ')']",3
东北农业大学,智慧农业,"['智慧', '农业']",4
东北农业大学,植物生产类(2),"['植物', '生产', '类', '(', '2', ')']",8
东北农业大学,园艺(本硕博班),"['园艺', '(', '本硕博', '班', ')']",2
东北农业大学,园艺(中新实验班),"['园艺', '(', '中', '新', '实验班', ')']",10
东北农业大学,风景园林,['风景园林'],3
东北农业大学,环境科学与工程类,"['环境', '科学', '与', '工程', '类']",5
东北农业大学,自然保护与环境生态类,"['自然', '保护', '与', '环境', '生态', '类']",8
东北农业大学,生态学,['生态学'],5
东北农业大学,动物生产类,"['动物', '生产', '类']",6
东北农业大学,动物医学,"['动物', '医学']",6
东北农业大学,机械类,['机械类'],8
东北农业大学,农业机械化及其自动化(本硕博班),"['农业', '机械化', '及其', '自动化', '(', '本硕博', '班', ')']",3
东北农业大学,能源动力类,"['能源动力', '类']",3
东北农业大学,金融学类,"['金融学', '类']",13
东北农业大学,农林经济管理(本硕博班),"['农林', '经济', '管理', '(', '本硕博', '班', ')']",3
东北农业大学,生物科学类,"['生物科学', '类']",8
东北农业大学,生物科学(本硕博班),"['生物科学', '(', '本硕博', '班', ')']",3
东北农业大学,制药工程,"['制药', '工程']",4
东北农业大学,食品科学与工程类,"['食品科学', '与', '工程', '类']",14
东北农业大学,食品科学与工程(本硕博班),"['食品科学', '与', '工程', '(', '本硕博', '班', ')']",3
东北农业大学,法学,['法学'],3
东北农业大学,土地资源管理,"['土地', '资源管理']",3
东北农业大学,行政管理,"['行政', '管理']",5
东北农业大学,水利类,"['水利', '类']",14
东北农业大学,电气类,"['电气', '类']",4
东北农业大学,计算机类,"['计算机', '类']",9
东北农业大学,应用化学,['应用化学'],4
东北农业大学,化学生物学,"['化学', '生物学']",4
东北农业大学,俄语,['俄语'],5
东北农业大学,数据科学与大数据技术,"['数据', '科学', '与', '大', '数据', '技术']",3
东北农业大学,汉语国际教育,"['汉语', '国际', '教育']",5
东北林业大学,环境科学,"['环境', '科学']",5
东北林业大学,食品科学与工程,"['食品科学', '与', '工程']",3
东北林业大学,地理信息科学,"['地理信息', '科学']",5
东北林业大学,林学类(成栋实验班),"['林学', '类', '(', '成栋', '实验班', ')']",5
东北林业大学,生态学,['生态学'],3
东北林业大学,林产化工,"['林产', '化工']",4
东北林业大学,轻化工程,"['轻化', '工程']",5
东北林业大学,材料类,"['材料', '类']",6
东北林业大学,林业工程类(成栋班),"['林业', '工程', '类', '(', '成栋', '班', ')']",5
东北林业大学,野生动物与自然保护区管理,"['野生动物', '与', '自然保护区', '管理']",4
东北林业大学,动物科学,"['动物', '科学']",4
东北林业大学,动物医学,"['动物', '医学']",3
东北林业大学,森林工程,"['森林', '工程']",5
东北林业大学,物流工程,"['物流', '工程']",6
东北林业大学,工业设计,"['工业', '设计']",4
东北林业大学,机器人工程,"['机器人', '工程']",6
东北林业大学,生物科学类,"['生物科学', '类']",15
东北林业大学,生物科学(拔尖人才成栋班),"['生物科学', '(', '拔尖', '人才', '成栋', '班', ')']",2
东北林业大学,园林,['园林'],4
东北林业大学,风景园林,['风景园林'],6
东北林业大学,城乡规划,['城乡规划'],5
东北林业大学,土木工程,['土木工程'],18
东北林业大学,建筑环境与能源应用工程,"['建筑', '环境', '与', '能源', '应用', '工程']",3
东北林业大学,工程管理,"['工程', '管理']",5
东北林业大学,机械类(车辆),"['机械类', '(', '车辆', ')']",15
东北林业大学,数学与应用数学,"['数学', '与', '应用', '数学']",5
东北林业大学,信息与计算科学,"['信息', '与', '计算', '科学']",6
东北林业大学,物理学,['物理学'],5
东北林业大学,化学类,"['化学', '类']",11
东北林业大学,化学工程与工艺,"['化学工程', '与', '工艺']",5
东北林业大学,法学,['法学'],7
东北林业大学,社会工作,['社会工作'],4
东北林业大学,广告学,['广告学'],5
东北林业大学,政治学与行政学,"['政治学', '与', '行政', '学']",4
东北林业大学,英语,['英语'],4
东北林业大学,俄语,['俄语'],3
东北林业大学,日语,['日语'],5
东北林业大学,林学类,"['林学', '类']",8
东北林业大学,木材科学与工程,"['木材', '科学', '与', '工程']",6
东北林业大学,工业工程,"['工业', '工程']",5
东北林业大学,机械类(机电),"['机械类', '(', '机电', ')']",13
东北林业大学,电气类,"['电气', '类']",15
东北林业大学,交通运输类,"['交通运输', '类']",9
东北林业大学,计算机类,"['计算机', '类']",19
东北林业大学,电子信息类,"['电子信息', '类']",10
东北林业大学,工商管理类,"['工商管理', '类']",22
东北林业大学,经济学类,"['经济学', '类']",7
东北林业大学,计算机科学与技术(中外合作办学),"['计算机科学', '与', '技术', '(', '中外合作', '办学', ')']",13
东北林业大学,生物技术(中外合作办学),"['生物', '技术', '(', '中外合作', '办学', ')']",16
东北林业大学,化学(中外合作办学),"['化学', '(', '中外合作', '办学', ')']",16
东北林业大学,工程管理(中外合作办学),"['工程', '管理', '(', '中外合作', '办学', ')']",20
哈尔滨医科大学,临床医学(5+3一体化),"['临床医学', '(', '5', '+', '3', '一体化', ')']",3
哈尔滨医科大学,临床医学(5+3一体化，儿科学硕士),"['临床医学', '(', '5', '+', '3', '一体化', '，', '儿科学', '硕士', ')']",1
哈尔滨医科大学,基础医学(伍连德班),"['基础医学', '(', '伍连德', '班', ')']",1
哈尔滨医科大学,基础医学,['基础医学'],1
哈尔滨医科大学,临床医学,['临床医学'],9
哈尔滨医科大学,麻醉学,['麻醉学'],1
哈尔滨医科大学,医学影像学,"['医学', '影像学']",1
哈尔滨医科大学,儿科学,['儿科学'],1
哈尔滨医科大学,口腔医学,['口腔医学'],1
哈尔滨医科大学,预防医学,"['预防', '医学']",2
哈尔滨医科大学,药学,['药学'],2
哈尔滨医科大学,临床药学,"['临床', '药学']",3
哈尔滨医科大学,智能医学工程,"['智能', '医学工程']",2
哈尔滨医科大学,生物信息学,"['生物', '信息学']",2
哈尔滨医科大学,生物医学工程,"['生物医学', '工程']",1
哈尔滨医科大学,法学,['法学'],2
哈尔滨医科大学,护理学,['护理学'],4
哈尔滨医科大学,公共事业管理,"['公共事业', '管理']",2
哈尔滨医科大学,医学检验技术,"['医学', '检验', '技术']",8
哈尔滨医科大学,康复治疗学,"['康复', '治疗学']",9
哈尔滨医科大学,精神医学,"['精神', '医学']",9
哈尔滨医科大学,药物制剂,['药物制剂'],6
哈尔滨医科大学,药物分析,"['药物', '分析']",5
哈尔滨医科大学,医学实验技术,"['医学', '实验', '技术']",5
哈尔滨医科大学,信息管理与信息系统,"['信息管理', '与', '信息系统']",8
哈尔滨医科大学,健康服务与管理,"['健康', '服务', '与', '管理']",6
黑龙江中医药大学,中医学(5+3一体化),"['中医学', '(', '5', '+', '3', '一体化', ')']",9
黑龙江中医药大学,中医学(5+3一体化，专业硕士儿科学),"['中医学', '(', '5', '+', '3', '一体化', '，', '专业', '硕士', '儿科学', ')']",2
黑龙江中医药大学,中医学,['中医学'],23
黑龙江中医药大学,中西医临床医学,"['中西医', '临床医学']",12
黑龙江中医药大学,中医骨伤科学,"['中医', '骨伤', '科学']",13
黑龙江中医药大学,护理学,['护理学'],6
黑龙江中医药大学,针灸推拿学,"['针灸', '推拿学']",6
黑龙江中医药大学,康复治疗学,"['康复', '治疗学']",6
黑龙江中医药大学,运动康复,"['运动', '康复']",2
黑龙江中医药大学,中医康复学,"['中医', '康复', '学']",10
黑龙江中医药大学,中药学,['中药学'],3
黑龙江中医药大学,药物制剂,['药物制剂'],10
黑龙江中医药大学,制药工程,"['制药', '工程']",4
黑龙江中医药大学,生物技术,"['生物', '技术']",2
黑龙江中医药大学,中药资源与开发,"['中药', '资源', '与', '开发']",2
黑龙江中医药大学,药学,['药学'],8
黑龙江中医药大学,中药制药,"['中药', '制药']",2
黑龙江中医药大学,应用心理学,"['应用', '心理学']",2
黑龙江中医药大学,智能医学工程,"['智能', '医学工程']",2
牡丹江医学院,制药工程,"['制药', '工程']",2
牡丹江医学院,生物医学工程,"['生物医学', '工程']",2
牡丹江医学院,临床医学,['临床医学'],9
牡丹江医学院,麻醉学,['麻醉学'],4
牡丹江医学院,医学影像学,"['医学', '影像学']",4
牡丹江医学院,医学检验技术,"['医学', '检验', '技术']",2
牡丹江医学院,医学影像技术,"['医学影像', '技术']",2
哈尔滨师范大学,心理学(师范类),"['心理学', '(', '师范类', ')']",4
哈尔滨师范大学,生物科学(师范类),"['生物科学', '(', '师范类', ')']",3
哈尔滨师范大学,物理学(师范类),"['物理学', '(', '师范类', ')']",3
哈尔滨师范大学,英语(师范类),"['英语', '(', '师范类', ')']",3
哈尔滨师范大学,小学教育(师范类),"['小学', '教育', '(', '师范类', ')']",4
哈尔滨师范大学,数学与应用数学(师范类),"['数学', '与', '应用', '数学', '(', '师范类', ')']",3
哈尔滨师范大学,历史学(师范类),"['历史学', '(', '师范类', ')']",3
哈尔滨师范大学,俄语(非师范),"['俄语', '(', '非', '师范', ')']",4
哈尔滨师范大学,地理信息科学,"['地理信息', '科学']",3
哈尔滨师范大学,计算机科学与技术,"['计算机科学', '与', '技术']",3
哈尔滨师范大学,行政管理,"['行政', '管理']",3
齐齐哈尔大学,国际经济与贸易,"['国际', '经济', '与', '贸易']",1
齐齐哈尔大学,法学,['法学'],1
齐齐哈尔大学,中国语言文学类,"['中国', '语言', '文学类']",2
齐齐哈尔大学,外国语言文学类,"['外国', '语言', '文学类']",1
齐齐哈尔大学,俄语(师范类),"['俄语', '(', '师范类', ')']",2
齐齐哈尔大学,日语,['日语'],2
齐齐哈尔大学,朝鲜语,['朝鲜语'],2
齐齐哈尔大学,广播电视学,"['广播电视', '学']",3
齐齐哈尔大学,数学类,"['数学', '类']",2
齐齐哈尔大学,物理学(师范类),"['物理学', '(', '师范类', ')']",2
齐齐哈尔大学,地理科学(师范类),"['地理', '科学', '(', '师范类', ')']",2
齐齐哈尔大学,生物科学(师范类),"['生物科学', '(', '师范类', ')']",2
齐齐哈尔大学,应用心理学,"['应用', '心理学']",2
齐齐哈尔大学,机械类,['机械类'],7
齐齐哈尔大学,材料类,"['材料', '类']",3
齐齐哈尔大学,电气工程及其自动化,"['电气工程', '及其', '自动化']",4
齐齐哈尔大学,电子信息类,"['电子信息', '类']",2
齐齐哈尔大学,人工智能,['人工智能'],2
齐齐哈尔大学,自动化,['自动化'],2
齐齐哈尔大学,计算机类,"['计算机', '类']",3
齐齐哈尔大学,物联网工程,"['物', '联网', '工程']",3
齐齐哈尔大学,数据科学与大数据技术,"['数据', '科学', '与', '大', '数据', '技术']",4
齐齐哈尔大学,土木工程,['土木工程'],3
齐齐哈尔大学,化工与制药类,"['化工', '与', '制药', '类']",2
齐齐哈尔大学,纺织工程,"['纺织', '工程']",2
齐齐哈尔大学,轻工类,"['轻工', '类']",4
齐齐哈尔大学,食品科学与工程类,"['食品科学', '与', '工程', '类']",1
齐齐哈尔大学,林学,['林学'],2
齐齐哈尔大学,工商管理类,"['工商管理', '类']",2
牡丹江师范学院,汉语言文学,"['汉语言', '文学']",3
牡丹江师范学院,商务英语,['商务英语'],2
牡丹江师范学院,历史学,['历史学'],3
牡丹江师范学院,数学与应用数学,"['数学', '与', '应用', '数学']",3
牡丹江师范学院,化学,['化学'],3
牡丹江师范学院,生物技术,"['生物', '技术']",4
牡丹江师范学院,电气工程及其自动化,"['电气工程', '及其', '自动化']",2
牡丹江师范学院,电子信息科学与技术,"['电子信息', '科学', '与', '技术']",3
牡丹江师范学院,工商管理,['工商管理'],5
牡丹江师范学院,市场营销,['市场营销'],4
牡丹江师范学院,英语(师范类),"['英语', '(', '师范类', ')']",3
哈尔滨学院,英语(师范类),"['英语', '(', '师范类', ')']",5
哈尔滨学院,俄语,['俄语'],2
哈尔滨学院,商务英语,['商务英语'],2
哈尔滨学院,小学教育(师范类),"['小学', '教育', '(', '师范类', ')']",3
哈尔滨学院,学前教育(师范类),"['学前教育', '(', '师范类', ')']",2
哈尔滨学院,汉语言文学(师范类),"['汉语言', '文学', '(', '师范类', ')']",2
哈尔滨学院,汉语国际教育,"['汉语', '国际', '教育']",2
哈尔滨学院,社会工作,['社会工作'],1
哈尔滨学院,旅游管理,"['旅游', '管理']",2
哈尔滨学院,地理信息科学,"['地理信息', '科学']",2
哈尔滨学院,会计学,['会计学'],2
哈尔滨学院,财务管理,['财务管理'],2
哈尔滨学院,金融学,['金融学'],2
哈尔滨学院,商务经济学,"['商务', '经济学']",2
哈尔滨学院,电子信息工程,"['电子', '信息工程']",2
哈尔滨学院,化学(师范类),"['化学', '(', '师范类', ')']",2
哈尔滨学院,数学与应用数学(师范类),"['数学', '与', '应用', '数学', '(', '师范类', ')']",3
哈尔滨学院,计算机科学与技术,"['计算机科学', '与', '技术']",2
哈尔滨学院,建筑电气与智能化,"['建筑', '电气', '与', '智能化']",2
哈尔滨学院,软件工程,['软件工程'],2
哈尔滨学院,土木类,"['土木', '类']",2
大庆师范学院,工商管理类,"['工商管理', '类']",10
大庆师范学院,旅游管理,"['旅游', '管理']",4
大庆师范学院,法学,['法学'],4
大庆师范学院,化学工程与工艺,"['化学工程', '与', '工艺']",8
大庆师范学院,学前教育(师范类),"['学前教育', '(', '师范类', ')']",7
大庆师范学院,数学与应用数学(师范类),"['数学', '与', '应用', '数学', '(', '师范类', ')']",8
大庆师范学院,日语,['日语'],9
大庆师范学院,汽车服务工程,"['汽车', '服务', '工程']",5
大庆师范学院,汉语言文学(师范类),"['汉语言', '文学', '(', '师范类', ')']",7
大庆师范学院,秘书学,['秘书学'],8
大庆师范学院,汉语国际教育(师范类),"['汉语', '国际', '教育', '(', '师范类', ')']",3
绥化学院,特殊教育(师范类),"['特殊教育', '(', '师范类', ')']",4
绥化学院,汉语言文学(师范类),"['汉语言', '文学', '(', '师范类', ')']",2
绥化学院,英语(师范类),"['英语', '(', '师范类', ')']",3
绥化学院,英语,['英语'],4
绥化学院,数学与应用数学(师范类),"['数学', '与', '应用', '数学', '(', '师范类', ')']",6
绥化学院,化学,['化学'],3
绥化学院,汽车服务工程,"['汽车', '服务', '工程']",4
绥化学院,电气工程及其自动化,"['电气工程', '及其', '自动化']",4
绥化学院,电子信息工程,"['电子', '信息工程']",4
绥化学院,自动化,['自动化'],4
绥化学院,计算机科学与技术,"['计算机科学', '与', '技术']",4
绥化学院,软件工程,['软件工程'],3
绥化学院,化学工程与工艺,"['化学工程', '与', '工艺']",4
绥化学院,制药工程,"['制药', '工程']",4
绥化学院,工程造价,['工程造价'],3
绥化学院,财务管理,['财务管理'],4
哈尔滨商业大学,统计学,['统计学'],7
哈尔滨商业大学,物联网工程,"['物', '联网', '工程']",5
哈尔滨商业大学,物流管理,"['物流', '管理']",13
哈尔滨商业大学,物流工程,"['物流', '工程']",6
哈尔滨商业大学,宝石及材料工艺学,"['宝石', '及', '材料', '工艺学']",7
哈尔滨商业大学,环境工程,['环境工程'],4
哈尔滨商业大学,生物工程,['生物工程'],4
哈尔滨商业大学,制药工程,"['制药', '工程']",5
哈尔滨商业大学,药学,['药学'],4
哈尔滨商业大学,中药学,['中药学'],6
哈尔滨商业大学,电子信息工程,"['电子', '信息工程']",3
哈尔滨商业大学,电子商务,['电子商务'],6
哈尔滨商业大学,烹饪与营养教育,"['烹饪', '与', '营养', '教育']",3
哈尔滨商业大学,法学,['法学'],4
哈尔滨商业大学,社会工作,['社会工作'],2
哈尔滨商业大学,新闻学,['新闻学'],9
哈尔滨商业大学,数学与应用数学,"['数学', '与', '应用', '数学']",4
哈尔滨商业大学,金融学类(金融学院),"['金融学', '类', '(', '金融', '学院', ')']",32
哈尔滨商业大学,工商管理类(商务学院),"['工商管理', '类', '(', '商务', '学院', ')']",21
哈尔滨商业大学,工商管理类(会计学院),"['工商管理', '类', '(', '会计学院', ')']",9
哈尔滨商业大学,经济学类(经济学院),"['经济学', '类', '(', '经济', '学院', ')']",25
哈尔滨商业大学,财政学类(财政与公共管理学院),"['财政学', '类', '(', '财政', '与', '公共', '管理', '学院', ')']",22
哈尔滨商业大学,经济与贸易类(经济学院),"['经济', '与', '贸易', '类', '(', '经济', '学院', ')']",15
哈尔滨商业大学,公共管理类(财政与公共管理学院),"['公共', '管理', '类', '(', '财政', '与', '公共', '管理', '学院', ')']",13
哈尔滨商业大学,计算机类(计算机学院),"['计算机', '类', '(', '计算机', '学院', ')']",9
哈尔滨商业大学,外国语言文学类(外语学院),"['外国', '语言', '文学类', '(', '外语学院', ')']",6
哈尔滨商业大学,轻工类(轻工学院),"['轻工', '类', '(', '轻工学院', ')']",6
哈尔滨商业大学,食品科学与工程类(食品工程学院),"['食品科学', '与', '工程', '类', '(', '食品', '工程学院', ')']",20
哈尔滨体育学院,运动人体科学,"['运动', '人体科学']",5
哈尔滨体育学院,运动康复,"['运动', '康复']",20
哈尔滨体育学院,英语,['英语'],4
哈尔滨体育学院,新闻学,['新闻学'],7
哈尔滨体育学院,体育经济与管理,"['体育', '经济', '与', '管理']",4
哈尔滨金融学院,金融学,['金融学'],4
哈尔滨金融学院,国际经济与贸易,"['国际', '经济', '与', '贸易']",2
哈尔滨金融学院,会计学,['会计学'],4
哈尔滨金融学院,电子商务,['电子商务'],2
哈尔滨金融学院,投资学,"['投资', '学']",6
哈尔滨金融学院,商务英语,['商务英语'],3
哈尔滨金融学院,财务管理,['财务管理'],4
哈尔滨金融学院,市场营销,['市场营销'],4
哈尔滨金融学院,税收学,"['税收', '学']",4
哈尔滨金融学院,知识产权,['知识产权'],2
复旦大学,人文科学试验班(拔尖学生培养基地),"['人文科学', '试验班', '(', '拔尖', '学生', '培养', '基地', ')']",5
复旦大学,新闻传播学类(卓越新闻人才计划),"['新闻', '传播学', '类', '(', '卓越', '新闻', '人才', '计划', ')']",3
复旦大学,法学(卓越法律人才基地),"['法学', '(', '卓越', '法律', '人才', '基地', ')']",2
复旦大学,经济学类(拔尖学生培养基地),"['经济学', '类', '(', '拔尖', '学生', '培养', '基地', ')']",10
复旦大学,经济管理试验班,"['经济', '管理', '试验班']",2
复旦大学,数学类(拔尖学生培养基地),"['数学', '类', '(', '拔尖', '学生', '培养', '基地', ')']",3
复旦大学,技术科学试验班(拔尖学生培养基地),"['技术', '科学', '试验班', '(', '拔尖', '学生', '培养', '基地', ')']",15
复旦大学,工科试验班(新工科本研贯通),"['工科', '试验班', '(', '新', '工科', '本研', '贯通', ')']",5
复旦大学,自然科学试验班(物理化学方向，拔尖学生培养基地),"['自然科学', '试验班', '(', '物理化学', '方向', '，', '拔尖', '学生', '培养', '基地', ')']",14
复旦大学,社会科学试验班(含政治及行政学、国政等专业),"['社会科学', '试验班', '(', '含', '政治', '及', '行政', '学', '、', '国政', '等', '专业', ')']",5
同济大学,人文科学试验班,"['人文科学', '试验班']",8
同济大学,社会科学试验班,"['社会科学', '试验班']",4
同济大学,经济管理试验班,"['经济', '管理', '试验班']",8
同济大学,工科试验班(建筑规划景观与设计类),"['工科', '试验班', '(', '建筑', '规划', '景观', '与', '设计', '类', ')']",11
同济大学,工科试验班(土木与环境类),"['工科', '试验班', '(', '土木', '与', '环境', '类', ')']",22
同济大学,工科试验班(信息类),"['工科', '试验班', '(', '信息', '类', ')']",36
同济大学,医学试验班,"['医学', '试验班']",3
同济大学,理科试验班,"['理科', '试验班']",13
同济大学,工科试验班(国豪精英班),"['工科', '试验班', '(', '国豪', '精英', '班', ')']",4
同济大学,临床医学(5+3一体化),"['临床医学', '(', '5', '+', '3', '一体化', ')']",5
同济大学,数学与应用数学(数学拔尖学生培养),"['数学', '与', '应用', '数学', '(', '数学', '拔尖', '学生', '培养', ')']",3
同济大学,工科试验班(智能交通与车辆类),"['工科', '试验班', '(', '智能', '交通', '与', '车辆', '类', ')']",18
同济大学,工科试验班(智能化制造与先进材料类),"['工科', '试验班', '(', '智能化', '制造', '与', '先进', '材料', '类', ')']",10
上海交通大学,人工智能(卓越人才试点班),"['人工智能', '(', '卓越', '人才', '试点班', ')']",5
上海交通大学,电子信息类(IEEE试点班，含双学士学位项目),"['电子信息', '类', '(', 'IEEE', '试点班', '，', '含双', '学士学位', '项目', ')']",4
上海交通大学,自然科学试验班,"['自然科学', '试验班']",19
上海交通大学,自然保护与环境生态类(含双学士学位项目),"['自然', '保护', '与', '环境', '生态', '类', '(', '含双', '学士学位', '项目', ')']",40
上海交通大学,经济管理试验班(含双学士学位项目),"['经济', '管理', '试验班', '(', '含双', '学士学位', '项目', ')']",12
上海交通大学,法学试验班(含双学士学位项目),"['法学', '试验班', '(', '含双', '学士学位', '项目', ')']",1
上海交通大学,工科试验班类(信息类),"['工科', '试验班', '类', '(', '信息', '类', ')']",37
上海交通大学,工科试验班类(机电类),"['工科', '试验班', '类', '(', '机电类', ')']",20
上海交通大学,工科试验班类(船建学院),"['工科', '试验班', '类', '(', '船建', '学院', ')']",20
上海交通大学,理科试验班类(含致远，吴文俊、李政道班，双学士学位项目),"['理科', '试验班', '类', '(', '含', '致远', '，', '吴文俊', '、', '李政道', '班', '，', '双', '学士学位', '项目', ')']",16
华东理工大学,电子信息类(智能与机器人实验班),"['电子信息', '类', '(', '智能', '与', '机器人', '实验班', ')']",11
华东理工大学,工科试验班(生物医药),"['工科', '试验班', '(', '生物医药', ')']",9
华东理工大学,工科试验班(智慧化工),"['工科', '试验班', '(', '智慧', '化工', ')']",20
华东理工大学,工科试验班(能源与环境),"['工科', '试验班', '(', '能源', '与', '环境', ')']",6
华东理工大学,化工与制药类(国际卓越工程师班),"['化工', '与', '制药', '类', '(', '国际', '卓越', '工程师', '班', ')']",3
华东理工大学,生物工程类,"['生物工程', '类']",23
华东理工大学,化学类,"['化学', '类']",18
华东理工大学,药学,['药学'],7
华东理工大学,材料类,"['材料', '类']",18
华东理工大学,机械类(机械智能化实验班),"['机械类', '(', '机械', '智能化', '实验班', ')']",24
华东理工大学,电子信息类,"['电子信息', '类']",13
华东理工大学,计算机类,"['计算机', '类']",3
华东理工大学,数学类,"['数学', '类']",3
华东理工大学,物理学类,"['物理学', '类']",7
华东理工大学,经济学类,"['经济学', '类']",2
华东理工大学,管理科学与工程类,"['管理科学', '与', '工程', '类']",4
华东理工大学,工商管理类,"['工商管理', '类']",5
华东理工大学,公共管理类,"['公共', '管理', '类']",4
华东理工大学,工业设计,"['工业', '设计']",2
华东理工大学,风景园林(景观建筑规划方向),"['风景园林', '(', '景观', '建筑', '规划', '方向', ')']",2
华东理工大学,外国语言文学类,"['外国', '语言', '文学类']",5
华东理工大学,法学,['法学'],5
华东理工大学,化学工程与工艺(双学士学位项目),"['化学工程', '与', '工艺', '(', '双', '学士学位', '项目', ')']",4
华东理工大学,计算机科学与技术(双学士学位项目),"['计算机科学', '与', '技术', '(', '双', '学士学位', '项目', ')']",4
华东理工大学,应用化学(双学士学位项目),"['应用化学', '(', '双', '学士学位', '项目', ')']",2
华东理工大学,能源与动力工程(双学士学位项目),"['能源', '与', '动力工程', '(', '双', '学士学位', '项目', ')']",3
上海理工大学,工科试验班(智能化制造类),"['工科', '试验班', '(', '智能化', '制造', '类', ')']",17
上海理工大学,工科试验班(电子与信息类),"['工科', '试验班', '(', '电子', '与', '信息', '类', ')']",5
上海理工大学,工科试验班(医理工综合类),"['工科', '试验班', '(', '医', '理工', '综合类', ')']",3
上海理工大学,理科试验班,"['理科', '试验班']",4
上海理工大学,经济管理试验班,"['经济', '管理', '试验班']",6
上海理工大学,新闻传播学类,"['新闻', '传播学', '类']",6
上海理工大学,光电信息科学与工程(中外合作办学)(中德合作),"['光电', '信息科学', '与', '工程', '(', '中外合作', '办学', ')', '(', '中', '德', '合作', ')']",1
上海理工大学,工商管理(中外合作办学)(中美合作),"['工商管理', '(', '中外合作', '办学', ')', '(', '中美合作', ')']",4
上海理工大学,机械设计制造及其自动化(中外合作办学)(合作高校为德国富特旺根应用,"['机械设计', '制造', '及其', '自动化', '(', '中外合作', '办学', ')', '(', '合作', '高校', '为', '德国', '富特旺根', '应用']",4
上海理工大学,英语(中外合作办学)(中美合作),"['英语', '(', '中外合作', '办学', ')', '(', '中美合作', ')']",5
上海理工大学,机械设计制造及其自动化(中外合作办学)(中英合作),"['机械设计', '制造', '及其', '自动化', '(', '中外合作', '办学', ')', '(', '中', '英', '合作', ')']",4
上海理工大学,电子信息科学与技术(中外合作办学)(中英合作),"['电子信息', '科学', '与', '技术', '(', '中外合作', '办学', ')', '(', '中', '英', '合作', ')']",3
上海理工大学,工商管理(中外合作办学)(中英合作),"['工商管理', '(', '中外合作', '办学', ')', '(', '中', '英', '合作', ')']",1
上海理工大学,会展经济与管理(中外合作办学)(中英合作),"['会展经济', '与', '管理', '(', '中外合作', '办学', ')', '(', '中', '英', '合作', ')']",3
上海海事大学,能源与动力工程,"['能源', '与', '动力工程']",2
上海海事大学,交通管理(国航),"['交通管理', '(', '国航', ')']",2
上海海事大学,物流管理,"['物流', '管理']",2
上海海事大学,经济学类,"['经济学', '类']",2
上海海事大学,机械类,['机械类'],2
上海海事大学,电气类,"['电气', '类']",2
上海海事大学,计算机类,"['计算机', '类']",2
上海海事大学,外国语言文学类,"['外国', '语言', '文学类']",3
上海海事大学,法学(海商法),"['法学', '(', '海商法', ')']",2
上海海事大学,交通运输,['交通运输'],2
上海海事大学,机械电子工程(中外合作办学),"['机械', '电子', '工程', '(', '中外合作', '办学', ')']",6
上海海事大学,电气工程与智能控制(中外合作办学),"['电气工程', '与', '智能', '控制', '(', '中外合作', '办学', ')']",5
东华大学,材料类,"['材料', '类']",9
东华大学,电子信息类,"['电子信息', '类']",12
东华大学,纺织类,"['纺织', '类']",3
东华大学,服装设计与工程,"['服装设计', '与', '工程']",2
东华大学,工业设计,"['工业', '设计']",2
东华大学,功能材料,"['功能', '材料']",2
东华大学,管理科学与工程类,"['管理科学', '与', '工程', '类']",4
东华大学,化学类,"['化学', '类']",2
东华大学,环境工程(双学士学位),"['环境工程', '(', '双', '学士学位', ')']",2
东华大学,机械工程,['机械工程'],2
东华大学,计算机类,"['计算机', '类']",7
东华大学,建筑环境与能源应用工程,"['建筑', '环境', '与', '能源', '应用', '工程']",2
东华大学,经济管理试验班,"['经济', '管理', '试验班']",8
东华大学,经济与贸易类,"['经济', '与', '贸易', '类']",4
东华大学,理科试验班类,"['理科', '试验班', '类']",2
东华大学,能源与环境系统工程,"['能源', '与', '环境', '系统工程']",2
东华大学,人工智能,['人工智能'],3
东华大学,日语,['日语'],2
东华大学,社会科学试验班,"['社会科学', '试验班']",2
东华大学,数学类(金融与统计),"['数学', '类', '(', '金融', '与', '统计', ')']",3
东华大学,物理学类(光电与能源新技术),"['物理学', '类', '(', '光电', '与', '能源', '新', '技术', ')']",3
东华大学,新闻传播学类,"['新闻', '传播学', '类']",7
东华大学,英语,['英语'],4
东华大学,智能科学与技术,"['智能科学', '与', '技术']",2
东华大学,智能制造工程,"['智能', '制造', '工程']",2
东华大学,生物工程,['生物工程'],3
上海电力大学,能源与动力工程,"['能源', '与', '动力工程']",4
上海电力大学,机械电子工程,"['机械', '电子', '工程']",4
上海电力大学,新能源科学与工程,"['新', '能源科学', '与', '工程']",3
上海电力大学,核工程与核技术,"['核工程', '与', '核技术']",4
上海电力大学,环境工程,['环境工程'],2
上海电力大学,电气工程及其自动化,"['电气工程', '及其', '自动化']",17
上海电力大学,自动化,['自动化'],3
上海电力大学,核电技术与控制工程,"['核电', '技术', '与', '控制工程']",3
上海电力大学,软件工程,['软件工程'],3
上海电力大学,电子信息工程,"['电子', '信息工程']",3
上海电力大学,集成电路设计与集成系统,"['集成电路', '设计', '与', '集成系统']",3
上海电力大学,能源服务工程,"['能源', '服务', '工程']",3
上海电力大学,信息与计算科学,"['信息', '与', '计算', '科学']",2
上海电力大学,应用物理学,"['应用', '物理学']",3
上海电力大学,电气工程及其自动化(中外合作办学),"['电气工程', '及其', '自动化', '(', '中外合作', '办学', ')']",9
上海应用技术大学,机械设计制造及其自动化(卓越工程师计划试点班),"['机械设计', '制造', '及其', '自动化', '(', '卓越', '工程师', '计划', '试点班', ')']",3
上海应用技术大学,电气工程及其自动化(卓越工程师计划试点班),"['电气工程', '及其', '自动化', '(', '卓越', '工程师', '计划', '试点班', ')']",3
上海应用技术大学,软件工程(卓越工程师计划试点班),"['软件工程', '(', '卓越', '工程师', '计划', '试点班', ')']",3
上海应用技术大学,人工智能,['人工智能'],4
上海应用技术大学,工商管理类,"['工商管理', '类']",3
上海应用技术大学,大数据管理与应用,"['大', '数据管理', '与', '应用']",3
上海应用技术大学,机械设计制造及其自动化(中外合作办学)(中美合作),"['机械设计', '制造', '及其', '自动化', '(', '中外合作', '办学', ')', '(', '中美合作', ')']",3
上海应用技术大学,电气工程及其自动化(中外合作办学)(中美合作),"['电气工程', '及其', '自动化', '(', '中外合作', '办学', ')', '(', '中美合作', ')']",3
上海健康医学院,临床医学,['临床医学'],7
上海健康医学院,康复物理治疗,"['康复', '物理', '治疗']",5
上海健康医学院,数据科学与大数据技术,"['数据', '科学', '与', '大', '数据', '技术']",5
上海健康医学院,医疗产品管理,"['医疗', '产品', '管理']",5
上海健康医学院,医学检验技术,"['医学', '检验', '技术']",5
上海健康医学院,卫生检验与检疫,"['卫生', '检验', '与', '检疫']",5
上海健康医学院,口腔医学技术,"['口腔医学', '技术']",5
上海健康医学院,医学影像技术,"['医学影像', '技术']",5
上海健康医学院,智能影像工程,"['智能', '影像', '工程']",10
上海健康医学院,药学,['药学'],8
上海健康医学院,药物分析,"['药物', '分析']",5
上海健康医学院,公共事业管理,"['公共事业', '管理']",5
上海海洋大学,水产类,"['水产', '类']",7
上海海洋大学,食品科学与工程类,"['食品科学', '与', '工程', '类']",7
上海海洋大学,环境科学与工程类,"['环境', '科学', '与', '工程', '类']",7
上海海洋大学,会计学,['会计学'],10
上海海洋大学,计算机类,"['计算机', '类']",11
上海海洋大学,日语,['日语'],8
上海海洋大学,信息管理与信息系统(中外合作办学),"['信息管理', '与', '信息系统', '(', '中外合作', '办学', ')']",15
上海海洋大学,市场营销(中外合作办学),"['市场营销', '(', '中外合作', '办学', ')']",5
上海中医药大学,中医学(屠呦呦班),"['中医学', '(', '屠', '呦', '呦', '班', ')']",4
上海中医药大学,中医学(5+3一体化),"['中医学', '(', '5', '+', '3', '一体化', ')']",3
上海中医药大学,中医学(5+3一体化，针灸推拿英语方向),"['中医学', '(', '5', '+', '3', '一体化', '，', '针灸', '推拿', '英语', '方向', ')']",2
上海中医药大学,药学(中外合作办学),"['药学', '(', '中外合作', '办学', ')']",2
华东师范大学,汉语言文学,"['汉语言', '文学']",3
华东师范大学,汉语国际教育,"['汉语', '国际', '教育']",3
华东师范大学,英语,['英语'],1
华东师范大学,翻译,['翻译'],1
华东师范大学,德语,['德语'],2
华东师范大学,法语,['法语'],1
华东师范大学,日语,['日语'],1
华东师范大学,金融学类,"['金融学', '类']",3
华东师范大学,工商管理类,"['工商管理', '类']",1
华东师范大学,工商管理(中法创新实验班),"['工商管理', '(', '中', '法', '创新', '实验班', ')']",2
华东师范大学,公共管理类,"['公共', '管理', '类']",1
华东师范大学,人文地理与城乡规划,"['人文地理', '与', '城乡规划']",2
华东师范大学,新闻传播学类,"['新闻', '传播学', '类']",2
华东师范大学,历史学,['历史学'],2
华东师范大学,哲学,['哲学'],2
华东师范大学,政治学与行政学(双学位),"['政治学', '与', '行政', '学', '(', '双学位', ')']",2
华东师范大学,法学,['法学'],2
华东师范大学,法学(双学位),"['法学', '(', '双学位', ')']",1
华东师范大学,教育学类(师范类),"['教育学', '类', '(', '师范类', ')']",3
华东师范大学,翻译(双学位),"['翻译', '(', '双学位', ')']",1
华东师范大学,金融学(双学位),"['金融学', '(', '双学位', ')']",2
华东师范大学,心理学类,"['心理学', '类']",2
华东师范大学,心理学(双学位),"['心理学', '(', '双学位', ')']",2
华东师范大学,数学与应用数学,"['数学', '与', '应用', '数学']",2
华东师范大学,统计学类,"['统计学', '类']",2
华东师范大学,统计学(双学位),"['统计学', '(', '双学位', ')']",2
华东师范大学,物理学,['物理学'],2
华东师范大学,电子信息科学与技术,"['电子信息', '科学', '与', '技术']",2
华东师范大学,通信工程,['通信工程'],2
华东师范大学,微电子科学与工程,"['微电子', '科学', '与', '工程']",2
华东师范大学,计算机科学与技术,"['计算机科学', '与', '技术']",4
华东师范大学,软件工程,['软件工程'],6
华东师范大学,数据科学与大数据技术,"['数据', '科学', '与', '大', '数据', '技术']",4
华东师范大学,信息管理与信息系统,"['信息管理', '与', '信息系统']",1
华东师范大学,化学,['化学'],2
华东师范大学,生物科学类,"['生物科学', '类']",1
华东师范大学,地理信息科学,"['地理信息', '科学']",1
华东师范大学,环境科学与工程类,"['环境', '科学', '与', '工程', '类']",1
华东师范大学,通信工程(双学位),"['通信工程', '(', '双学位', ')']",2
上海师范大学,艺术管理,"['艺术', '管理']",10
上海师范大学,汉语言文学(师范类),"['汉语言', '文学', '(', '师范类', ')']",5
上海师范大学,英语(师范类),"['英语', '(', '师范类', ')']",4
上海师范大学,法语,['法语'],4
上海师范大学,日语,['日语'],5
上海师范大学,小学教育(师范类),"['小学', '教育', '(', '师范类', ')']",6
上海师范大学,应用心理学,"['应用', '心理学']",5
上海师范大学,数学与应用数学(数学金融AI实验班),"['数学', '与', '应用', '数学', '(', '数学', '金融', 'AI', '实验班', ')']",7
上海师范大学,生物科学,['生物科学'],5
上海师范大学,食品安全与检测,"['食品安全', '与', '检测']",4
上海师范大学,化学类,"['化学', '类']",5
上海师范大学,旅游管理类,"['旅游', '管理', '类']",10
上海师范大学,电子信息类,"['电子信息', '类']",13
上海师范大学,工程管理,"['工程', '管理']",8
上海师范大学,金融学类,"['金融学', '类']",8
上海师范大学,金融科技,"['金融', '科技']",5
上海师范大学,新闻传播学类,"['新闻', '传播学', '类']",8
上海师范大学,园艺(中外合作办学)(中荷合作),"['园艺', '(', '中外合作', '办学', ')', '(', '中荷', '合作', ')']",6
上海师范大学,汽车服务工程(中外合作办学)(中德合作),"['汽车', '服务', '工程', '(', '中外合作', '办学', ')', '(', '中', '德', '合作', ')']",6
上海师范大学,电子信息工程(中外合作办学)(中美合作),"['电子', '信息工程', '(', '中外合作', '办学', ')', '(', '中美合作', ')']",7
上海师范大学,土木工程(中外合作办学)(中英合作),"['土木工程', '(', '中外合作', '办学', ')', '(', '中', '英', '合作', ')']",10
上海师范大学,经济学(中外合作办学)(中美合作),"['经济学', '(', '中外合作', '办学', ')', '(', '中美合作', ')']",6
上海师范大学,经济学(中外合作办学)(中法合作),"['经济学', '(', '中外合作', '办学', ')', '(', '中', '法', '合作', ')']",6
上海师范大学,计算机科学与技术(中外合作办学)(中法合作),"['计算机科学', '与', '技术', '(', '中外合作', '办学', ')', '(', '中', '法', '合作', ')']",6
上海外国语大学,英语,['英语'],2
上海外国语大学,翻译,['翻译'],2
上海外国语大学,德语,['德语'],2
上海外国语大学,西班牙语,['西班牙语'],2
上海外国语大学,意大利语,['意大利语'],2
上海外国语大学,金融学,['金融学'],2
上海外国语大学,精算学,['精算学'],1
上海外国语大学,国际经济与贸易,"['国际', '经济', '与', '贸易']",1
上海外国语大学,数据科学与大数据技术,"['数据', '科学', '与', '大', '数据', '技术']",1
上海外国语大学,法学,['法学'],1
上海外国语大学,国际政治,"['国际', '政治']",1
上海外国语大学,外交学,['外交学'],1
上海外国语大学,外交学(法语双学位),"['外交学', '(', '法语', '双学位', ')']",1
上海外国语大学,教育技术学,"['教育', '技术', '学']",2
上海外国语大学,汉语国际教育,"['汉语', '国际', '教育']",2
上海外国语大学,新闻传播学类(卓越国际新闻传播人才计划),"['新闻', '传播学', '类', '(', '卓越', '国际', '新闻', '传播', '人才', '计划', ')']",4
上海外国语大学,英语(教育),"['英语', '(', '教育', ')']",2
上海外国语大学,商务英语,['商务英语'],2
上海外国语大学,法语,['法语'],2
上海外国语大学,政治学与行政学,"['政治学', '与', '行政', '学']",1
上海财经大学,会计学,['会计学'],3
上海财经大学,财务管理(智能化方向),"['财务管理', '(', '智能化', '方向', ')']",3
上海财经大学,金融学(双学士学位、统计学和金融学),"['金融学', '(', '双', '学士学位', '、', '统计学', '和', '金融学', ')']",5
上海财经大学,工商管理类,"['工商管理', '类']",4
上海财经大学,国际经济与贸易,"['国际', '经济', '与', '贸易']",3
上海财经大学,经济学,['经济学'],2
上海财经大学,经济学(双学士学位、经济学院和数学学院培养),"['经济学', '(', '双', '学士学位', '、', '经济', '学院', '和', '数学', '学院', '培养', ')']",2
上海财经大学,财政学类,"['财政学', '类']",4
上海财经大学,投资学,"['投资', '学']",3
上海财经大学,新闻学,['新闻学'],3
上海财经大学,计算机科学与技术,"['计算机科学', '与', '技术']",3
上海财经大学,数据科学与大数据技术(工学),"['数据', '科学', '与', '大', '数据', '技术', '(', '工学', ')']",4
上海财经大学,日语,['日语'],2
上海财经大学,投资学(双学士学位、公管学院和数学学院培养),"['投资', '学', '(', '双', '学士学位', '、', '公管', '学院', '和', '数学', '学院', '培养', ')']",3
上海财经大学,金融学,['金融学'],4
上海财经大学,保险学(保险精算),"['保险学', '(', '保险', '精算', ')']",3
上海财经大学,数学类,"['数学', '类']",5
上海对外经贸大学,国际经济与贸易(全英语),"['国际', '经济', '与', '贸易', '(', '全', '英语', ')']",2
上海对外经贸大学,金融学(全英语),"['金融学', '(', '全', '英语', ')']",2
上海对外经贸大学,金融学,['金融学'],2
上海对外经贸大学,会计学(国际会计方向),"['会计学', '(', '国际会计', '方向', ')']",3
上海对外经贸大学,法学(国际经济法方向),"['法学', '(', '国际', '经济法', '方向', ')']",2
上海对外经贸大学,数据科学与大数据技术,"['数据', '科学', '与', '大', '数据', '技术']",3
上海对外经贸大学,人工智能,['人工智能'],2
上海对外经贸大学,物流管理(中外合作办学)(中澳合作),"['物流', '管理', '(', '中外合作', '办学', ')', '(', '中澳', '合作', ')']",3
上海对外经贸大学,金融学(中外合作办学)(中加合作),"['金融学', '(', '中外合作', '办学', ')', '(', '中加', '合作', ')']",3
华东政法大学,法学(民商法律),"['法学', '(', '民商', '法律', ')']",10
华东政法大学,法学(卓越民商法治人才实验班),"['法学', '(', '卓越', '民商法', '治', '人才', '实验班', ')']",2
华东政法大学,法学(经济法),"['法学', '(', '经济法', ')']",6
华东政法大学,法学(卓越经济法律人才实验班),"['法学', '(', '卓越', '经济', '法律', '人才', '实验班', ')']",2
华东政法大学,法学(国际经济法),"['法学', '(', '国际', '经济法', ')']",6
华东政法大学,法学(沪港交流涉外卓越法律人才实验班),"['法学', '(', '沪', '港', '交流', '涉外', '卓越', '法律', '人才', '实验班', ')']",2
华东政法大学,法学(刑事法律),"['法学', '(', '刑事法律', ')']",2
华东政法大学,法学(刑事司法),"['法学', '(', '刑事', '司法', ')']",2
华东政法大学,法学(网络与信息法),"['法学', '(', '网络', '与', '信息', '法', ')']",2
华东政法大学,法学(卓越刑事法律人才实验班),"['法学', '(', '卓越', '刑事法律', '人才', '实验班', ')']",2
华东政法大学,法学(涉外卓越国际金融法律人才实验班),"['法学', '(', '涉外', '卓越', '国际金融', '法律', '人才', '实验班', ')']",3
华东政法大学,知识产权(卓越人才实验班),"['知识产权', '(', '卓越', '人才', '实验班', ')']",2
华东政法大学,公共事业管理,"['公共事业', '管理']",2
华东政法大学,经济学类,"['经济学', '类']",6
华东政法大学,社会学类,"['社会学', '类']",2
华东政法大学,新闻学(卓越人才实验班),"['新闻学', '(', '卓越', '人才', '实验班', ')']",1
华东政法大学,英语(涉外法商),"['英语', '(', '涉外', '法商', ')']",3
上海体育学院,新闻学,['新闻学'],2
上海体育学院,医学技术类,"['医学', '技术类']",4
上海体育学院,工商管理类,"['工商管理', '类']",2
上海体育学院,数据科学与大数据技术,"['数据', '科学', '与', '大', '数据', '技术']",2
上海音乐学院,艺术管理,"['艺术', '管理']",2
上海戏剧学院,戏剧影视文学,"['戏剧', '影视', '文学']",2
上海戏剧学院,戏剧学,"['戏剧', '学']",1
上海戏剧学院,戏剧教育,"['戏剧', '教育']",2
上海戏剧学院,艺术管理,"['艺术', '管理']",2
上海戏剧学院,广播电视编导,"['广播电视', '编导']",2
上海戏剧学院,影视摄影与制作,"['影视', '摄影', '与', '制作']",3
上海大学,社会学类,"['社会学', '类']",6
上海大学,理科试验班类,"['理科', '试验班', '类']",10
上海大学,经济学类,"['经济学', '类']",3
上海大学,电气类,"['电气', '类']",9
上海大学,材料类,"['材料', '类']",3
上海大学,国际经济与贸易(中外合作办学),"['国际', '经济', '与', '贸易', '(', '中外合作', '办学', ')']",2
上海大学,工商管理(中外合作办学),"['工商管理', '(', '中外合作', '办学', ')']",2
上海大学,金融学(中外合作办学),"['金融学', '(', '中外合作', '办学', ')']",3
上海大学,信息管理与信息系统(中外合作办学),"['信息管理', '与', '信息系统', '(', '中外合作', '办学', ')']",3
上海大学,机械工程(中外合作办学),"['机械工程', '(', '中外合作', '办学', ')']",5
上海大学,材料科学与工程(中外合作办学),"['材料科学', '与', '工程', '(', '中外合作', '办学', ')']",5
上海大学,信息工程(中外合作办学),"['信息工程', '(', '中外合作', '办学', ')']",6
上海大学,电气工程及其自动化(中外合作办学),"['电气工程', '及其', '自动化', '(', '中外合作', '办学', ')']",2
上海大学,土木工程(中外合作办学),"['土木工程', '(', '中外合作', '办学', ')']",2
上海大学,环境工程(中外合作办学),"['环境工程', '(', '中外合作', '办学', ')']",2
南京大学,社会科学试验班,"['社会科学', '试验班']",5
南京大学,经济管理试验班,"['经济', '管理', '试验班']",9
南京大学,理科试验班(数理科学类),"['理科', '试验班', '(', '数理', '科学', '类', ')']",16
南京大学,电子信息类,"['电子信息', '类']",8
南京大学,工科试验班,"['工科', '试验班']",5
南京大学,计算机科学与技术,"['计算机科学', '与', '技术']",5
南京大学,人工智能,['人工智能'],3
南京大学,软件工程,['软件工程'],7
南京大学,理科试验班类(匡亚明学院大理科班),"['理科', '试验班', '类', '(', '匡亚明', '学院', '大', '理科班', ')']",5
南京大学,理科试验班类(化学与生命科学类),"['理科', '试验班', '类', '(', '化学', '与', '生命科学', '类', ')']",5
南京大学,理科试验班类(地球科学与资源环境类),"['理科', '试验班', '类', '(', '地球科学', '与', '资源', '环境', '类', ')']",4
南京大学,技术科学试验班,"['技术', '科学', '试验班']",12
苏州大学,中国语言文学类,"['中国', '语言', '文学类']",2
苏州大学,新闻传播学类,"['新闻', '传播学', '类']",2
苏州大学,金融学,['金融学'],2
苏州大学,法学,['法学'],2
苏州大学,朝鲜语,['朝鲜语'],2
苏州大学,金融数学,"['金融', '数学']",3
苏州大学,数学类,"['数学', '类']",2
苏州大学,环境工程,['环境工程'],2
苏州大学,纳米材料与技术,"['纳米材料', '与', '技术']",5
苏州大学,计算机科学与技术,"['计算机科学', '与', '技术']",2
苏州大学,电子信息类,"['电子信息', '类']",4
苏州大学,冶金工程,"['冶金', '工程']",2
苏州大学,生物技术,"['生物', '技术']",2
苏州大学,放射医学,['放射医学'],2
苏州大学,预防医学,"['预防', '医学']",2
苏州大学,药学,['药学'],2
苏州大学,临床医学(5+3一体化),"['临床医学', '(', '5', '+', '3', '一体化', ')']",3
苏州大学,临床医学,['临床医学'],2
苏州大学,人工智能,['人工智能'],4
苏州大学,机器人工程,"['机器人', '工程']",2
苏州大学,应用心理学,"['应用', '心理学']",2
苏州大学,知识产权,['知识产权'],2
苏州大学,机械工程,['机械工程'],4
苏州大学,电气工程与智能控制,"['电气工程', '与', '智能', '控制']",4
苏州大学,新能源材料与器件(中外合作办学),"['新能源', '材料', '与', '器件', '(', '中外合作', '办学', ')']",5
东南大学,文科试验班类,"['文科', '试验班', '类']",4
东南大学,建筑类,"['建筑', '类']",7
东南大学,工科试验班(碳中和与智能制造实验班),"['工科', '试验班', '(', '碳中', '和', '与', '智能', '制造', '实验班', ')']",46
东南大学,工科试验班(土木交通材料实验班),"['工科', '试验班', '(', '土木', '交通', '材料', '实验班', ')']",30
东南大学,电子信息类,"['电子信息', '类']",21
东南大学,计算机类,"['计算机', '类']",20
东南大学,工科试验班(吴健雄班),"['工科', '试验班', '(', '吴健雄', '班', ')']",5
东南大学,理科试验班,"['理科', '试验班']",6
东南大学,经济学类,"['经济学', '类']",6
东南大学,临床医学(5+3一体化),"['临床医学', '(', '5', '+', '3', '一体化', ')']",7
南京航空航天大学,工程力学,['工程力学'],3
南京航空航天大学,车辆工程,"['车辆', '工程']",2
南京航空航天大学,能源与动力工程,"['能源', '与', '动力工程']",3
南京航空航天大学,测控技术与仪器,"['测控', '技术', '与', '仪器']",2
南京航空航天大学,电气工程及其自动化,"['电气工程', '及其', '自动化']",12
南京航空航天大学,生物医学工程,"['生物医学', '工程']",3
南京航空航天大学,探测制导与控制技术,"['探测', '制导', '与', '控制技术']",3
南京航空航天大学,新能源材料与器件,"['新能源', '材料', '与', '器件']",4
南京航空航天大学,应用化学,['应用化学'],2
南京航空航天大学,飞行器适航技术,"['飞行器', '适航', '技术']",4
南京航空航天大学,交通运输(民航电子电气工程),"['交通运输', '(', '民航', '电子', '电气工程', ')']",3
南京航空航天大学,土木工程,['土木工程'],2
南京航空航天大学,应用统计学,"['应用', '统计学']",2
南京航空航天大学,工商管理,['工商管理'],2
南京航空航天大学,会计学,['会计学'],3
南京航空航天大学,管理科学与工程类,"['管理科学', '与', '工程', '类']",3
南京航空航天大学,金融学,['金融学'],2
南京航空航天大学,大数据管理与应用,"['大', '数据管理', '与', '应用']",4
南京航空航天大学,法学,['法学'],3
南京航空航天大学,行政管理,"['行政', '管理']",2
南京航空航天大学,自动化,['自动化'],10
南京航空航天大学,电子信息类,"['电子信息', '类']",10
南京航空航天大学,微电子科学与工程(集成电路设计),"['微电子', '科学', '与', '工程', '(', '集成电路', '设计', ')']",6
南京航空航天大学,工业设计,"['工业', '设计']",3
南京航空航天大学,机器人工程,"['机器人', '工程']",3
南京航空航天大学,机械工程,['机械工程'],14
南京航空航天大学,智能制造工程,"['智能', '制造', '工程']",4
南京航空航天大学,材料科学与工程,"['材料科学', '与', '工程']",4
南京航空航天大学,核工程类,"['核工程', '类']",3
南京航空航天大学,英语(民航业务、国际贸易),"['英语', '(', '民航', '业务', '、', '国际贸易', ')']",2
南京航空航天大学,飞行器控制与信息工程,"['飞行器', '控制', '与', '信息工程']",3
南京航空航天大学,光电信息科学与工程,"['光电', '信息科学', '与', '工程']",5
南京航空航天大学,航空航天工程,"['航空航天', '工程']",5
南京航空航天大学,计算机科学与技术,"['计算机科学', '与', '技术']",4
南京航空航天大学,人工智能,['人工智能'],2
南京航空航天大学,软件工程,['软件工程'],4
南京航空航天大学,物联网工程,"['物', '联网', '工程']",2
南京航空航天大学,信息安全,['信息安全'],3
南京航空航天大学,航空航天类,"['航空航天', '类']",30
南京航空航天大学,应用物理学,"['应用', '物理学']",6
南京航空航天大学,交通运输(中外合作办学)(机场运行与管理),"['交通运输', '(', '中外合作', '办学', ')', '(', '机场', '运行', '与', '管理', ')']",6
南京理工大学,经济学类,"['经济学', '类']",8
南京理工大学,法学,['法学'],2
南京理工大学,智能制造工程,"['智能', '制造', '工程']",10
南京理工大学,能源动力类,"['能源动力', '类']",14
南京理工大学,新能源科学与工程,"['新', '能源科学', '与', '工程']",10
南京理工大学,数据科学与大数据技术,"['数据', '科学', '与', '大', '数据', '技术']",6
南京理工大学,网络空间安全,"['网络空间', '安全']",7
南京理工大学,化工与制药类,"['化工', '与', '制药', '类']",14
南京理工大学,兵器类,"['兵器', '类']",15
南京理工大学,探测制导与控制技术,"['探测', '制导', '与', '控制技术']",6
南京理工大学,信息管理与信息系统,"['信息管理', '与', '信息系统']",6
南京理工大学,工商管理类,"['工商管理', '类']",12
南京理工大学,机械类,['机械类'],14
南京理工大学,材料类,"['材料', '类']",15
南京理工大学,电子信息类,"['电子信息', '类']",18
南京理工大学,自动化类,"['自动化', '类']",18
南京理工大学,计算机类,"['计算机', '类']",8
南京理工大学,机械工程(中外合作办学),"['机械工程', '(', '中外合作', '办学', ')']",5
南京理工大学,材料科学与工程(中外合作办学),"['材料科学', '与', '工程', '(', '中外合作', '办学', ')']",5
江苏科技大学,外国语言文学类,"['外国', '语言', '文学类']",7
江苏科技大学,电子信息类,"['电子信息', '类']",10
江苏科技大学,机械类,['机械类'],10
江苏科技大学,海洋工程类,"['海洋工程', '类']",6
江苏科技大学,食品科学与工程类,"['食品科学', '与', '工程', '类']",7
江苏科技大学,应用化学,['应用化学'],2
江苏科技大学,生物工程,['生物工程'],3
江苏科技大学,环境工程,['环境工程'],2
江苏科技大学,自动化,['自动化'],5
江苏科技大学,应用统计学,"['应用', '统计学']",2
江苏科技大学,工业工程,"['工业', '工程']",3
江苏科技大学,港口航道与海岸工程,"['港口', '航道', '与', '海岸', '工程']",4
江苏科技大学,应用物理学,"['应用', '物理学']",3
江苏科技大学,测控技术与仪器,"['测控', '技术', '与', '仪器']",4
江苏科技大学,给排水科学与工程,"['给排水', '科学', '与', '工程']",2
江苏科技大学,土木工程,['土木工程'],6
江苏科技大学,建筑环境与能源应用工程,"['建筑', '环境', '与', '能源', '应用', '工程']",2
江苏科技大学,工程力学,['工程力学'],5
江苏科技大学,电气工程及其自动化,"['电气工程', '及其', '自动化']",5
江苏科技大学,俄语,['俄语'],2
江苏科技大学,经济学,['经济学'],3
江苏科技大学,船舶与海洋工程(中外合作办学),"['船舶', '与', '海洋工程', '(', '中外合作', '办学', ')']",5
中国矿业大学,人工智能,['人工智能'],18
中国矿业大学,大数据管理与应用,"['大', '数据管理', '与', '应用']",5
中国矿业大学,机器人工程,"['机器人', '工程']",8
中国矿业大学,遥感科学与技术,"['遥感', '科学', '与', '技术']",8
中国矿业大学,新能源材料与器件,"['新能源', '材料', '与', '器件']",5
中国矿业大学,电子信息类,"['电子信息', '类']",52
中国矿业大学,机械类,['机械类'],42
中国矿业大学,环境科学与工程类,"['环境', '科学', '与', '工程', '类']",9
中国矿业大学,能源动力类,"['能源动力', '类']",18
中国矿业大学,公共管理类,"['公共', '管理', '类']",10
中国矿业大学,中国语言文学类,"['中国', '语言', '文学类']",8
中国矿业大学,电气类,"['电气', '类']",50
中国矿业大学,计算机类,"['计算机', '类']",50
中国矿业大学,安全科学与工程类,"['安全', '科学', '与', '工程', '类']",20
中国矿业大学,建筑类,"['建筑', '类']",12
中国矿业大学,数学类,"['数学', '类']",32
中国矿业大学,物理学类,"['物理学', '类']",16
中国矿业大学,工商管理类,"['工商管理', '类']",48
中国矿业大学,力学类,"['力学', '类']",4
中国矿业大学,外国语言文学类,"['外国', '语言', '文学类']",22
中国矿业大学,应急管理,"['应急', '管理']",4
中国矿业大学,金融学,['金融学'],4
中国矿业大学,地球信息科学与技术,"['地球', '信息科学', '与', '技术']",4
中国矿业大学,测绘类,"['测绘', '类']",4
中国矿业大学,材料类,"['材料', '类']",5
中国矿业大学,矿业类,"['矿业', '类']",16
中国矿业大学,化工与制药类,"['化工', '与', '制药', '类']",6
中国矿业大学,土木类,"['土木', '类']",14
中国矿业大学,地质类,"['地质', '类']",4
中国矿业大学,土木工程(中外合作办学),"['土木工程', '(', '中外合作', '办学', ')']",8
南京工业大学,国际经济与贸易,"['国际', '经济', '与', '贸易']",2
南京工业大学,知识产权,['知识产权'],2
南京工业大学,工业工程,"['工业', '工程']",6
南京工业大学,法学,['法学'],2
南京工业大学,德语,['德语'],2
南京工业大学,安全工程,['安全工程'],3
南京工业大学,消防工程,['消防工程'],2
南京工业大学,电气工程及其自动化,"['电气工程', '及其', '自动化']",3
南京工业大学,建筑学,['建筑学'],2
南京工业大学,管理科学与工程类,"['管理科学', '与', '工程', '类']",2
南京工业大学,食品科学与工程类,"['食品科学', '与', '工程', '类']",2
南京工业大学,数学与应用数学,"['数学', '与', '应用', '数学']",2
南京工业大学,土木类,"['土木', '类']",12
南京工业大学,环境科学与工程类,"['环境', '科学', '与', '工程', '类']",7
南京工业大学,材料类,"['材料', '类']",12
南京工业大学,化学工程与工艺,"['化学工程', '与', '工艺']",8
南京工业大学,新能源科学与工程,"['新', '能源科学', '与', '工程']",2
南京工业大学,新能源材料与器件,"['新能源', '材料', '与', '器件']",2
南京工业大学,能源动力类,"['能源动力', '类']",5
南京工业大学,药学类,"['药学', '类']",6
南京工业大学,轻化工程,"['轻化', '工程']",2
南京工业大学,制药工程,"['制药', '工程']",4
南京工业大学,材料科学与工程,"['材料科学', '与', '工程']",2
南京工业大学,铁道工程,"['铁道', '工程']",2
南京工业大学,城市地下空间工程,"['城市', '地下', '空间', '工程']",4
南京工业大学,机器人工程,"['机器人', '工程']",2
南京工业大学,机械工程(中外合作办学),"['机械工程', '(', '中外合作', '办学', ')']",3
南京工业大学,电子信息工程(中外合作办学),"['电子', '信息工程', '(', '中外合作', '办学', ')']",3
南京工业大学,土木工程(中外合作办学),"['土木工程', '(', '中外合作', '办学', ')']",3
南京工业大学,制药工程(中外合作办学),"['制药', '工程', '(', '中外合作', '办学', ')']",3
常州大学,国际经济与贸易,"['国际', '经济', '与', '贸易']",1
常州大学,法学,['法学'],2
常州大学,会计学,['会计学'],1
常州大学,市场营销,['市场营销'],7
常州大学,社会工作,['社会工作'],4
常州大学,西班牙语,['西班牙语'],2
常州大学,化学工程与工艺,"['化学工程', '与', '工艺']",2
常州大学,资源循环科学与工程,"['资源', '循环', '科学', '与', '工程']",6
常州大学,过程装备与控制工程,"['过程', '装备', '与', '控制工程']",2
常州大学,能源与动力工程,"['能源', '与', '动力工程']",2
常州大学,油气储运工程,"['油气', '储运', '工程']",2
常州大学,建筑环境与能源应用工程,"['建筑', '环境', '与', '能源', '应用', '工程']",3
常州大学,石油工程,"['石油', '工程']",4
常州大学,高分子材料与工程,"['高分子', '材料', '与', '工程']",5
常州大学,材料科学与工程,"['材料科学', '与', '工程']",2
常州大学,金属材料工程,"['金属材料', '工程']",2
常州大学,材料化学,"['材料', '化学']",2
常州大学,工程管理,"['工程', '管理']",2
常州大学,信息管理与信息系统,"['信息管理', '与', '信息系统']",2
常州大学,消防工程,['消防工程'],2
常州大学,电子信息工程(中外合作办学),"['电子', '信息工程', '(', '中外合作', '办学', ')']",2
南京邮电大学,通信工程,['通信工程'],9
南京邮电大学,电子信息工程,"['电子', '信息工程']",5
南京邮电大学,电子科学与技术,"['电子', '科学', '与', '技术']",5
南京邮电大学,微电子科学与工程,"['微电子', '科学', '与', '工程']",6
南京邮电大学,集成电路设计与集成系统,"['集成电路', '设计', '与', '集成系统']",5
南京邮电大学,计算机科学与技术,"['计算机科学', '与', '技术']",5
南京邮电大学,信息安全,['信息安全'],5
南京邮电大学,软件工程,['软件工程'],6
南京邮电大学,数据科学与大数据技术,"['数据', '科学', '与', '大', '数据', '技术']",6
南京邮电大学,自动化,['自动化'],7
南京邮电大学,电气工程及其自动化,"['电气工程', '及其', '自动化']",4
南京邮电大学,智能电网信息工程,"['智能', '电网', '信息工程']",4
南京邮电大学,人工智能,['人工智能'],6
南京邮电大学,网络工程,['网络工程'],5
南京邮电大学,物联网工程,"['物', '联网', '工程']",5
南京邮电大学,经济学类,"['经济学', '类']",5
南京邮电大学,金融工程,"['金融', '工程']",6
南京邮电大学,英语,['英语'],5
南京邮电大学,翻译,['翻译'],3
河海大学,水文与水资源工程,"['水文', '与', '水资源', '工程']",6
河海大学,水务工程,"['水务', '工程']",5
河海大学,自然地理与资源环境,"['自然地理', '与', '资源', '环境']",2
河海大学,地理信息科学,"['地理信息', '科学']",4
河海大学,水利水电工程,"['水利水电', '工程']",9
河海大学,智慧水利,"['智慧', '水利']",2
河海大学,港口航道与海岸工程,"['港口', '航道', '与', '海岸', '工程']",8
河海大学,海洋资源开发技术,"['海洋资源', '开发技术']",2
河海大学,船舶与海洋工程,"['船舶', '与', '海洋工程']",2
河海大学,土木工程,['土木工程'],8
河海大学,交通工程,"['交通', '工程']",2
河海大学,环境工程,['环境工程'],2
河海大学,环境科学,"['环境', '科学']",2
河海大学,给排水科学与工程,"['给排水', '科学', '与', '工程']",2
河海大学,环境生态工程,"['环境', '生态', '工程']",2
河海大学,电气工程及其自动化,"['电气工程', '及其', '自动化']",8
河海大学,能源与动力工程,"['能源', '与', '动力工程']",4
河海大学,自动化,['自动化'],3
河海大学,计算机科学与技术,"['计算机科学', '与', '技术']",5
河海大学,软件工程,['软件工程'],2
河海大学,工程力学,['工程力学'],3
河海大学,材料科学与工程,"['材料科学', '与', '工程']",5
河海大学,地质工程,"['地质', '工程']",3
河海大学,测绘工程,"['测绘', '工程']",2
河海大学,遥感科学与技术,"['遥感', '科学', '与', '技术']",2
河海大学,土地整治工程,"['土地', '整治', '工程']",2
河海大学,海洋科学,"['海洋', '科学']",7
河海大学,海洋技术,"['海洋', '技术']",3
河海大学,应用物理学,"['应用', '物理学']",4
河海大学,会计学,['会计学'],3
河海大学,信息管理与信息系统,"['信息管理', '与', '信息系统']",3
河海大学,工程管理,"['工程', '管理']",2
河海大学,财务管理,['财务管理'],3
河海大学,金融工程,"['金融', '工程']",2
河海大学,劳动与社会保障,"['劳动', '与', '社会保障']",2
河海大学,广播电视学,"['广播电视', '学']",2
河海大学,土地资源管理,"['土地', '资源管理']",2
河海大学,社会学,['社会学'],2
河海大学,思想政治教育,"['思想', '政治', '教育']",2
河海大学,马克思主义理论,"['马克思主义', '理论']",2
河海大学,英语,['英语'],3
河海大学,法语,['法语'],3
河海大学,水利类(大禹强化班),"['水利', '类', '(', '大禹', '强化班', ')']",8
河海大学,工程力学(大禹徐芝纶班),"['工程力学', '(', '大禹', '徐芝纶', '班', ')']",2
河海大学,计算机类(大禹强化班),"['计算机', '类', '(', '大禹', '强化班', ')']",2
河海大学,智能科学与技术,"['智能科学', '与', '技术']",3
河海大学,人工智能,['人工智能'],2
河海大学,机械工程(常州校区),"['机械工程', '(', '常州', '校区', ')']",2
河海大学,能源与动力工程(常州校区),"['能源', '与', '动力工程', '(', '常州', '校区', ')']",2
河海大学,机器人工程(常州校区),"['机器人', '工程', '(', '常州', '校区', ')']",3
河海大学,智能制造工程(常州校区),"['智能', '制造', '工程', '(', '常州', '校区', ')']",2
河海大学,通信工程(常州校区),"['通信工程', '(', '常州', '校区', ')']",4
河海大学,自动化(常州校区),"['自动化', '(', '常州', '校区', ')']",2
河海大学,物联网工程(常州校区),"['物', '联网', '工程', '(', '常州', '校区', ')']",4
河海大学,电子科学与技术(常州校区),"['电子', '科学', '与', '技术', '(', '常州', '校区', ')']",2
河海大学,国际经济与贸易(常州校区),"['国际', '经济', '与', '贸易', '(', '常州', '校区', ')']",2
河海大学,大数据管理与应用(常州校区),"['大', '数据管理', '与', '应用', '(', '常州', '校区', ')']",2
河海大学,工商管理(常州校区),"['工商管理', '(', '常州', '校区', ')']",2
河海大学,新能源科学与工程,"['新', '能源科学', '与', '工程']",2
河海大学,农业水利工程,"['农业', '水利工程']",6
河海大学,数学类,"['数学', '类']",7
河海大学,法学,['法学'],2
河海大学,环境科学(中外合作办学),"['环境', '科学', '(', '中外合作', '办学', ')']",5
河海大学,土木工程(中外合作办学)(河海里尔学院),"['土木工程', '(', '中外合作', '办学', ')', '(', '河海', '里尔', '学院', ')']",5
河海大学,机械工程(中外合作办学)(河海里尔学院),"['机械工程', '(', '中外合作', '办学', ')', '(', '河海', '里尔', '学院', ')']",5
江南大学,食品质量与安全,"['食品质量', '与', '安全']",5
江南大学,生物工程,['生物工程'],11
江南大学,生物技术,"['生物', '技术']",8
江南大学,酿酒工程,"['酿酒', '工程']",5
江南大学,轻化工程,"['轻化', '工程']",7
江南大学,化学工程与工艺,"['化学工程', '与', '工艺']",8
江南大学,高分子材料与工程,"['高分子', '材料', '与', '工程']",7
江南大学,应用化学,['应用化学'],9
江南大学,环境科学,"['环境', '科学']",7
江南大学,环境工程,['环境工程'],7
江南大学,包装工程,"['包装', '工程']",4
江南大学,服装设计与工程,"['服装设计', '与', '工程']",8
江南大学,制药工程,"['制药', '工程']",8
江南大学,临床医学,['临床医学'],13
江南大学,物联网工程,"['物', '联网', '工程']",4
江南大学,自动化,['自动化'],13
江南大学,电气工程及其自动化,"['电气工程', '及其', '自动化']",4
江南大学,微电子科学与工程,"['微电子', '科学', '与', '工程']",10
江南大学,土木工程,['土木工程'],4
江南大学,信息与计算科学,"['信息', '与', '计算', '科学']",5
江南大学,光电信息科学与工程,"['光电', '信息科学', '与', '工程']",4
江南大学,机械工程,['机械工程'],12
江南大学,机器人工程,"['机器人', '工程']",5
江南大学,工业设计,"['工业', '设计']",2
江南大学,人工智能,['人工智能'],5
江南大学,计算机科学与技术,"['计算机科学', '与', '技术']",3
江南大学,数字媒体技术,"['数字', '媒体', '技术']",10
江南大学,国际经济与贸易,"['国际', '经济', '与', '贸易']",12
江南大学,金融学,['金融学'],7
江南大学,大数据管理与应用,"['大', '数据管理', '与', '应用']",4
江南大学,工商管理,['工商管理'],8
江南大学,会计学,['会计学'],9
江南大学,汉语言文学(师范类),"['汉语言', '文学', '(', '师范类', ')']",13
江南大学,小学教育(师范类),"['小学', '教育', '(', '师范类', ')']",8
江南大学,英语,['英语'],18
江南大学,日语,['日语'],5
江南大学,法学,['法学'],7
江南大学,社会工作,['社会工作'],8
江南大学,思想政治教育,"['思想', '政治', '教育']",6
江南大学,食品科学与工程,"['食品科学', '与', '工程']",5
江南大学,纺织工程,"['纺织', '工程']",8
江南大学,药学,['药学'],8
江南大学,食品科学与工程(中外合作办学),"['食品科学', '与', '工程', '(', '中外合作', '办学', ')']",12
江南大学,工商管理(中外合作办学),"['工商管理', '(', '中外合作', '办学', ')']",7
南京林业大学,机械设计制造及其自动化,"['机械设计', '制造', '及其', '自动化']",4
南京林业大学,机器人工程,"['机器人', '工程']",4
南京林业大学,自动化,['自动化'],4
南京林业大学,土木类,"['土木', '类']",4
南京林业大学,工程管理,"['工程', '管理']",4
南京林业大学,计算机科学与技术,"['计算机科学', '与', '技术']",2
南京林业大学,电气工程及其自动化,"['电气工程', '及其', '自动化']",2
南京林业大学,人工智能,['人工智能'],2
南京林业大学,电子信息工程,"['电子', '信息工程']",2
南京林业大学,家具设计与工程,"['家具', '设计', '与', '工程']",4
南京林业大学,车辆工程,"['车辆', '工程']",4
南京林业大学,能源与动力工程,"['能源', '与', '动力工程']",3
南京林业大学,食品科学与工程类,"['食品科学', '与', '工程', '类']",6
南京林业大学,轻化工程,"['轻化', '工程']",10
南京林业大学,交通运输类,"['交通运输', '类']",4
南京林业大学,环境工程,['环境工程'],4
南京林业大学,林学类,"['林学', '类']",6
南京林业大学,水土保持与荒漠化防治,"['水土保持', '与', '荒漠化', '防治']",6
南京林业大学,生物工程类,"['生物工程', '类']",4
南京林业大学,木材科学与工程,"['木材', '科学', '与', '工程']",4
南京林业大学,生态学,['生态学'],4
南京林业大学,工商管理类,"['工商管理', '类']",2
南京林业大学,风景园林,['风景园林'],2
南京林业大学,园林,['园林'],2
南京林业大学,汉语言文学,"['汉语言', '文学']",4
南京林业大学,法学,['法学'],3
南京林业大学,林学(中外合作办学),"['林学', '(', '中外合作', '办学', ')']",8
南京林业大学,木材科学与工程(中外合作办学),"['木材', '科学', '与', '工程', '(', '中外合作', '办学', ')']",8
江苏大学,法学,['法学'],2
江苏大学,国际经济与贸易,"['国际', '经济', '与', '贸易']",2
江苏大学,汉语言文学,"['汉语言', '文学']",2
江苏大学,汉语言文学(师范类),"['汉语言', '文学', '(', '师范类', ')']",2
江苏大学,人力资源管理,"['人力', '资源管理']",2
江苏大学,市场营销,['市场营销'],3
江苏大学,物流管理,"['物流', '管理']",3
江苏大学,材料成型及控制工程,"['材料', '成型', '及', '控制工程']",2
江苏大学,材料类,"['材料', '类']",6
江苏大学,车辆工程,"['车辆', '工程']",2
江苏大学,电气工程及其自动化,"['电气工程', '及其', '自动化']",3
江苏大学,工业设计,"['工业', '设计']",2
江苏大学,光电信息科学与工程,"['光电', '信息科学', '与', '工程']",2
江苏大学,化学类,"['化学', '类']",4
江苏大学,环保设备工程,"['环保', '设备', '工程']",2
江苏大学,环境工程,['环境工程'],2
江苏大学,机械设计制造及其自动化,"['机械设计', '制造', '及其', '自动化']",5
江苏大学,计算机科学与技术,"['计算机科学', '与', '技术']",2
江苏大学,建筑环境与能源应用工程,"['建筑', '环境', '与', '能源', '应用', '工程']",2
江苏大学,交通工程,"['交通', '工程']",3
江苏大学,交通运输,['交通运输'],2
江苏大学,金属材料工程,"['金属材料', '工程']",4
江苏大学,临床医学,['临床医学'],5
江苏大学,能源与动力工程,"['能源', '与', '动力工程']",8
江苏大学,农业电气化,"['农业', '电气化']",2
江苏大学,农业机械化及其自动化,"['农业', '机械化', '及其', '自动化']",4
江苏大学,农业智能装备工程,"['农业', '智能', '装备', '工程']",4
江苏大学,软件工程,['软件工程'],2
江苏大学,生物技术,"['生物', '技术']",2
江苏大学,生物科学,['生物科学'],2
江苏大学,食品科学与工程类,"['食品科学', '与', '工程', '类']",3
江苏大学,土木工程,['土木工程'],2
江苏大学,新能源科学与工程,"['新', '能源科学', '与', '工程']",2
江苏大学,新能源汽车工程,"['新能源', '汽车', '工程']",2
江苏大学,药学类,"['药学', '类']",6
江苏大学,医学检验技术,"['医学', '检验', '技术']",6
江苏大学,医学影像学,"['医学', '影像学']",4
江苏大学,预防医学,"['预防', '医学']",2
江苏大学,制药工程,"['制药', '工程']",5
南京信息工程大学,大气科学类,"['大气', '科学', '类']",26
南京信息工程大学,应用气象学,"['应用', '气象学']",4
南京信息工程大学,气象技术与工程,"['气象', '技术', '与', '工程']",2
南京信息工程大学,防灾减灾科学与工程,"['防灾', '减灾', '科学', '与', '工程']",2
南京信息工程大学,地理科学类,"['地理', '科学', '类']",3
南京信息工程大学,测绘工程,"['测绘', '工程']",2
南京信息工程大学,遥感科学与技术,"['遥感', '科学', '与', '技术']",3
南京信息工程大学,地理空间信息工程,"['地理', '空间', '信息工程']",2
南京信息工程大学,海洋科学类,"['海洋', '科学', '类']",3
南京信息工程大学,环境科学与工程类,"['环境', '科学', '与', '工程', '类']",2
南京信息工程大学,数据科学与大数据技术,"['数据', '科学', '与', '大', '数据', '技术']",4
南京信息工程大学,机械电子工程,"['机械', '电子', '工程']",2
南京信息工程大学,电子信息类,"['电子信息', '类']",4
南京信息工程大学,计算机类,"['计算机', '类']",2
南京信息工程大学,数学与应用数学,"['数学', '与', '应用', '数学']",2
南京信息工程大学,信息与计算科学(嵌入式培养),"['信息', '与', '计算', '科学', '(', '嵌入式', '培养', ')']",4
南京信息工程大学,应用统计学,"['应用', '统计学']",2
南京信息工程大学,材料物理,"['材料', '物理']",2
南京信息工程大学,金融工程,"['金融', '工程']",4
南京信息工程大学,国际经济与贸易,"['国际', '经济', '与', '贸易']",3
南京信息工程大学,工商管理类,"['工商管理', '类']",4
南京信息工程大学,汉语言文学,"['汉语言', '文学']",2
南京信息工程大学,英语,['英语'],2
南京信息工程大学,翻译,['翻译'],2
南京信息工程大学,地理信息科学,"['地理信息', '科学']",2
南京信息工程大学,人文地理与城乡规划,"['人文地理', '与', '城乡规划']",2
南京信息工程大学,自然地理与资源环境,"['自然地理', '与', '资源', '环境']",2
南京信息工程大学,环境科学与工程类,"['环境', '科学', '与', '工程', '类']",2
南京信息工程大学,农业资源与环境,"['农业', '资源', '与', '环境']",3
南京信息工程大学,生态学,['生态学'],5
南京信息工程大学,海洋科学,"['海洋', '科学']",5
南京信息工程大学,汉语言文学(师范类),"['汉语言', '文学', '(', '师范类', ')']",3
南京信息工程大学,英语(师范类),"['英语', '(', '师范类', ')']",2
南京信息工程大学,数学与应用数学(师范类),"['数学', '与', '应用', '数学', '(', '师范类', ')']",2
南京信息工程大学,物理学(师范类),"['物理学', '(', '师范类', ')']",2
南京信息工程大学,电子信息类,"['电子信息', '类']",5
南京信息工程大学,环境工程(中外合作办学),"['环境工程', '(', '中外合作', '办学', ')']",2
南京信息工程大学,数学与应用数学(中外合作办学),"['数学', '与', '应用', '数学', '(', '中外合作', '办学', ')']",3
南京信息工程大学,应用化学(中外合作办学),"['应用化学', '(', '中外合作', '办学', ')']",2
南京信息工程大学,地理信息科学(中外合作办学),"['地理信息', '科学', '(', '中外合作', '办学', ')']",2
南京信息工程大学,数据科学与大数据技术(中外合作办学),"['数据', '科学', '与', '大', '数据', '技术', '(', '中外合作', '办学', ')']",2
南京信息工程大学,国际经济与贸易(中外合作办学),"['国际', '经济', '与', '贸易', '(', '中外合作', '办学', ')']",2
南京信息工程大学,电气工程及其自动化(中外合作办学),"['电气工程', '及其', '自动化', '(', '中外合作', '办学', ')']",2
南京信息工程大学,软件工程(中外合作办学),"['软件工程', '(', '中外合作', '办学', ')']",2
南通大学,汉语言文学(师范类),"['汉语言', '文学', '(', '师范类', ')']",2
南通大学,应用统计学,"['应用', '统计学']",2
南通大学,光电信息科学与工程,"['光电', '信息科学', '与', '工程']",2
南通大学,法学,['法学'],3
南通大学,行政管理,"['行政', '管理']",2
南通大学,国际经济与贸易,"['国际', '经济', '与', '贸易']",2
南通大学,会计学,['会计学'],2
南通大学,物流管理,"['物流', '管理']",2
南通大学,小学教育(师范类),"['小学', '教育', '(', '师范类', ')']",4
南通大学,学前教育(师范类),"['学前教育', '(', '师范类', ')']",5
南通大学,商务英语,['商务英语'],2
南通大学,日语,['日语'],2
南通大学,化学(师范类),"['化学', '(', '师范类', ')']",4
南通大学,机器人工程,"['机器人', '工程']",4
南通大学,高分子材料与工程,"['高分子', '材料', '与', '工程']",3
南通大学,儿科学,['儿科学'],2
南通大学,机械电子工程,"['机械', '电子', '工程']",2
南通大学,机械工程,['机械工程'],1
南通大学,机械设计制造及其自动化,"['机械设计', '制造', '及其', '自动化']",3
南通大学,测控技术与仪器,"['测控', '技术', '与', '仪器']",2
南通大学,集成电路设计与集成系统,"['集成电路', '设计', '与', '集成系统']",5
南通大学,计算机科学与技术,"['计算机科学', '与', '技术']",2
南通大学,物联网工程,"['物', '联网', '工程']",2
南通大学,非织造材料与工程,"['非织造', '材料', '与', '工程']",2
南通大学,轻化工程,"['轻化', '工程']",5
南通大学,临床医学,['临床医学'],2
南通大学,康复治疗学,"['康复', '治疗学']",3
南通大学,口腔医学,['口腔医学'],2
南通大学,护理学,['护理学'],2
南通大学,医学检验技术,"['医学', '检验', '技术']",4
南通大学,工业设计,"['工业', '设计']",2
南通大学,建筑学,['建筑学'],2
南通大学,土木工程,['土木工程'],2
南通大学,交通工程,"['交通', '工程']",4
南通大学,交通设备与控制工程,"['交通设备', '与', '控制工程']",8
南通大学,教育技术学(师范类),"['教育', '技术', '学', '(', '师范类', ')']",2
南通大学,人工智能,['人工智能'],2
南通大学,智能医学工程,"['智能', '医学工程']",2
南京农业大学,农学,['农学'],7
南京农业大学,种子科学与工程,"['种子', '科学', '与', '工程']",3
南京农业大学,智慧农业,"['智慧', '农业']",3
南京农业大学,植物保护,['植物保护'],6
南京农业大学,环境科学与工程类,"['环境', '科学', '与', '工程', '类']",10
南京农业大学,风景园林,['风景园林'],4
南京农业大学,园艺,['园艺'],6
南京农业大学,园林,['园林'],2
南京农业大学,国际经济与贸易,"['国际', '经济', '与', '贸易']",7
南京农业大学,农林经济管理,"['农林', '经济', '管理']",7
南京农业大学,工商管理类,"['工商管理', '类']",8
南京农业大学,动物医学类,"['动物', '医学类']",12
南京农业大学,食品科学与工程类,"['食品科学', '与', '工程', '类']",13
南京农业大学,食品营养与健康,"['食品', '营养', '与', '健康']",3
南京农业大学,公共管理类,"['公共', '管理', '类']",12
南京农业大学,人文地理与城乡规划,"['人文地理', '与', '城乡规划']",5
南京农业大学,英语,['英语'],8
南京农业大学,社会学类,"['社会学', '类']",14
南京农业大学,信息与计算科学,"['信息', '与', '计算', '科学']",4
南京农业大学,应用化学,['应用化学'],3
南京农业大学,统计学,['统计学'],5
南京农业大学,生物科学类,"['生物科学', '类']",9
南京农业大学,生物技术(生命科学与技术基地班),"['生物', '技术', '(', '生命科学', '与', '技术', '基地', '班', ')']",7
南京农业大学,金融学,['金融学'],10
南京农业大学,会计学,['会计学'],8
南京农业大学,投资学,"['投资', '学']",4
南京农业大学,机械类,['机械类'],9
南京农业大学,农业工程类,"['农业', '工程', '类']",2
南京农业大学,电子信息类,"['电子信息', '类']",9
南京农业大学,人工智能,['人工智能'],3
南京农业大学,计算机科学与技术,"['计算机科学', '与', '技术']",6
南京农业大学,数据科学与大数据技术,"['数据', '科学', '与', '大', '数据', '技术']",6
南京农业大学,信息管理与信息系统,"['信息管理', '与', '信息系统']",4
南京农业大学,生物科学(生物学基地班),"['生物科学', '(', '生物学', '基地', '班', ')']",4
南京医科大学,临床医学(5+3一体化),"['临床医学', '(', '5', '+', '3', '一体化', ')']",3
南京医科大学,临床医学(5+3一体化，儿科医学),"['临床医学', '(', '5', '+', '3', '一体化', '，', '儿科', '医学', ')']",2
南京医科大学,口腔医学(5+3一体化),"['口腔医学', '(', '5', '+', '3', '一体化', ')']",2
南京医科大学,临床医学,['临床医学'],4
南京医科大学,医学影像学,"['医学', '影像学']",2
南京医科大学,儿科学,['儿科学'],4
南京医科大学,口腔医学,['口腔医学'],2
南京医科大学,预防医学,"['预防', '医学']",2
南京医科大学,临床药学,"['临床', '药学']",2
南京医科大学,康复治疗学,"['康复', '治疗学']",2
南京医科大学,生物信息学,"['生物', '信息学']",4
南京医科大学,智能医学工程,"['智能', '医学工程']",2
南京医科大学,生物医学工程,"['生物医学', '工程']",2
南京医科大学,应用统计学(生物统计学),"['应用', '统计学', '(', '生物', '统计学', ')']",2
南京医科大学,护理学,['护理学'],5
徐州医科大学,麻醉学,['麻醉学'],5
徐州医科大学,临床医学,['临床医学'],9
徐州医科大学,医学影像学,"['医学', '影像学']",2
徐州医科大学,护理学类,"['护理学', '类']",2
徐州医科大学,预防医学,"['预防', '医学']",2
南京中医药大学,中医学(5+3一体化，中医拔尖创新人才培养模式改革),"['中医学', '(', '5', '+', '3', '一体化', '，', '中医', '拔尖', '创新', '人才培养', '模式', '改革', ')']",5
南京中医药大学,护理学,['护理学'],10
南京中医药大学,中医学,['中医学'],12
南京中医药大学,临床医学,['临床医学'],7
南京中医药大学,计算机类,"['计算机', '类']",8
南京中医药大学,医学信息工程,"['医学', '信息工程']",8
中国药科大学,药学(本博贯通强基拔尖实验班),"['药学', '(', '本博', '贯通', '强基', '拔尖', '实验班', ')']",2
中国药科大学,药学(基础药学理科基地),"['药学', '(', '基础', '药学', '理科', '基地', ')']",3
中国药科大学,药学类,"['药学', '类']",45
中国药科大学,药学(国家生命科学与技术人才培养基地),"['药学', '(', '国家', '生命科学', '与', '技术', '人才培养', '基地', ')']",3
中国药科大学,海洋药学,"['海洋', '药学']",4
中国药科大学,生物制药,['生物制药'],10
中国药科大学,化工与制药类,"['化工', '与', '制药', '类']",12
中国药科大学,临床药学,"['临床', '药学']",2
中国药科大学,中药学类,"['中药学', '类']",12
中国药科大学,药学(中外合作办学),"['药学', '(', '中外合作', '办学', ')']",11
中国药科大学,临床药学(中外合作办学),"['临床', '药学', '(', '中外合作', '办学', ')']",5
南京师范大学,汉语国际教育,"['汉语', '国际', '教育']",2
南京师范大学,英语,['英语'],2
南京师范大学,哲学,['哲学'],2
南京师范大学,法学,['法学'],3
南京师范大学,小学教育(师范类),"['小学', '教育', '(', '师范类', ')']",6
南京师范大学,学前教育(师范类),"['学前教育', '(', '师范类', ')']",3
南京师范大学,教育学(师范类),"['教育学', '(', '师范类', ')']",3
南京师范大学,教育技术学(师范类),"['教育', '技术', '学', '(', '师范类', ')']",3
南京师范大学,中国语言文学类,"['中国', '语言', '文学类']",5
南京师范大学,外国语言文学类(双外语),"['外国', '语言', '文学类', '(', '双', '外语', ')']",2
南京师范大学,新闻传播学类,"['新闻', '传播学', '类']",3
南京师范大学,历史学类,"['历史学', '类']",5
南京师范大学,化学类,"['化学', '类']",6
南京师范大学,旅游管理,"['旅游', '管理']",2
南京师范大学,地理科学类,"['地理', '科学', '类']",5
南京师范大学,生物科学类,"['生物科学', '类']",5
南京师范大学,能源动力类,"['能源动力', '类']",4
南京师范大学,人工智能,['人工智能'],4
南京师范大学,电子信息工程,"['电子', '信息工程']",3
南京师范大学,海洋资源与环境,"['海洋资源', '与', '环境']",5
南京师范大学,食品科学与工程,"['食品科学', '与', '工程']",3
南京师范大学,物理学(师范类、非师范类),"['物理学', '(', '师范类', '、', '非', '师范类', ')']",3
南京师范大学,电气工程及其自动化,"['电气工程', '及其', '自动化']",3
南京师范大学,计算机科学与技术,"['计算机科学', '与', '技术']",3
南京师范大学,环境科学与工程类,"['环境', '科学', '与', '工程', '类']",6
江苏师范大学,金融工程,"['金融', '工程']",3
江苏师范大学,法学,['法学'],5
江苏师范大学,思想政治教育(师范类),"['思想', '政治', '教育', '(', '师范类', ')']",5
江苏师范大学,教育技术学(师范类),"['教育', '技术', '学', '(', '师范类', ')']",4
江苏师范大学,汉语言文学(师范类),"['汉语言', '文学', '(', '师范类', ')']",5
江苏师范大学,汉语国际教育(师范类),"['汉语', '国际', '教育', '(', '师范类', ')']",4
江苏师范大学,英语(师范类),"['英语', '(', '师范类', ')']",5
江苏师范大学,俄语,['俄语'],2
江苏师范大学,翻译,['翻译'],2
江苏师范大学,广播电视学,"['广播电视', '学']",2
江苏师范大学,历史学(师范类),"['历史学', '(', '师范类', ')']",5
江苏师范大学,数学与应用数学(师范类),"['数学', '与', '应用', '数学', '(', '师范类', ')']",5
江苏师范大学,物理学(师范类),"['物理学', '(', '师范类', ')']",5
江苏师范大学,化学(师范类),"['化学', '(', '师范类', ')']",5
江苏师范大学,地理科学(师范类),"['地理', '科学', '(', '师范类', ')']",5
江苏师范大学,地理信息科学,"['地理信息', '科学']",2
江苏师范大学,生物科学(师范类),"['生物科学', '(', '师范类', ')']",5
江苏师范大学,电子信息工程,"['电子', '信息工程']",3
江苏师范大学,人工智能,['人工智能'],3
江苏师范大学,行政管理,"['行政', '管理']",3
江苏师范大学,金融工程(中外合作办学),"['金融', '工程', '(', '中外合作', '办学', ')']",5
江苏师范大学,轨道交通信号与控制(中外合作办学),"['轨道交通', '信号', '与', '控制', '(', '中外合作', '办学', ')']",5
江苏师范大学,机械设计制造及其自动化(中外合作办学),"['机械设计', '制造', '及其', '自动化', '(', '中外合作', '办学', ')']",3
江苏师范大学,电子信息工程(中外合作办学),"['电子', '信息工程', '(', '中外合作', '办学', ')']",4
江苏师范大学,电子科学与技术(中外合作办学),"['电子', '科学', '与', '技术', '(', '中外合作', '办学', ')']",4
淮阴师范学院,计算机科学与技术(嵌入式培养),"['计算机科学', '与', '技术', '(', '嵌入式', '培养', ')']",15
淮阴师范学院,软件工程(嵌入式培养),"['软件工程', '(', '嵌入式', '培养', ')']",15
淮阴师范学院,酒店管理,"['酒店', '管理']",6
淮阴师范学院,生物工程,['生物工程'],6
盐城师范学院,俄语,['俄语'],5
盐城师范学院,物流管理,"['物流', '管理']",3
盐城师范学院,化学(师范类),"['化学', '(', '师范类', ')']",6
盐城师范学院,应用化学,['应用化学'],5
盐城师范学院,电子商务(嵌入式培养),"['电子商务', '(', '嵌入式', '培养', ')']",2
南京财经大学,经济学类,"['经济学', '类']",6
南京财经大学,财政学类,"['财政学', '类']",6
南京财经大学,金融学类,"['金融学', '类']",6
南京财经大学,金融数学,"['金融', '数学']",2
南京财经大学,国际经济与贸易,"['国际', '经济', '与', '贸易']",3
南京财经大学,法学,['法学'],2
南京财经大学,数学与应用数学,"['数学', '与', '应用', '数学']",4
南京财经大学,软件工程(嵌入式培养),"['软件工程', '(', '嵌入式', '培养', ')']",4
南京财经大学,食品科学与工程类,"['食品科学', '与', '工程', '类']",8
南京财经大学,管理科学,['管理科学'],3
南京财经大学,大数据管理与应用,"['大', '数据管理', '与', '应用']",4
南京财经大学,工商管理,['工商管理'],3
南京财经大学,市场营销,['市场营销'],4
南京财经大学,工商管理类,"['工商管理', '类']",3
南京财经大学,公共事业管理,"['公共事业', '管理']",4
南京财经大学,物流管理,"['物流', '管理']",3
南京财经大学,工业工程,"['工业', '工程']",3
南京财经大学,电子商务,['电子商务'],4
江苏警官学院,法学,['法学'],4
江苏警官学院,行政管理,"['行政', '管理']",3
江苏警官学院,计算机科学与技术,"['计算机科学', '与', '技术']",3
南京体育学院,运动康复,"['运动', '康复']",8
南京艺术学院,美术学,['美术学'],1
南京艺术学院,艺术设计学,"['艺术设计', '学']",1
南京艺术学院,戏剧影视文学(影视策划与制片),"['戏剧', '影视', '文学', '(', '影视', '策划', '与', '制片', ')']",1
南京艺术学院,影视摄影与制作,"['影视', '摄影', '与', '制作']",1
南京艺术学院,文物保护与修复,"['文物保护', '与', '修复']",1
南京艺术学院,公共事业管理,"['公共事业', '管理']",1
南京艺术学院,艺术管理,"['艺术', '管理']",1
苏州科技大学,建筑学,['建筑学'],2
苏州科技大学,环境科学与工程类,"['环境', '科学', '与', '工程', '类']",4
苏州科技大学,土木工程,['土木工程'],4
苏州科技大学,无机非金属材料工程,"['无机', '非金属材料', '工程']",2
苏州科技大学,通信工程,['通信工程'],2
苏州科技大学,机械设计制造及其自动化,"['机械设计', '制造', '及其', '自动化']",2
苏州科技大学,数学与应用数学(师范类),"['数学', '与', '应用', '数学', '(', '师范类', ')']",2
苏州科技大学,生物技术,"['生物', '技术']",2
苏州科技大学,生物工程,['生物工程'],2
苏州科技大学,历史学(师范类),"['历史学', '(', '师范类', ')']",4
苏州科技大学,思想政治教育(师范类),"['思想', '政治', '教育', '(', '师范类', ')']",2
苏州科技大学,日语,['日语'],2
苏州科技大学,土木工程(中外合作办学),"['土木工程', '(', '中外合作', '办学', ')']",4
苏州科技大学,物流管理(中外合作办学),"['物流', '管理', '(', '中外合作', '办学', ')']",2
常熟理工学院,纺织工程,"['纺织', '工程']",9
常熟理工学院,服装设计与工程,"['服装设计', '与', '工程']",6
常熟理工学院,生物制药,['生物制药'],2
常熟理工学院,食品科学与工程,"['食品科学', '与', '工程']",2
常熟理工学院,英语(师范类),"['英语', '(', '师范类', ')']",4
常熟理工学院,数学与应用数学(师范类),"['数学', '与', '应用', '数学', '(', '师范类', ')']",2
常熟理工学院,新能源科学与工程,"['新', '能源科学', '与', '工程']",2
常熟理工学院,机械工程,['机械工程'],2
常熟理工学院,计算机科学与技术(嵌入式培养),"['计算机科学', '与', '技术', '(', '嵌入式', '培养', ')']",2
常熟理工学院,物联网工程(嵌入式培养),"['物', '联网', '工程', '(', '嵌入式', '培养', ')']",2
常熟理工学院,电子信息工程(中外合作办学),"['电子', '信息工程', '(', '中外合作', '办学', ')']",2
常熟理工学院,机械电子工程(中外合作办学),"['机械', '电子', '工程', '(', '中外合作', '办学', ')']",2
常熟理工学院,电气工程及其自动化(中外合作办学),"['电气工程', '及其', '自动化', '(', '中外合作', '办学', ')']",2
浙江大学,社会科学试验班(竺可桢学院人文社科实验班),"['社会科学', '试验班', '(', '竺可桢', '学院', '人文', '社科', '实验班', ')']",3
浙江大学,机器人工程(荣誉项目班),"['机器人', '工程', '(', '荣誉', '项目', '班', ')']",2
浙江大学,工科试验班(竺可桢学院图灵班),"['工科', '试验班', '(', '竺可桢', '学院', '图灵', '班', ')']",3
浙江大学,医学试验班(竺可桢学院巴德年医学班),"['医学', '试验班', '(', '竺可桢', '学院', '巴德', '年', '医学', '班', ')']",8
浙江大学,工科试验班(海洋),"['工科', '试验班', '(', '海洋', ')']",13
浙江大学,海洋科学,"['海洋', '科学']",10
浙江大学,应用生物科学(农学),"['应用', '生物科学', '(', '农学', ')']",25
浙江大学,人文科学试验班,"['人文科学', '试验班']",5
浙江大学,新闻传播学类,"['新闻', '传播学', '类']",3
浙江大学,社会科学试验班,"['社会科学', '试验班']",17
浙江大学,理科试验班类,"['理科', '试验班', '类']",3
浙江大学,工科试验班,"['工科', '试验班']",10
浙江大学,工科试验班(信息),"['工科', '试验班', '(', '信息', ')']",20
杭州电子科技大学,计算机类,"['计算机', '类']",10
杭州电子科技大学,电子信息类(电子信息学院),"['电子信息', '类', '(', '电子信息', '学院', ')']",14
杭州电子科技大学,网络工程,['网络工程'],2
杭州电子科技大学,电子信息类(通信学院),"['电子信息', '类', '(', '通信', '学院', ')']",6
杭州电子科技大学,自动化,['自动化'],9
杭州电子科技大学,测控技术与仪器,"['测控', '技术', '与', '仪器']",2
杭州电子科技大学,机械类,['机械类'],7
杭州电子科技大学,材料科学与工程,"['材料科学', '与', '工程']",3
杭州电子科技大学,管理科学与工程类,"['管理科学', '与', '工程', '类']",4
杭州电子科技大学,数学类,"['数学', '类']",4
杭州电子科技大学,光电信息科学与工程,"['光电', '信息科学', '与', '工程']",2
杭州电子科技大学,经济学类,"['经济学', '类']",6
杭州电子科技大学,计算机科学与技术(中外合作办学),"['计算机科学', '与', '技术', '(', '中外合作', '办学', ')']",3
杭州电子科技大学,自动化(中外合作办学),"['自动化', '(', '中外合作', '办学', ')']",6
浙江工业大学,化工与制药类(化学工程类),"['化工', '与', '制药', '类', '(', '化学工程', '类', ')']",5
浙江工业大学,生物工程类,"['生物工程', '类']",5
浙江工业大学,环境科学与工程类,"['环境', '科学', '与', '工程', '类']",5
浙江工业大学,材料类,"['材料', '类']",5
浙江工业大学,机械类,['机械类'],5
浙江工业大学,机器人工程,"['机器人', '工程']",6
浙江工业大学,计算机类,"['计算机', '类']",7
浙江工业大学,土木类,"['土木', '类']",5
浙江工业大学,物理学类(物理与光电信息类),"['物理学', '类', '(', '物理', '与', '光电', '信息', '类', ')']",6
浙江工业大学,金融学,['金融学'],6
浙江工业大学,国际经济与贸易,"['国际', '经济', '与', '贸易']",4
浙江工业大学,建筑类,"['建筑', '类']",5
浙江工业大学,药学类(2011计划创新实验区),"['药学', '类', '(', '2011', '计划', '创新', '实验区', ')']",10
浙江理工大学,数学类(按数理类培养),"['数学', '类', '(', '按', '数理', '类', '培养', ')']",2
浙江理工大学,纺织类,"['纺织', '类']",2
浙江理工大学,轻化工程,"['轻化', '工程']",3
浙江理工大学,丝绸设计与工程,"['丝绸', '设计', '与', '工程']",2
浙江理工大学,材料类,"['材料', '类']",3
浙江理工大学,服装设计与工程,"['服装设计', '与', '工程']",2
浙江理工大学,电子信息类,"['电子信息', '类']",2
浙江理工大学,计算机类,"['计算机', '类']",2
浙江理工大学,机械类,['机械类'],2
浙江理工大学,能源与动力工程,"['能源', '与', '动力工程']",2
浙江理工大学,土木类,"['土木', '类']",3
浙江理工大学,建筑类,"['建筑', '类']",2
浙江理工大学,国际经济与贸易(英文授课班),"['国际', '经济', '与', '贸易', '(', '英文', '授课', '班', ')']",5
浙江理工大学,工商管理(英文授课班),"['工商管理', '(', '英文', '授课', '班', ')']",4
浙江理工大学,经济与贸易类,"['经济', '与', '贸易', '类']",2
浙江理工大学,新闻传播学类,"['新闻', '传播学', '类']",3
浙江理工大学,外国语言文学类,"['外国', '语言', '文学类']",4
浙江理工大学,公共管理类,"['公共', '管理', '类']",2
浙江理工大学,服装设计与工程(中外合作办学)(中美合作),"['服装设计', '与', '工程', '(', '中外合作', '办学', ')', '(', '中美合作', ')']",4
浙江海洋大学,海洋科学类,"['海洋', '科学', '类']",6
浙江海洋大学,海洋资源与环境,"['海洋资源', '与', '环境']",3
浙江海洋大学,海洋渔业科学与技术,"['海洋渔业', '科学', '与', '技术']",4
浙江海洋大学,水族科学与技术,"['水族', '科学', '与', '技术']",2
浙江海洋大学,食品科学与工程,"['食品科学', '与', '工程']",2
浙江海洋大学,船舶与海洋工程,"['船舶', '与', '海洋工程']",2
浙江海洋大学,轮机工程(船机修造方向),"['轮机', '工程', '(', '船机', '修造', '方向', ')']",2
浙江海洋大学,港口航道与海岸工程,"['港口', '航道', '与', '海岸', '工程']",4
浙江海洋大学,油气储运工程,"['油气', '储运', '工程']",2
浙江海洋大学,安全工程,['安全工程'],3
浙江海洋大学,数学与应用数学(师范类),"['数学', '与', '应用', '数学', '(', '师范类', ')']",2
浙江海洋大学,物理学(师范类),"['物理学', '(', '师范类', ')']",2
浙江海洋大学,旅游管理,"['旅游', '管理']",2
浙江海洋大学,英语,['英语'],2
浙江海洋大学,商务英语,['商务英语'],2
浙江海洋大学,水产养殖学,"['水产', '养殖', '学']",2
浙江海洋大学,船舶与海洋工程(中外合作办学),"['船舶', '与', '海洋工程', '(', '中外合作', '办学', ')']",3
浙江农林大学,农学,['农学'],1
浙江农林大学,植物保护,['植物保护'],1
浙江农林大学,智慧农业,"['智慧', '农业']",2
浙江农林大学,林学,['林学'],3
浙江农林大学,生物技术,"['生物', '技术']",2
浙江农林大学,地理信息科学,"['地理信息', '科学']",3
浙江农林大学,测绘工程,"['测绘', '工程']",3
浙江农林大学,农业资源与环境,"['农业', '资源', '与', '环境']",2
浙江农林大学,环境科学与工程,"['环境', '科学', '与', '工程']",2
浙江农林大学,木材科学与工程,"['木材', '科学', '与', '工程']",5
浙江农林大学,家具设计与工程,"['家具', '设计', '与', '工程']",3
浙江农林大学,应用化学,['应用化学'],2
浙江农林大学,高分子材料与工程,"['高分子', '材料', '与', '工程']",2
浙江农林大学,土木工程,['土木工程'],1
浙江农林大学,风景园林,['风景园林'],2
浙江农林大学,城乡规划,['城乡规划'],2
浙江农林大学,工商管理,['工商管理'],1
浙江农林大学,法学,['法学'],2
浙江农林大学,城市管理,"['城市', '管理']",1
浙江农林大学,汉语言文学,"['汉语言', '文学']",1
浙江农林大学,英语,['英语'],2
浙江农林大学,动物科学,"['动物', '科学']",3
浙江农林大学,动物医学,"['动物', '医学']",4
浙江农林大学,工业设计,"['工业', '设计']",2
浙江农林大学,应用统计学,"['应用', '统计学']",1
浙江农林大学,数据科学与大数据技术,"['数据', '科学', '与', '大', '数据', '技术']",1
浙江农林大学,计算机科学与技术,"['计算机科学', '与', '技术']",3
浙江农林大学,智能科学与技术,"['智能科学', '与', '技术']",2
浙江农林大学,物联网工程,"['物', '联网', '工程']",1
浙江农林大学,机械设计制造及其自动化,"['机械设计', '制造', '及其', '自动化']",3
浙江农林大学,电子信息工程,"['电子', '信息工程']",2
浙江农林大学,园艺,['园艺'],1
浙江农林大学,设施农业科学与工程,"['设施', '农业', '科学', '与', '工程']",1
浙江农林大学,茶学,['茶学'],2
浙江农林大学,文化产业管理(茶文化),"['文化产业', '管理', '(', '茶文化', ')']",2
浙江农林大学,林学(中外合作办学)(中加合作办学项目),"['林学', '(', '中外合作', '办学', ')', '(', '中加', '合作', '办学', '项目', ')']",3
温州医科大学,眼视光医学(5+3一体化),"['眼视光', '医学', '(', '5', '+', '3', '一体化', ')']",3
温州医科大学,眼视光医学,"['眼视光', '医学']",2
温州医科大学,临床医学(5+3一体化),"['临床医学', '(', '5', '+', '3', '一体化', ')']",2
温州医科大学,临床医学,['临床医学'],3
温州医科大学,医学影像技术,"['医学影像', '技术']",2
温州医科大学,临床医学(5+3一体化，儿科学方向),"['临床医学', '(', '5', '+', '3', '一体化', '，', '儿科学', '方向', ')']",2
温州医科大学,基础医学,['基础医学'],2
温州医科大学,康复治疗学,"['康复', '治疗学']",2
温州医科大学,助产学,"['助产', '学']",2
温州医科大学,信息管理与信息系统,"['信息管理', '与', '信息系统']",2
温州医科大学,护理学,['护理学'],3
温州医科大学,临床医学(检验医师培养试验班),"['临床医学', '(', '检验', '医师', '培养', '试验班', ')']",1
温州医科大学,临床医学(中外合作办学),"['临床医学', '(', '中外合作', '办学', ')']",1
浙江中医药大学,中医学(5+3一体化),"['中医学', '(', '5', '+', '3', '一体化', ')']",1
浙江中医药大学,中医学,['中医学'],2
浙江中医药大学,中医骨伤科学,"['中医', '骨伤', '科学']",1
浙江中医药大学,医学影像学,"['医学', '影像学']",1
浙江中医药大学,医学影像技术,"['医学影像', '技术']",1
浙江中医药大学,临床医学,['临床医学'],4
浙江中医药大学,中西医临床医学,"['中西医', '临床医学']",2
浙江中医药大学,针灸推拿学,"['针灸', '推拿学']",3
浙江中医药大学,口腔医学,['口腔医学'],1
浙江中医药大学,中药学,['中药学'],2
浙江中医药大学,药学,['药学'],4
浙江中医药大学,食品卫生与营养学,"['食品卫生', '与', '营养学']",2
浙江中医药大学,护理学,['护理学'],6
浙江中医药大学,助产学,"['助产', '学']",2
浙江中医药大学,听力与言语康复学,"['听力', '与', '言语', '康复', '学']",2
浙江中医药大学,医学检验技术,"['医学', '检验', '技术']",2
浙江中医药大学,卫生检验与检疫,"['卫生', '检验', '与', '检疫']",2
浙江中医药大学,医学信息工程,"['医学', '信息工程']",2
浙江中医药大学,计算机科学与技术,"['计算机科学', '与', '技术']",2
浙江中医药大学,数据科学与大数据技术,"['数据', '科学', '与', '大', '数据', '技术']",2
浙江中医药大学,生物科学,['生物科学'],4
浙江中医药大学,生物技术,"['生物', '技术']",2
浙江中医药大学,医学实验技术,"['医学', '实验', '技术']",2
浙江中医药大学,健康服务与管理,"['健康', '服务', '与', '管理']",2
浙江中医药大学,市场营销,['市场营销'],1
浙江中医药大学,英语,['英语'],3
浙江师范大学,学前教育(师范类),"['学前教育', '(', '师范类', ')']",4
浙江师范大学,计算机类,"['计算机', '类']",5
浙江师范大学,物理学类,"['物理学', '类']",3
浙江师范大学,电子信息类,"['电子信息', '类']",5
浙江师范大学,工业设计,"['工业', '设计']",2
浙江师范大学,机器人工程,"['机器人', '工程']",4
浙江师范大学,工商管理类,"['工商管理', '类']",3
浙江师范大学,法学类,['法学类'],3
浙江师范大学,思想政治教育(师范类),"['思想', '政治', '教育', '(', '师范类', ')']",3
浙江师范大学,外国语言文学类,"['外国', '语言', '文学类']",3
浙江师范大学,数学与应用数学(师范类),"['数学', '与', '应用', '数学', '(', '师范类', ')']",3
浙江师范大学,生物科学类,"['生物科学', '类']",3
杭州师范大学,经济学,['经济学'],3
杭州师范大学,金融工程,"['金融', '工程']",3
杭州师范大学,应用化学,['应用化学'],2
杭州师范大学,制药工程,"['制药', '工程']",2
杭州师范大学,高分子材料与工程,"['高分子', '材料', '与', '工程']",6
杭州师范大学,计算机科学与技术,"['计算机科学', '与', '技术']",10
杭州师范大学,计算机科学与技术(金融信息服务方向),"['计算机科学', '与', '技术', '(', '金融信息', '服务', '方向', ')']",2
杭州师范大学,软件工程,['软件工程'],2
杭州师范大学,电子信息工程,"['电子', '信息工程']",2
杭州师范大学,药学,['药学'],10
杭州师范大学,护理学,['护理学'],8
杭州师范大学,预防医学,"['预防', '医学']",10
杭州师范大学,公共事业管理(卫生事业管理方向),"['公共事业', '管理', '(', '卫生事业', '管理', '方向', ')']",6
杭州师范大学,健康服务与管理,"['健康', '服务', '与', '管理']",4
杭州师范大学,大数据管理与应用,"['大', '数据管理', '与', '应用']",6
杭州师范大学,电子商务,['电子商务'],6
杭州师范大学,电子商务(数字商务创新实验班),"['电子商务', '(', '数字', '商务', '创新', '实验班', ')']",4
湖州师范学院,财务管理,['财务管理'],2
湖州师范学院,行政管理,"['行政', '管理']",2
湖州师范学院,旅游管理,"['旅游', '管理']",2
湖州师范学院,新闻学,['新闻学'],2
湖州师范学院,计算机类,"['计算机', '类']",4
湖州师范学院,材料化学,"['材料', '化学']",3
湖州师范学院,建筑学,['建筑学'],2
湖州师范学院,护理学,['护理学'],5
湖州师范学院,电子信息工程,"['电子', '信息工程']",1
湖州师范学院,生物工程类,"['生物工程', '类']",6
绍兴文理学院,物理学,['物理学'],5
绍兴文理学院,电子信息类,"['电子信息', '类']",5
绍兴文理学院,机械类,['机械类'],5
台州学院,工商管理,['工商管理'],4
台州学院,俄语,['俄语'],4
台州学院,电子信息工程,"['电子', '信息工程']",5
台州学院,生物科学,['生物科学'],4
台州学院,环境工程,['环境工程'],5
台州学院,化学工程与工艺,"['化学工程', '与', '工艺']",4
台州学院,材料科学与工程,"['材料科学', '与', '工程']",4
台州学院,汉语言文学(师范类),"['汉语言', '文学', '(', '师范类', ')']",4
台州学院,机械电子工程,"['机械', '电子', '工程']",4
台州学院,给排水科学与工程,"['给排水', '科学', '与', '工程']",4
台州学院,道路桥梁与渡河工程,"['道路', '桥梁', '与', '渡河', '工程']",3
台州学院,土木工程(中外合作办学),"['土木工程', '(', '中外合作', '办学', ')']",5
温州大学,信息与计算科学,"['信息', '与', '计算', '科学']",1
温州大学,材料科学与工程,"['材料科学', '与', '工程']",2
温州大学,能源化学,"['能源', '化学']",1
温州大学,机械工程(卓工超豪示范班),"['机械工程', '(', '卓工', '超豪', '示范', '班', ')']",2
温州大学,土木工程,['土木工程'],2
温州大学,城市地下空间工程,"['城市', '地下', '空间', '工程']",2
温州大学,集成电路设计与集成系统,"['集成电路', '设计', '与', '集成系统']",1
温州大学,电子信息科学与技术,"['电子信息', '科学', '与', '技术']",1
丽水学院,化学工程与工艺,"['化学工程', '与', '工艺']",2
丽水学院,生物制药,['生物制药'],2
丽水学院,机械设计制造及其自动化,"['机械设计', '制造', '及其', '自动化']",3
丽水学院,计算机科学与技术,"['计算机科学', '与', '技术']",3
丽水学院,土木工程,['土木工程'],4
丽水学院,口腔医学,['口腔医学'],2
丽水学院,护理学,['护理学'],3
丽水学院,财务管理,['财务管理'],2
浙江工商大学,哲学,['哲学'],2
浙江工商大学,经济学类,"['经济学', '类']",6
浙江工商大学,经济统计学,"['经济', '统计学']",2
浙江工商大学,金融学类,"['金融学', '类']",2
浙江工商大学,法学类,['法学类'],4
浙江工商大学,新闻传播学类,"['新闻', '传播学', '类']",2
浙江工商大学,电子信息类,"['电子信息', '类']",6
浙江工商大学,计算机类,"['计算机', '类']",4
浙江工商大学,物联网工程,"['物', '联网', '工程']",2
浙江工商大学,给排水科学与工程,"['给排水', '科学', '与', '工程']",3
浙江工商大学,环境科学与工程类,"['环境', '科学', '与', '工程', '类']",6
浙江工商大学,城乡规划,['城乡规划'],2
浙江工商大学,生物工程,['生物工程'],4
浙江工商大学,工商管理类,"['工商管理', '类']",4
浙江工商大学,会计学,['会计学'],4
浙江工商大学,公共管理类,"['公共', '管理', '类']",5
浙江工商大学,电子商务类,"['电子商务', '类']",10
浙江工商大学,旅游管理类,"['旅游', '管理', '类']",4
浙江工商大学,数据科学与大数据技术,"['数据', '科学', '与', '大', '数据', '技术']",2
浙江工商大学,外国语言文学类,"['外国', '语言', '文学类']",4
嘉兴学院,会计学,['会计学'],2
嘉兴学院,物流管理,"['物流', '管理']",2
嘉兴学院,市场营销,['市场营销'],2
嘉兴学院,临床医学,['临床医学'],5
嘉兴学院,电子信息工程,"['电子', '信息工程']",3
嘉兴学院,生物工程,['生物工程'],4
嘉兴学院,制药工程,"['制药', '工程']",5
嘉兴学院,高分子材料与工程,"['高分子', '材料', '与', '工程']",4
嘉兴学院,轻化工程,"['轻化', '工程']",3
嘉兴学院,纺织工程,"['纺织', '工程']",4
嘉兴学院,建筑学,['建筑学'],2
嘉兴学院,建筑环境与能源应用工程,"['建筑', '环境', '与', '能源', '应用', '工程']",4
中国美术学院,艺术学理论类,"['艺术', '学', '理论', '类']",6
中国美术学院,风景园林,['风景园林'],2
中国计量大学,自动化类,"['自动化', '类']",6
中国计量大学,机械类,['机械类'],4
中国计量大学,测控技术与仪器,"['测控', '技术', '与', '仪器']",4
中国计量大学,能源与动力工程,"['能源', '与', '动力工程']",5
中国计量大学,智能感知工程,"['智能', '感知', '工程']",1
中国计量大学,电子信息类,"['电子信息', '类']",6
中国计量大学,人工智能,['人工智能'],1
中国计量大学,光电信息科学与工程,"['光电', '信息科学', '与', '工程']",7
中国计量大学,电子科学与技术,"['电子', '科学', '与', '技术']",4
中国计量大学,材料科学与工程,"['材料科学', '与', '工程']",4
中国计量大学,应用化学,['应用化学'],1
中国计量大学,质量管理工程,"['质量', '管理', '工程']",2
中国计量大学,安全工程,['安全工程'],2
中国计量大学,环境工程,['环境工程'],2
中国计量大学,信息管理与信息系统,"['信息管理', '与', '信息系统']",2
中国计量大学,工商管理类,"['工商管理', '类']",1
中国计量大学,金融学类,"['金融学', '类']",1
中国计量大学,数学与应用数学,"['数学', '与', '应用', '数学']",2
中国计量大学,物理学类,"['物理学', '类']",1
中国计量大学,数据科学与大数据技术,"['数据', '科学', '与', '大', '数据', '技术']",6
中国计量大学,生物工程,['生物工程'],1
中国计量大学,卫生检验与检疫,"['卫生', '检验', '与', '检疫']",1
中国计量大学,工业设计,"['工业', '设计']",1
中国计量大学,标准化工程,"['标准化', '工程']",1
安徽大学,数学类,"['数学', '类']",4
安徽大学,信息安全,['信息安全'],8
安徽大学,电子信息工程,"['电子', '信息工程']",8
安徽大学,电气工程及其自动化,"['电气工程', '及其', '自动化']",9
安徽大学,机械类,['机械类'],3
安徽大学,计算机类,"['计算机', '类']",10
安徽大学,机器人工程,"['机器人', '工程']",6
安徽大学,集成电路设计与集成系统,"['集成电路', '设计', '与', '集成系统']",6
安徽大学,中国语言文学类,"['中国', '语言', '文学类']",5
安徽大学,历史学类,"['历史学', '类']",3
安徽大学,新闻传播学类,"['新闻', '传播学', '类']",7
安徽大学,经济统计学,"['经济', '统计学']",4
安徽大学,金融学,['金融学'],7
安徽大学,工商管理类,"['工商管理', '类']",10
安徽大学,英语,['英语'],3
安徽大学,法学类,['法学类'],4
安徽大学,计算机科学与技术,"['计算机科学', '与', '技术']",11
安徽大学,电子科学与技术,"['电子', '科学', '与', '技术']",10
安徽大学,应用物理学(中外合作办学),"['应用', '物理学', '(', '中外合作', '办学', ')']",8
安徽大学,应用统计学(中外合作办学),"['应用', '统计学', '(', '中外合作', '办学', ')']",8
安徽大学,数字媒体技术(中外合作办学),"['数字', '媒体', '技术', '(', '中外合作', '办学', ')']",9
中国科学技术大学,理科试验班类,"['理科', '试验班', '类']",25
中国科学技术大学,工科试验班,"['工科', '试验班']",19
合肥工业大学,自动化,['自动化'],10
合肥工业大学,机器人工程,"['机器人', '工程']",4
合肥工业大学,电气工程及其自动化,"['电气工程', '及其', '自动化']",10
合肥工业大学,电子科学与技术,"['电子', '科学', '与', '技术']",5
合肥工业大学,微电子科学与工程,"['微电子', '科学', '与', '工程']",5
合肥工业大学,集成电路设计与集成系统,"['集成电路', '设计', '与', '集成系统']",8
合肥工业大学,应用物理学,"['应用', '物理学']",4
合肥工业大学,信息管理与信息系统,"['信息管理', '与', '信息系统']",5
合肥工业大学,大数据管理与应用,"['大', '数据管理', '与', '应用']",2
合肥工业大学,工商管理类,"['工商管理', '类']",7
合肥工业大学,高分子材料与工程,"['高分子', '材料', '与', '工程']",4
合肥工业大学,化学工程与工艺,"['化学工程', '与', '工艺']",4
合肥工业大学,应用化学,['应用化学'],3
合肥工业大学,化学,['化学'],3
合肥工业大学,机械类(智能制造),"['机械类', '(', '智能', '制造', ')']",26
合肥工业大学,工业工程,"['工业', '工程']",3
合肥工业大学,计算机科学与技术,"['计算机科学', '与', '技术']",6
合肥工业大学,电子信息工程,"['电子', '信息工程']",7
合肥工业大学,通信工程,['通信工程'],4
合肥工业大学,信息安全,['信息安全'],3
合肥工业大学,建筑学,['建筑学'],2
合肥工业大学,城乡规划,['城乡规划'],3
合肥工业大学,工业设计,"['工业', '设计']",2
合肥工业大学,经济学,['经济学'],2
合肥工业大学,金融工程,"['金融', '工程']",6
合肥工业大学,交通运输,['交通运输'],2
合肥工业大学,车辆工程,"['车辆', '工程']",8
合肥工业大学,交通工程,"['交通', '工程']",3
合肥工业大学,能源与动力工程,"['能源', '与', '动力工程']",4
合肥工业大学,智能车辆工程,"['智能', '车辆', '工程']",2
合肥工业大学,软件工程,['软件工程'],9
合肥工业大学,食品科学与工程类,"['食品科学', '与', '工程', '类']",15
合肥工业大学,信息与计算科学,"['信息', '与', '计算', '科学']",8
合肥工业大学,数学与应用数学,"['数学', '与', '应用', '数学']",4
合肥工业大学,统计学,['统计学'],3
合肥工业大学,土木类,"['土木', '类']",8
合肥工业大学,工程力学,['工程力学'],3
合肥工业大学,测绘工程,"['测绘', '工程']",3
合肥工业大学,智能建造,"['智能', '建造']",4
合肥工业大学,英语,['英语'],8
合肥工业大学,印度尼西亚语,['印度尼西亚语'],2
合肥工业大学,法学,['法学'],2
合肥工业大学,仪器类,"['仪器', '类']",17
合肥工业大学,地理信息科学,"['地理信息', '科学']",2
合肥工业大学,环境工程,['环境工程'],2
合肥工业大学,地质类,"['地质', '类']",2
合肥工业大学,遥感科学与技术,"['遥感', '科学', '与', '技术']",3
合肥工业大学,材料类,"['材料', '类']",5
合肥工业大学,材料成型及控制工程,"['材料', '成型', '及', '控制工程']",6
合肥工业大学,材料物理,"['材料', '物理']",7
合肥工业大学,水利水电工程,"['水利水电', '工程']",9
合肥工业大学,水文与水资源工程,"['水文', '与', '水资源', '工程']",3
合肥工业大学,国际经济与贸易(中外合作办学),"['国际', '经济', '与', '贸易', '(', '中外合作', '办学', ')']",8
安徽工业大学,材料成型及控制工程,"['材料', '成型', '及', '控制工程']",3
安徽工业大学,冶金工程,"['冶金', '工程']",4
安徽工业大学,材料类,"['材料', '类']",7
安徽工业大学,金属材料工程,"['金属材料', '工程']",2
安徽工业大学,高分子材料与工程,"['高分子', '材料', '与', '工程']",2
安徽工业大学,化学工程与工艺,"['化学工程', '与', '工艺']",2
安徽工业大学,化学生物学,"['化学', '生物学']",2
安徽工业大学,应用化学,['应用化学'],2
安徽工业大学,安全工程,['安全工程'],2
安徽工业大学,工程管理,"['工程', '管理']",2
安徽工业大学,建筑环境与能源应用工程,"['建筑', '环境', '与', '能源', '应用', '工程']",2
安徽工业大学,建筑学,['建筑学'],2
安徽工业大学,土木工程,['土木工程'],5
安徽工业大学,车辆工程,"['车辆', '工程']",2
安徽工业大学,机械工程,['机械工程'],2
安徽工业大学,机械设计制造及其自动化,"['机械设计', '制造', '及其', '自动化']",8
安徽工业大学,机器人工程,"['机器人', '工程']",2
安徽工业大学,测控技术与仪器,"['测控', '技术', '与', '仪器']",2
安徽工业大学,电气工程及其自动化,"['电气工程', '及其', '自动化']",3
安徽工业大学,电子信息工程,"['电子', '信息工程']",3
安徽工业大学,通信工程,['通信工程'],2
安徽工业大学,自动化,['自动化'],3
安徽工业大学,集成电路设计与集成系统,"['集成电路', '设计', '与', '集成系统']",2
安徽工业大学,计算机类,"['计算机', '类']",11
安徽工业大学,人工智能,['人工智能'],2
安徽工业大学,物联网工程,"['物', '联网', '工程']",2
安徽工业大学,光电信息科学与工程,"['光电', '信息科学', '与', '工程']",3
安徽工业大学,微电子科学与工程,"['微电子', '科学', '与', '工程']",2
安徽工业大学,数学与应用数学,"['数学', '与', '应用', '数学']",3
安徽工业大学,数据科学与大数据技术,"['数据', '科学', '与', '大', '数据', '技术']",2
安徽工业大学,工程造价,['工程造价'],2
安徽工业大学,工业工程,"['工业', '工程']",2
安徽工业大学,信息管理与信息系统,"['信息管理', '与', '信息系统']",4
安徽工业大学,法学,['法学'],3
安徽工业大学,公共事业管理,"['公共事业', '管理']",2
安徽工业大学,行政管理,"['行政', '管理']",1
安徽工业大学,外国语言文学类,"['外国', '语言', '文学类']",4
安徽工业大学,环境工程,['环境工程'],2
安徽工业大学,能源与动力工程,"['能源', '与', '动力工程']",3
安徽工业大学,新能源科学与工程,"['新', '能源科学', '与', '工程']",2
安徽工业大学,工业设计,"['工业', '设计']",2
安徽工业大学,财务管理,['财务管理'],1
安徽工业大学,国际经济与贸易,"['国际', '经济', '与', '贸易']",2
安徽工业大学,会计学,['会计学'],2
安徽工业大学,金融学,['金融学'],2
安徽工业大学,经济统计学,"['经济', '统计学']",2
安徽工业大学,经济学,['经济学'],2
安徽工业大学,经济与金融,"['经济', '与', '金融']",2
安徽工业大学,人力资源管理,"['人力', '资源管理']",2
安徽工业大学,互联网金融,"['互联网', '金融']",2
安徽理工大学,资源与环境经济学,"['资源', '与', '环境', '经济学']",4
安徽理工大学,金融学,['金融学'],2
安徽理工大学,政治学与行政学,"['政治学', '与', '行政', '学']",4
安徽理工大学,社会工作,['社会工作'],4
安徽理工大学,英语,['英语'],4
安徽理工大学,日语,['日语'],4
安徽理工大学,网络与新媒体,"['网络', '与', '新', '媒体']",2
安徽理工大学,数学与应用数学,"['数学', '与', '应用', '数学']",4
安徽理工大学,信息与计算科学,"['信息', '与', '计算', '科学']",2
安徽理工大学,应用物理学,"['应用', '物理学']",2
安徽理工大学,应用化学,['应用化学'],4
安徽理工大学,应用统计学,"['应用', '统计学']",2
安徽理工大学,工程力学,['工程力学'],8
安徽理工大学,机械设计制造及其自动化,"['机械设计', '制造', '及其', '自动化']",6
安徽理工大学,过程装备与控制工程,"['过程', '装备', '与', '控制工程']",4
安徽理工大学,车辆工程,"['车辆', '工程']",4
安徽理工大学,智能制造工程,"['智能', '制造', '工程']",4
安徽理工大学,测控技术与仪器,"['测控', '技术', '与', '仪器']",4
安徽理工大学,无机非金属材料工程,"['无机', '非金属材料', '工程']",8
安徽理工大学,高分子材料与工程,"['高分子', '材料', '与', '工程']",8
安徽理工大学,复合材料与工程,"['复合材料', '与', '工程']",8
安徽理工大学,智能材料与结构,"['智能', '材料', '与', '结构']",5
安徽理工大学,电气工程及其自动化,"['电气工程', '及其', '自动化']",2
安徽理工大学,光电信息科学与工程,"['光电', '信息科学', '与', '工程']",7
安徽理工大学,人工智能,['人工智能'],2
安徽理工大学,自动化,['自动化'],2
安徽理工大学,机器人工程,"['机器人', '工程']",2
安徽理工大学,计算机科学与技术,"['计算机科学', '与', '技术']",2
安徽理工大学,软件工程,['软件工程'],2
安徽理工大学,信息安全,['信息安全'],2
安徽理工大学,物联网工程,"['物', '联网', '工程']",3
安徽理工大学,数字媒体技术,"['数字', '媒体', '技术']",2
安徽理工大学,智能科学与技术,"['智能科学', '与', '技术']",2
安徽理工大学,数据科学与大数据技术,"['数据', '科学', '与', '大', '数据', '技术']",2
安徽理工大学,区块链工程,"['区块', '链', '工程']",2
安徽理工大学,土木工程,['土木工程'],10
安徽理工大学,建筑环境与能源应用工程,"['建筑', '环境', '与', '能源', '应用', '工程']",4
安徽理工大学,给排水科学与工程,"['给排水', '科学', '与', '工程']",6
安徽理工大学,城市地下空间工程,"['城市', '地下', '空间', '工程']",4
安徽理工大学,智能建造,"['智能', '建造']",4
安徽理工大学,水文与水资源工程,"['水文', '与', '水资源', '工程']",6
安徽理工大学,测绘工程,"['测绘', '工程']",6
安徽理工大学,遥感科学与技术,"['遥感', '科学', '与', '技术']",8
安徽理工大学,导航工程,"['导航', '工程']",6
安徽理工大学,地理空间信息工程,"['地理', '空间', '信息工程']",8
安徽理工大学,化学工程与工艺,"['化学工程', '与', '工艺']",6
安徽理工大学,制药工程,"['制药', '工程']",8
安徽理工大学,能源化学工程,"['能源', '化学工程']",6
安徽理工大学,地质工程,"['地质', '工程']",8
安徽理工大学,勘查技术与工程,"['勘查', '技术', '与', '工程']",6
安徽理工大学,资源勘查工程,"['资源', '勘查', '工程']",8
安徽理工大学,矿物加工工程,"['矿物', '加工', '工程']",8
安徽理工大学,智能采矿工程,"['智能', '采矿工程']",8
安徽理工大学,交通工程,"['交通', '工程']",4
安徽理工大学,弹药工程与爆炸技术,"['弹药', '工程', '与', '爆炸', '技术']",2
安徽理工大学,环境工程,['环境工程'],8
安徽理工大学,安全工程,['安全工程'],6
安徽理工大学,应急技术与管理,"['应急', '技术', '与', '管理']",8
安徽理工大学,职业卫生工程,"['职业', '卫生', '工程']",4
安徽理工大学,消防工程,['消防工程'],4
安徽理工大学,临床医学,['临床医学'],2
安徽理工大学,预防医学,"['预防', '医学']",2
安徽理工大学,药学,['药学'],6
安徽理工大学,医学检验技术,"['医学', '检验', '技术']",2
安徽理工大学,工程造价,['工程造价'],2
安徽理工大学,市场营销,['市场营销'],8
安徽理工大学,会计学,['会计学'],2
安徽理工大学,人力资源管理,"['人力', '资源管理']",8
安徽理工大学,电子商务,['电子商务'],8
安徽理工大学,护理学,['护理学'],6
安徽理工大学,机械电子工程(中外合作办学),"['机械', '电子', '工程', '(', '中外合作', '办学', ')']",4
安徽工程大学,智能科学与技术,"['智能科学', '与', '技术']",5
安徽工程大学,纺织类,"['纺织', '类']",10
安徽工程大学,食品科学与工程,"['食品科学', '与', '工程']",7
安徽工程大学,应用化学,['应用化学'],5
安徽工程大学,工业工程,"['工业', '工程']",5
安徽工程大学,工业设计,"['工业', '设计']",6
安徽工程大学,计算机科学与技术,"['计算机科学', '与', '技术']",4
安徽工程大学,统计学,['统计学'],3
安徽农业大学,植物保护,['植物保护'],4
安徽农业大学,园艺,['园艺'],4
安徽农业大学,木材科学与工程,"['木材', '科学', '与', '工程']",2
安徽农业大学,动物科学,"['动物', '科学']",4
安徽农业大学,动物医学,"['动物', '医学']",4
安徽农业大学,食品科学与工程类,"['食品科学', '与', '工程', '类']",3
安徽农业大学,茶学,['茶学'],3
安徽农业大学,应用化学,['应用化学'],2
安徽农业大学,应用统计学,"['应用', '统计学']",5
安徽农业大学,测绘工程,"['测绘', '工程']",2
安徽农业大学,生物科学类,"['生物科学', '类']",5
安徽农业大学,生物制药,['生物制药'],2
安徽农业大学,应用生物科学,"['应用', '生物科学']",2
安徽农业大学,环境科学与工程类,"['环境', '科学', '与', '工程', '类']",4
安徽农业大学,机械类,['机械类'],2
安徽农业大学,电气工程及其自动化,"['电气工程', '及其', '自动化']",2
安徽农业大学,农业机械化及其自动化,"['农业', '机械化', '及其', '自动化']",2
安徽农业大学,智能制造工程,"['智能', '制造', '工程']",2
安徽农业大学,轻工类,"['轻工', '类']",2
安徽农业大学,电子信息类,"['电子信息', '类']",2
安徽农业大学,计算机科学与技术,"['计算机科学', '与', '技术']",2
安徽农业大学,工商管理类,"['工商管理', '类']",2
安徽农业大学,金融学,['金融学'],2
安徽农业大学,国际经济与贸易,"['国际', '经济', '与', '贸易']",3
安徽农业大学,汉语言文学,"['汉语言', '文学']",2
安徽农业大学,英语,['英语'],2
安徽农业大学,公共管理类,"['公共', '管理', '类']",2
安徽医科大学,临床医学,['临床医学'],6
安徽医科大学,医学影像学,"['医学', '影像学']",2
安徽医科大学,口腔医学,['口腔医学'],2
安徽医科大学,生物医学工程,"['生物医学', '工程']",2
安徽医科大学,药学,['药学'],2
安徽医科大学,健康服务与管理(中外合作办学),"['健康', '服务', '与', '管理', '(', '中外合作', '办学', ')']",2
蚌埠医学院,制药工程,"['制药', '工程']",5
蚌埠医学院,临床医学,['临床医学'],5
蚌埠医学院,药学,['药学'],5
安徽中医药大学,中医学,['中医学'],5
安徽中医药大学,中医儿科学,"['中医', '儿科学']",2
安徽中医药大学,针灸推拿学,"['针灸', '推拿学']",2
安徽中医药大学,中西医临床医学,"['中西医', '临床医学']",4
安徽中医药大学,中药学,['中药学'],3
安徽中医药大学,生物制药,['生物制药'],2
安徽中医药大学,医学信息工程,"['医学', '信息工程']",3
安徽中医药大学,数据科学与大数据技术,"['数据', '科学', '与', '大', '数据', '技术']",3
安徽中医药大学,保险学,['保险学'],3
安徽中医药大学,汉语国际教育,"['汉语', '国际', '教育']",2
安徽中医药大学,护理学,['护理学'],6
安徽中医药大学,中医康复学,"['中医', '康复', '学']",2
安徽师范大学,中国语言文学类,"['中国', '语言', '文学类']",5
安徽师范大学,汉语言文学(师范类),"['汉语言', '文学', '(', '师范类', ')']",2
安徽师范大学,思想政治教育(师范类),"['思想', '政治', '教育', '(', '师范类', ')']",2
安徽师范大学,法学,['法学'],2
安徽师范大学,社会学类,"['社会学', '类']",4
安徽师范大学,行政管理,"['行政', '管理']",2
安徽师范大学,经济学,['经济学'],2
安徽师范大学,数字经济,"['数字', '经济']",2
安徽师范大学,金融工程,"['金融', '工程']",2
安徽师范大学,会计学,['会计学'],2
安徽师范大学,财务管理,['财务管理'],2
安徽师范大学,人力资源管理,"['人力', '资源管理']",2
安徽师范大学,供应链管理,"['供应链', '管理']",3
安徽师范大学,历史学(师范类),"['历史学', '(', '师范类', ')']",2
安徽师范大学,世界史,['世界史'],2
安徽师范大学,教育技术学(师范类),"['教育', '技术', '学', '(', '师范类', ')']",2
安徽师范大学,学前教育(师范类),"['学前教育', '(', '师范类', ')']",2
安徽师范大学,心理学(师范类),"['心理学', '(', '师范类', ')']",2
安徽师范大学,俄语,['俄语'],2
安徽师范大学,法语,['法语'],2
安徽师范大学,日语,['日语'],2
安徽师范大学,葡萄牙语,['葡萄牙语'],2
安徽师范大学,数学与应用数学(师范类),"['数学', '与', '应用', '数学', '(', '师范类', ')']",2
安徽师范大学,统计学,['统计学'],2
安徽师范大学,人工智能,['人工智能'],2
安徽师范大学,计算机科学与技术,"['计算机科学', '与', '技术']",2
安徽师范大学,软件工程,['软件工程'],2
安徽师范大学,物联网工程,"['物', '联网', '工程']",2
安徽师范大学,数据科学与大数据技术,"['数据', '科学', '与', '大', '数据', '技术']",2
安徽师范大学,网络空间安全,"['网络空间', '安全']",2
安徽师范大学,物理学(师范类),"['物理学', '(', '师范类', ')']",2
安徽师范大学,电子信息类,"['电子信息', '类']",4
安徽师范大学,自动化,['自动化'],2
安徽师范大学,化学(师范类),"['化学', '(', '师范类', ')']",2
安徽师范大学,应用化学,['应用化学'],2
安徽师范大学,材料化学,"['材料', '化学']",2
安徽师范大学,化学工程与工艺,"['化学工程', '与', '工艺']",2
安徽师范大学,地理科学(师范类),"['地理', '科学', '(', '师范类', ')']",2
安徽师范大学,地理信息科学,"['地理信息', '科学']",2
安徽师范大学,城乡规划,['城乡规划'],2
安徽师范大学,土地资源管理,"['土地', '资源管理']",2
安徽师范大学,旅游管理,"['旅游', '管理']",4
安徽师范大学,生物科学(师范类),"['生物科学', '(', '师范类', ')']",2
安徽师范大学,生物技术,"['生物', '技术']",3
安徽师范大学,生态学,['生态学'],3
安徽师范大学,环境科学与工程类,"['环境', '科学', '与', '工程', '类']",4
安徽师范大学,新闻传播学类,"['新闻', '传播学', '类']",4
阜阳师范大学,电子信息科学与技术,"['电子信息', '科学', '与', '技术']",5
阜阳师范大学,应用化学,['应用化学'],5
安庆师范大学,外国语言文学类,"['外国', '语言', '文学类']",5
安庆师范大学,法学类,['法学类'],5
安庆师范大学,物流管理,"['物流', '管理']",5
安庆师范大学,数学类,"['数学', '类']",5
安庆师范大学,电子信息类,"['电子信息', '类']",10
淮北师范大学,经济学,['经济学'],1
淮北师范大学,国际经济与贸易,"['国际', '经济', '与', '贸易']",1
淮北师范大学,法学,['法学'],2
淮北师范大学,思想政治教育(师范类),"['思想', '政治', '教育', '(', '师范类', ')']",1
淮北师范大学,汉语言文学(师范类),"['汉语言', '文学', '(', '师范类', ')']",2
淮北师范大学,汉语国际教育(师范类),"['汉语', '国际', '教育', '(', '师范类', ')']",1
淮北师范大学,商务英语,['商务英语'],1
淮北师范大学,新闻学,['新闻学'],1
淮北师范大学,数学与应用数学(师范类),"['数学', '与', '应用', '数学', '(', '师范类', ')']",2
淮北师范大学,应用化学,['应用化学'],2
淮北师范大学,应用心理学,"['应用', '心理学']",2
淮北师范大学,统计学,['统计学'],1
淮北师范大学,环境科学,"['环境', '科学']",1
淮北师范大学,生物工程,['生物工程'],2
淮北师范大学,会计学,['会计学'],1
淮北师范大学,人力资源管理,"['人力', '资源管理']",1
淮北师范大学,物流管理,"['物流', '管理']",2
淮北师范大学,电子商务,['电子商务'],1
黄山学院,国际经济与贸易,"['国际', '经济', '与', '贸易']",10
黄山学院,日语,['日语'],5
黄山学院,机械设计制造及其自动化,"['机械设计', '制造', '及其', '自动化']",6
黄山学院,烹饪与营养教育,"['烹饪', '与', '营养', '教育']",5
黄山学院,酒店管理(中外合作办学),"['酒店', '管理', '(', '中外合作', '办学', ')']",10
滁州学院,汉语言文学(师范类),"['汉语言', '文学', '(', '师范类', ')']",2
滁州学院,新闻学,['新闻学'],1
滁州学院,网络与新媒体,"['网络', '与', '新', '媒体']",1
滁州学院,金融工程,"['金融', '工程']",2
滁州学院,地理信息科学,"['地理信息', '科学']",1
滁州学院,旅游管理,"['旅游', '管理']",1
滁州学院,工商管理,['工商管理'],1
滁州学院,国际经济与贸易,"['国际', '经济', '与', '贸易']",1
滁州学院,财务管理,['财务管理'],1
滁州学院,审计学,['审计学'],2
滁州学院,英语,['英语'],1
滁州学院,商务英语,['商务英语'],1
安徽财经大学,经济统计学,"['经济', '统计学']",2
安徽财经大学,金融学,['金融学'],3
安徽财经大学,法学,['法学'],6
安徽财经大学,日语,['日语'],6
安徽财经大学,数学与应用数学,"['数学', '与', '应用', '数学']",2
安徽财经大学,数据科学与大数据技术,"['数据', '科学', '与', '大', '数据', '技术']",6
安徽财经大学,会计学,['会计学'],2
安徽财经大学,财务管理,['财务管理'],2
安徽财经大学,审计学,['审计学'],3
安徽财经大学,国际商务,"['国际', '商务']",7
安徽财经大学,资产评估,"['资产', '评估']",3
安徽财经大学,物流管理,"['物流', '管理']",3
安徽财经大学,电子商务,['电子商务'],2
安徽财经大学,旅游管理,"['旅游', '管理']",4
安徽财经大学,经济学,['经济学'],4
安徽财经大学,国民经济管理,"['国民经济', '管理']",2
安徽财经大学,财政学类,"['财政学', '类']",4
安徽财经大学,金融学类,"['金融学', '类']",6
安徽财经大学,经济与贸易类,"['经济', '与', '贸易', '类']",6
安徽财经大学,电子信息类,"['电子信息', '类']",5
安徽财经大学,计算机类,"['计算机', '类']",3
安徽财经大学,工程管理,"['工程', '管理']",2
安徽财经大学,工程造价,['工程造价'],2
安徽财经大学,信息管理与信息系统,"['信息管理', '与', '信息系统']",4
安徽财经大学,统计学,['统计学'],2
安徽财经大学,供应链管理,"['供应链', '管理']",2
安徽财经大学,公共管理类,"['公共', '管理', '类']",6
安徽财经大学,工商管理类,"['工商管理', '类']",4
安徽财经大学,商务英语,['商务英语'],2
安徽财经大学,应用统计学(中外合作办学),"['应用', '统计学', '(', '中外合作', '办学', ')']",2
宿州学院,应用化学,['应用化学'],5
宿州学院,过程装备与控制工程,"['过程', '装备', '与', '控制工程']",5
宿州学院,地理科学(师范类),"['地理', '科学', '(', '师范类', ')']",4
宿州学院,测绘工程,"['测绘', '工程']",5
宿州学院,电子商务,['电子商务'],5
宿州学院,物流工程,"['物流', '工程']",5
宿州学院,汉语言文学(师范类),"['汉语言', '文学', '(', '师范类', ')']",4
宿州学院,土木工程,['土木工程'],5
宿州学院,水文与水资源工程,"['水文', '与', '水资源', '工程']",5
淮南师范学院,金融工程,"['金融', '工程']",2
淮南师范学院,国际经济与贸易,"['国际', '经济', '与', '贸易']",2
淮南师范学院,学前教育(师范类),"['学前教育', '(', '师范类', ')']",2
淮南师范学院,商务英语,['商务英语'],2
淮南师范学院,数学与应用数学(师范类),"['数学', '与', '应用', '数学', '(', '师范类', ')']",2
淮南师范学院,化学(师范类),"['化学', '(', '师范类', ')']",2
淮南师范学院,电气工程及其自动化,"['电气工程', '及其', '自动化']",2
淮南师范学院,电子信息工程,"['电子', '信息工程']",2
淮南师范学院,自动化,['自动化'],2
淮南师范学院,轨道交通信号与控制,"['轨道交通', '信号', '与', '控制']",3
淮南师范学院,机器人工程,"['机器人', '工程']",3
淮南师范学院,软件工程,['软件工程'],2
淮南师范学院,数据科学与大数据技术,"['数据', '科学', '与', '大', '数据', '技术']",2
淮南师范学院,化学工程与工艺,"['化学工程', '与', '工艺']",3
淮南师范学院,生物制药,['生物制药'],3
淮南师范学院,水产养殖学,"['水产', '养殖', '学']",4
淮南师范学院,财务管理,['财务管理'],2
厦门大学,人文科学试验班,"['人文科学', '试验班']",3
厦门大学,新闻传播学类,"['新闻', '传播学', '类']",2
厦门大学,外国语言文学类,"['外国', '语言', '文学类']",7
厦门大学,外国语言文学类(外国语言文学加会计或财务),"['外国', '语言', '文学类', '(', '外国', '语言文学', '加', '会计', '或', '财务', ')']",3
厦门大学,法学类,['法学类'],4
厦门大学,政治学类,"['政治学', '类']",4
厦门大学,经济学类,"['经济学', '类']",18
厦门大学,统计学类,"['统计学', '类']",2
厦门大学,数据科学与大数据技术,"['数据', '科学', '与', '大', '数据', '技术']",2
厦门大学,会计学(含会计、财务、审计),"['会计学', '(', '含', '会计', '、', '财务', '、', '审计', ')']",7
厦门大学,工商管理类,"['工商管理', '类']",4
厦门大学,管理科学与工程类,"['管理科学', '与', '工程', '类']",2
厦门大学,化学类(含化学化工材料类),"['化学', '类', '(', '含', '化学', '化工', '材料', '类', ')']",18
厦门大学,数学类(含物理类),"['数学', '类', '(', '含', '物理', '类', ')']",10
厦门大学,能源动力类,"['能源动力', '类']",3
厦门大学,计算机类,"['计算机', '类']",18
厦门大学,电子信息类,"['电子信息', '类']",12
厦门大学,工科试验班,"['工科', '试验班']",19
厦门大学,建筑类,"['建筑', '类']",4
厦门大学,土木类,"['土木', '类']",2
厦门大学,药学,['药学'],3
厦门大学,理科试验班(海洋生态环境类),"['理科', '试验班', '(', '海洋', '生态环境', '类', ')']",11
厦门大学,理科试验班(生命科学与医学类),"['理科', '试验班', '(', '生命科学', '与', '医学类', ')']",10
厦门大学,临床医学,['临床医学'],3
厦门大学,汉语言文学(厦门大学马来西亚分校招生专业),"['汉语言', '文学', '(', '厦门大学', '马来西亚', '分校', '招生', '专业', ')']",1
厦门大学,新闻学(厦门大学马来西亚分校招生专业),"['新闻学', '(', '厦门大学', '马来西亚', '分校', '招生', '专业', ')']",1
厦门大学,金融学(厦门大学马来西亚分校招生专业),"['金融学', '(', '厦门大学', '马来西亚', '分校', '招生', '专业', ')']",3
厦门大学,会计学(厦门大学马来西亚分校招生专业),"['会计学', '(', '厦门大学', '马来西亚', '分校', '招生', '专业', ')']",3
厦门大学,国际商务(厦门大学马来西亚分校招生专业),"['国际', '商务', '(', '厦门大学', '马来西亚', '分校', '招生', '专业', ')']",2
厦门大学,化学工程与工艺(厦门大学马来西亚分校招生专业),"['化学工程', '与', '工艺', '(', '厦门大学', '马来西亚', '分校', '招生', '专业', ')']",2
厦门大学,海洋技术(厦门大学马来西亚分校招生专业),"['海洋', '技术', '(', '厦门大学', '马来西亚', '分校', '招生', '专业', ')']",2
厦门大学,新能源科学与工程(厦门大学马来西亚分校招生专业),"['新', '能源科学', '与', '工程', '(', '厦门大学', '马来西亚', '分校', '招生', '专业', ')']",2
厦门大学,数字媒体技术(厦门大学马来西亚分校招生专业),"['数字', '媒体', '技术', '(', '厦门大学', '马来西亚', '分校', '招生', '专业', ')']",3
厦门大学,计算机科学与技术(厦门大学马来西亚分校招生专业),"['计算机科学', '与', '技术', '(', '厦门大学', '马来西亚', '分校', '招生', '专业', ')']",4
厦门大学,软件工程(厦门大学马来西亚分校招生专业),"['软件工程', '(', '厦门大学', '马来西亚', '分校', '招生', '专业', ')']",3
厦门大学,电子信息工程(厦门大学马来西亚分校招生专业),"['电子', '信息工程', '(', '厦门大学', '马来西亚', '分校', '招生', '专业', ')']",3
厦门大学,中医学(厦门大学马来西亚分校招生专业),"['中医学', '(', '厦门大学', '马来西亚', '分校', '招生', '专业', ')']",1
厦门大学,数学与应用数学(厦门大学马来西亚分校招生专业),"['数学', '与', '应用', '数学', '(', '厦门大学', '马来西亚', '分校', '招生', '专业', ')']",3
厦门大学,英语(厦门大学马来西亚分校招生专业),"['英语', '(', '厦门大学', '马来西亚', '分校', '招生', '专业', ')']",1
厦门大学,物理学(厦门大学马来西亚分校招生专业),"['物理学', '(', '厦门大学', '马来西亚', '分校', '招生', '专业', ')']",2
厦门大学,人工智能(厦门大学马来西亚分校招生专业),"['人工智能', '(', '厦门大学', '马来西亚', '分校', '招生', '专业', ')']",2
华侨大学,哲学(中西人文综合试验班),"['哲学', '(', '中西', '人文', '综合', '试验班', ')']",4
华侨大学,国际事务与国际关系,"['国际事务', '与', '国际', '关系']",2
华侨大学,汉语国际教育,"['汉语', '国际', '教育']",5
华侨大学,新闻传播学类,"['新闻', '传播学', '类']",3
华侨大学,机械工程,['机械工程'],3
华侨大学,工业设计,"['工业', '设计']",3
华侨大学,车辆工程,"['车辆', '工程']",2
华侨大学,智能制造工程,"['智能', '制造', '工程']",4
华侨大学,应用物理学(拔尖人才试点班),"['应用', '物理学', '(', '拔尖', '人才', '试点班', ')']",4
华侨大学,电气工程及其自动化,"['电气工程', '及其', '自动化']",6
华侨大学,电子信息类,"['电子信息', '类']",7
华侨大学,计算机科学与技术,"['计算机科学', '与', '技术']",4
华侨大学,软件工程,['软件工程'],4
华侨大学,信息安全,['信息安全'],3
华侨大学,土木类,"['土木', '类']",12
华侨大学,给排水科学与工程(城镇智能水系统方向),"['给排水', '科学', '与', '工程', '(', '城镇', '智能', '水', '系统', '方向', ')']",3
华侨大学,建筑学(五年),"['建筑学', '(', '五年', ')']",3
华侨大学,风景园林(五年),"['风景园林', '(', '五年', ')']",2
华侨大学,经济学类,"['经济学', '类']",10
华侨大学,金融学,['金融学'],4
华侨大学,法学,['法学'],6
华侨大学,中国语言文学类,"['中国', '语言', '文学类']",5
华侨大学,英语,['英语'],3
华侨大学,翻译,['翻译'],3
华侨大学,数学与应用数学(金融统计、数据分析方向),"['数学', '与', '应用', '数学', '(', '金融', '统计', '、', '数据分析', '方向', ')']",4
华侨大学,光电信息科学与工程,"['光电', '信息科学', '与', '工程']",4
华侨大学,物联网工程,"['物', '联网', '工程']",3
华侨大学,数据科学与大数据技术,"['数据', '科学', '与', '大', '数据', '技术']",3
华侨大学,药学(生物与医药方向),"['药学', '(', '生物', '与', '医药', '方向', ')']",3
华侨大学,临床医学(五年),"['临床医学', '(', '五年', ')']",7
华侨大学,工商管理类,"['工商管理', '类']",5
华侨大学,财务管理,['财务管理'],2
华侨大学,行政管理(数字政府治理、社会福利、公共危机管理方向),"['行政', '管理', '(', '数字', '政府', '治理', '、', '社会福利', '、', '公共', '危机', '管理', '方向', ')']",4
华侨大学,旅游管理类,"['旅游', '管理', '类']",6
华侨大学,经济学类(中美121双学位班、可接轨CFA金融分析师),"['经济学', '类', '(', '中美', '121', '双学位', '班', '、', '可', '接轨', 'CFA', '金融', '分析师', ')']",8
华侨大学,工商管理类(中美121双学位班、可接轨ACCA国际注会),"['工商管理', '类', '(', '中美', '121', '双学位', '班', '、', '可', '接轨', 'ACCA', '国际', '注', '会', ')']",4
华侨大学,国际商务(全英文教学),"['国际', '商务', '(', '全英文', '教学', ')']",4
福州大学,电气工程及其自动化,"['电气工程', '及其', '自动化']",2
福州大学,经济统计学,"['经济', '统计学']",2
福州大学,土木工程,['土木工程'],4
福州大学,会计学,['会计学'],2
福州大学,财务管理,['财务管理'],2
福州大学,英语,['英语'],2
福州大学,人工智能,['人工智能'],2
福州大学,软件工程,['软件工程'],2
福州大学,电子信息类,"['电子信息', '类']",2
福州大学,集成电路设计与集成系统,"['集成电路', '设计', '与', '集成系统']",2
福州大学,化学,['化学'],3
福州大学,法学,['法学'],3
福州大学,应用心理学,"['应用', '心理学']",2
福州大学,机械设计制造及其自动化,"['机械设计', '制造', '及其', '自动化']",2
福州大学,数学类,"['数学', '类']",2
福州大学,生物工程,['生物工程'],3
福州大学,高分子材料与工程,"['高分子', '材料', '与', '工程']",2
福州大学,自动化(中外合作办学),"['自动化', '(', '中外合作', '办学', ')']",5
福州大学,软件工程(中外合作办学),"['软件工程', '(', '中外合作', '办学', ')']",3
福州大学,数字媒体技术(中外合作办学),"['数字', '媒体', '技术', '(', '中外合作', '办学', ')']",4
福州大学,电子信息工程(中外合作办学),"['电子', '信息工程', '(', '中外合作', '办学', ')']",4
福建工程学院,材料成型及控制工程,"['材料', '成型', '及', '控制工程']",6
福建工程学院,软件工程,['软件工程'],4
福建工程学院,土木工程,['土木工程'],10
福建工程学院,建筑学,['建筑学'],5
福建工程学院,给排水科学与工程,"['给排水', '科学', '与', '工程']",4
福建工程学院,环境工程,['环境工程'],9
福建工程学院,建筑环境与能源应用工程,"['建筑', '环境', '与', '能源', '应用', '工程']",9
福建工程学院,工程管理,"['工程', '管理']",6
福建工程学院,工程造价,['工程造价'],2
福建农林大学,农学,['农学'],4
福建农林大学,植物科学与技术,"['植物', '科学', '与', '技术']",5
福建农林大学,植物保护,['植物保护'],7
福建农林大学,园艺,['园艺'],8
福建农林大学,智慧农业,"['智慧', '农业']",2
福建农林大学,生物信息学,"['生物', '信息学']",2
福建农林大学,水产养殖学,"['水产', '养殖', '学']",5
福建农林大学,动物医学,"['动物', '医学']",7
福建农林大学,蜂学,['蜂学'],4
福建农林大学,农业资源与环境,"['农业', '资源', '与', '环境']",3
福建农林大学,环境工程,['环境工程'],2
福建农林大学,食品质量与安全,"['食品质量', '与', '安全']",3
福建农林大学,食品科学与工程,"['食品科学', '与', '工程']",7
福建农林大学,轻化工程,"['轻化', '工程']",7
福建农林大学,茶学,['茶学'],11
福建农林大学,林学类,"['林学', '类']",12
福建农林大学,生物科学类,"['生物科学', '类']",4
福建农林大学,食品营养与健康,"['食品', '营养', '与', '健康']",2
福建农林大学,海洋科学,"['海洋', '科学']",6
福建农林大学,风景园林(中外合作办学),"['风景园林', '(', '中外合作', '办学', ')']",6
福建农林大学,生态学(中外合作办学),"['生态学', '(', '中外合作', '办学', ')']",14
福建农林大学,农业资源与环境(中外合作办学),"['农业', '资源', '与', '环境', '(', '中外合作', '办学', ')']",2
福建农林大学,园艺(中外合作办学),"['园艺', '(', '中外合作', '办学', ')']",5
集美大学,交通运输,['交通运输'],3
集美大学,物流管理,"['物流', '管理']",3
集美大学,轮机工程(船机修造方向),"['轮机', '工程', '(', '船机', '修造', '方向', ')']",4
集美大学,船舶与海洋工程,"['船舶', '与', '海洋工程']",3
集美大学,动物科学,"['动物', '科学']",3
集美大学,水产养殖学,"['水产', '养殖', '学']",3
集美大学,海洋渔业科学与技术,"['海洋渔业', '科学', '与', '技术']",3
集美大学,水生动物医学,"['水生动物', '医学']",3
集美大学,食品科学与工程,"['食品科学', '与', '工程']",3
集美大学,生物工程,['生物工程'],3
集美大学,经济学,['经济学'],2
集美大学,数字经济,"['数字', '经济']",3
集美大学,国际经济与贸易,"['国际', '经济', '与', '贸易']",2
集美大学,学前教育(师范类),"['学前教育', '(', '师范类', ')']",2
集美大学,工商管理,['工商管理'],2
集美大学,旅游管理,"['旅游', '管理']",2
集美大学,电子信息工程,"['电子', '信息工程']",3
集美大学,软件工程,['软件工程'],3
集美大学,机械电子工程,"['机械', '电子', '工程']",2
集美大学,数学与应用数学,"['数学', '与', '应用', '数学']",3
集美大学,应用物理学,"['应用', '物理学']",3
集美大学,英语,['英语'],2
集美大学,日语,['日语'],3
集美大学,翻译,['翻译'],3
集美大学,汉语言文学,"['汉语言', '文学']",2
集美大学,戏剧影视文学,"['戏剧', '影视', '文学']",2
集美大学,港口航道与海岸工程,"['港口', '航道', '与', '海岸', '工程']",3
福建医科大学,临床医学,['临床医学'],6
福建医科大学,麻醉学,['麻醉学'],2
福建医科大学,基础医学,['基础医学'],1
福建医科大学,口腔医学,['口腔医学'],2
福建医科大学,预防医学,"['预防', '医学']",2
福建医科大学,药学,['药学'],2
福建医科大学,临床药学,"['临床', '药学']",2
福建医科大学,卫生检验与检疫,"['卫生', '检验', '与', '检疫']",2
福建医科大学,医学检验技术,"['医学', '检验', '技术']",2
福建医科大学,医学影像技术,"['医学影像', '技术']",2
福建医科大学,智能医学工程,"['智能', '医学工程']",2
福建医科大学,公共事业管理,"['公共事业', '管理']",2
福建医科大学,应用心理学,"['应用', '心理学']",1
福建医科大学,护理学,['护理学'],3
福建师范大学,工商管理类,"['工商管理', '类']",4
福建师范大学,测控技术与仪器,"['测控', '技术', '与', '仪器']",3
福建师范大学,材料类,"['材料', '类']",3
福建师范大学,英语(师范类),"['英语', '(', '师范类', ')']",4
福建师范大学,数字媒体技术(中外合作办学),"['数字', '媒体', '技术', '(', '中外合作', '办学', ')']",5
福建师范大学,网络工程(中外合作办学),"['网络工程', '(', '中外合作', '办学', ')']",5
福建师范大学,通信工程(中外合作办学),"['通信工程', '(', '中外合作', '办学', ')']",7
福建师范大学,学前教育(中外合作办学)(师范类),"['学前教育', '(', '中外合作', '办学', ')', '(', '师范类', ')']",7
福建师范大学,电子信息工程(中外合作办学),"['电子', '信息工程', '(', '中外合作', '办学', ')']",7
福建师范大学,计算机科学与技术(中外合作办学),"['计算机科学', '与', '技术', '(', '中外合作', '办学', ')']",7
闽江学院,会计学,['会计学'],3
闽江学院,金融学,['金融学'],8
闽江学院,工商管理,['工商管理'],4
闽江学院,财务管理,['财务管理'],2
闽江学院,电子商务,['电子商务'],1
闽江学院,物流工程,"['物流', '工程']",1
闽江学院,旅游管理,"['旅游', '管理']",2
闽江学院,会展经济与管理,"['会展经济', '与', '管理']",2
闽江学院,广告学,['广告学'],1
闽江学院,网络与新媒体,"['网络', '与', '新', '媒体']",1
闽江学院,服装设计与工程,"['服装设计', '与', '工程']",2
闽江学院,法学,['法学'],2
闽江学院,数据科学与大数据技术,"['数据', '科学', '与', '大', '数据', '技术']",2
闽江学院,计算机科学与技术,"['计算机科学', '与', '技术']",2
闽江学院,通信工程,['通信工程'],1
闽江学院,人文地理与城乡规划,"['人文地理', '与', '城乡规划']",1
武夷学院,文化产业管理,"['文化产业', '管理']",1
武夷学院,化学工程与工艺,"['化学工程', '与', '工艺']",1
武夷学院,土木工程,['土木工程'],2
武夷学院,建筑学,['建筑学'],1
武夷学院,工程造价,['工程造价'],1
武夷学院,汉语言文学,"['汉语言', '文学']",1
武夷学院,商务英语,['商务英语'],1
武夷学院,国际经济与贸易,"['国际', '经济', '与', '贸易']",1
武夷学院,物流管理,"['物流', '管理']",1
宁德师范学院,学前教育(师范类),"['学前教育', '(', '师范类', ')']",5
宁德师范学院,网络与新媒体,"['网络', '与', '新', '媒体']",6
宁德师范学院,数学与应用数学(师范类),"['数学', '与', '应用', '数学', '(', '师范类', ')']",5
宁德师范学院,材料化学,"['材料', '化学']",5
宁德师范学院,市场营销,['市场营销'],4
宁德师范学院,财务会计教育,"['财务会计', '教育']",5
泉州师范学院,历史学(师范类),"['历史学', '(', '师范类', ')']",2
泉州师范学院,数学与应用数学(师范类),"['数学', '与', '应用', '数学', '(', '师范类', ')']",3
泉州师范学院,物理学(师范类),"['物理学', '(', '师范类', ')']",4
泉州师范学院,化学(师范类),"['化学', '(', '师范类', ')']",4
泉州师范学院,地理科学(师范类),"['地理', '科学', '(', '师范类', ')']",6
泉州师范学院,金融工程,"['金融', '工程']",3
泉州师范学院,国际经济与贸易,"['国际', '经济', '与', '贸易']",1
泉州师范学院,英语,['英语'],3
泉州师范学院,广播电视学,"['广播电视', '学']",3
泉州师范学院,人文地理与城乡规划,"['人文地理', '与', '城乡规划']",2
泉州师范学院,海洋技术,"['海洋', '技术']",2
泉州师范学院,机械设计制造及其自动化,"['机械设计', '制造', '及其', '自动化']",2
泉州师范学院,物联网工程,"['物', '联网', '工程']",2
泉州师范学院,化工与制药类,"['化工', '与', '制药', '类']",4
泉州师范学院,纺织工程,"['纺织', '工程']",5
泉州师范学院,环境科学,"['环境', '科学']",2
泉州师范学院,食品科学与工程,"['食品科学', '与', '工程']",3
泉州师范学院,体育经济与管理,"['体育', '经济', '与', '管理']",2
闽南师范大学,商务英语,['商务英语'],5
闽南师范大学,数学与应用数学(师范类),"['数学', '与', '应用', '数学', '(', '师范类', ')']",2
闽南师范大学,电气工程及其自动化,"['电气工程', '及其', '自动化']",2
闽南师范大学,光电信息科学与工程,"['光电', '信息科学', '与', '工程']",2
闽南师范大学,环境科学与工程,"['环境', '科学', '与', '工程']",6
闽南师范大学,计算机科学与技术,"['计算机科学', '与', '技术']",4
闽南师范大学,软件工程,['软件工程'],4
闽南师范大学,网络工程,['网络工程'],6
闽南师范大学,心理学(师范类),"['心理学', '(', '师范类', ')']",3
闽南师范大学,生物科学(师范类),"['生物科学', '(', '师范类', ')']",4
闽南师范大学,财务管理,['财务管理'],4
闽南师范大学,人力资源管理,"['人力', '资源管理']",4
闽南师范大学,旅游管理,"['旅游', '管理']",4
南昌大学,中国语言文学类,"['中国', '语言', '文学类']",2
南昌大学,哲学,['哲学'],3
南昌大学,新闻传播学类,"['新闻', '传播学', '类']",8
南昌大学,英语(英日),"['英语', '(', '英', '日', ')']",3
南昌大学,日语,['日语'],2
南昌大学,德语,['德语'],3
南昌大学,西班牙语,['西班牙语'],2
南昌大学,俄语,['俄语'],2
南昌大学,法学类,['法学类'],3
南昌大学,公共管理类,"['公共', '管理', '类']",4
南昌大学,金融学,['金融学'],5
南昌大学,工商管理,['工商管理'],4
南昌大学,会计学(国际会计师),"['会计学', '(', '国际', '会计师', ')']",3
南昌大学,工商管理(中法实验班),"['工商管理', '(', '中', '法', '实验班', ')']",2
南昌大学,物理学类,"['物理学', '类']",3
南昌大学,化学类,"['化学', '类']",3
南昌大学,生物科学类,"['生物科学', '类']",5
南昌大学,生态学,['生态学'],4
南昌大学,水产养殖学,"['水产', '养殖', '学']",3
南昌大学,食品科学与工程类,"['食品科学', '与', '工程', '类']",10
南昌大学,生物工程,['生物工程'],2
南昌大学,材料类,"['材料', '类']",10
南昌大学,化工与制药类,"['化工', '与', '制药', '类']",5
南昌大学,环境科学与工程类,"['环境', '科学', '与', '工程', '类']",5
南昌大学,过程装备与控制工程,"['过程', '装备', '与', '控制工程']",3
南昌大学,机械设计制造及其自动化,"['机械设计', '制造', '及其', '自动化']",5
南昌大学,车辆工程,"['车辆', '工程']",3
南昌大学,材料成型及控制工程,"['材料', '成型', '及', '控制工程']",2
南昌大学,土木类,"['土木', '类']",4
南昌大学,建筑类,"['建筑', '类']",3
南昌大学,电子信息类,"['电子信息', '类']",4
南昌大学,电气工程及其自动化,"['电气工程', '及其', '自动化']",3
南昌大学,自动化,['自动化'],3
南昌大学,计算机类(计算机与大数据),"['计算机', '类', '(', '计算机', '与', '大', '数据', ')']",4
南昌大学,计算机类(软件与网络空间),"['计算机', '类', '(', '软件', '与', '网络空间', ')']",12
南昌大学,基础医学,['基础医学'],5
南昌大学,临床医学,['临床医学'],15
南昌大学,麻醉学,['麻醉学'],5
南昌大学,眼视光医学,"['眼视光', '医学']",6
南昌大学,口腔医学,['口腔医学'],4
南昌大学,药学,['药学'],6
南昌大学,护理学,['护理学'],6
南昌大学,智能医学工程,"['智能', '医学工程']",3
南昌大学,临床医学类(中外合作办学)(中英双学位合作办学),"['临床', '医学类', '(', '中外合作', '办学', ')', '(', '中', '英', '双学位', '合作', '办学', ')']",60
华东交通大学,土木工程,['土木工程'],12
华东交通大学,建筑环境与能源应用工程,"['建筑', '环境', '与', '能源', '应用', '工程']",2
华东交通大学,给排水科学与工程,"['给排水', '科学', '与', '工程']",5
华东交通大学,环境工程,['环境工程'],3
华东交通大学,建筑学,['建筑学'],2
华东交通大学,机械设计制造及其自动化,"['机械设计', '制造', '及其', '自动化']",5
华东交通大学,机械电子工程,"['机械', '电子', '工程']",5
华东交通大学,车辆工程,"['车辆', '工程']",15
华东交通大学,测控技术与仪器,"['测控', '技术', '与', '仪器']",5
华东交通大学,智能制造工程,"['智能', '制造', '工程']",5
华东交通大学,电气工程及其自动化,"['电气工程', '及其', '自动化']",10
华东交通大学,自动化类,"['自动化', '类']",10
华东交通大学,电子信息工程,"['电子', '信息工程']",5
华东交通大学,建筑电气与智能化,"['建筑', '电气', '与', '智能化']",2
华东交通大学,通信工程,['通信工程'],5
华东交通大学,人工智能,['人工智能'],5
华东交通大学,计算机类,"['计算机', '类']",5
华东交通大学,数据科学与大数据技术,"['数据', '科学', '与', '大', '数据', '技术']",3
华东交通大学,交通运输,['交通运输'],11
华东交通大学,交通工程,"['交通', '工程']",5
华东交通大学,铁道工程,"['铁道', '工程']",5
华东交通大学,测绘工程,"['测绘', '工程']",4
华东交通大学,物流管理,"['物流', '管理']",4
华东交通大学,物流工程,"['物流', '工程']",4
华东交通大学,金融学,['金融学'],2
华东交通大学,国际经济与贸易,"['国际', '经济', '与', '贸易']",2
华东交通大学,会计学,['会计学'],2
华东交通大学,人力资源管理,"['人力', '资源管理']",2
华东交通大学,信息与计算科学,"['信息', '与', '计算', '科学']",4
华东交通大学,光电信息科学与工程,"['光电', '信息科学', '与', '工程']",4
华东交通大学,材料成型及控制工程,"['材料', '成型', '及', '控制工程']",7
华东交通大学,高分子材料与工程,"['高分子', '材料', '与', '工程']",7
华东交通大学,翻译,['翻译'],3
华东交通大学,英语,['英语'],2
华东交通大学,法学,['法学'],3
华东交通大学,公共事业管理,"['公共事业', '管理']",5
华东交通大学,汉语言文学,"['汉语言', '文学']",2
华东交通大学,知识产权,['知识产权'],5
华东交通大学,工程管理(中外合作办学),"['工程', '管理', '(', '中外合作', '办学', ')']",4
东华理工大学,地质类,"['地质', '类']",6
东华理工大学,地质学类,"['地质学', '类']",6
东华理工大学,城乡规划,['城乡规划'],5
东华理工大学,自然地理与资源环境(旅游地学方向),"['自然地理', '与', '资源', '环境', '(', '旅游', '地学', '方向', ')']",5
东华理工大学,勘查技术与工程,"['勘查', '技术', '与', '工程']",6
东华理工大学,地球物理学类,"['地球', '物理学', '类']",8
东华理工大学,测控技术与仪器,"['测控', '技术', '与', '仪器']",5
东华理工大学,核工程类,"['核工程', '类']",5
东华理工大学,水文与水资源工程,"['水文', '与', '水资源', '工程']",5
东华理工大学,环境工程,['环境工程'],4
东华理工大学,给排水科学与工程,"['给排水', '科学', '与', '工程']",6
东华理工大学,地下水科学与工程,"['地下水', '科学', '与', '工程']",5
东华理工大学,计算机科学与技术,"['计算机科学', '与', '技术']",5
东华理工大学,应用化学,['应用化学'],4
东华理工大学,生物技术,"['生物', '技术']",5
东华理工大学,材料科学与工程,"['材料科学', '与', '工程']",4
东华理工大学,汉语言文学(对外文化交流方向),"['汉语言', '文学', '(', '对外', '文化交流', '方向', ')']",3
东华理工大学,法学,['法学'],3
东华理工大学,广告学,['广告学'],4
东华理工大学,英语(外贸方向),"['英语', '(', '外贸', '方向', ')']",4
东华理工大学,数学与应用数学(含金融、软件设计方向),"['数学', '与', '应用', '数学', '(', '含', '金融', '、', '软件设计', '方向', ')']",4
东华理工大学,物理学,['物理学'],5
东华理工大学,网络工程,['网络工程'],10
东华理工大学,软件工程(Web系统开发、大数据分析、移动软件开发),"['软件工程', '(', 'Web', '系统', '开发', '、', '大', '数据分析', '、', '移动', '软件开发', ')']",10
东华理工大学,测绘类,"['测绘', '类']",10
东华理工大学,土地资源管理,"['土地', '资源管理']",5
东华理工大学,土木类,"['土木', '类']",10
东华理工大学,机械工程(中外合作办学),"['机械工程', '(', '中外合作', '办学', ')']",3
东华理工大学,软件工程(中外合作办学),"['软件工程', '(', '中外合作', '办学', ')']",5
南昌航空大学,无机非金属材料工程,"['无机', '非金属材料', '工程']",2
南昌航空大学,金属材料工程,"['金属材料', '工程']",5
南昌航空大学,高分子材料与工程,"['高分子', '材料', '与', '工程']",2
南昌航空大学,复合材料与工程,"['复合材料', '与', '工程']",2
南昌航空大学,应用化学,['应用化学'],4
南昌航空大学,材料化学,"['材料', '化学']",3
南昌航空大学,环境工程,['环境工程'],2
南昌航空大学,给排水科学与工程,"['给排水', '科学', '与', '工程']",3
南昌航空大学,机械设计制造及其自动化,"['机械设计', '制造', '及其', '自动化']",2
南昌航空大学,飞行器制造工程,"['飞行器', '制造', '工程']",2
南昌航空大学,材料成型及控制工程,"['材料', '成型', '及', '控制工程']",6
南昌航空大学,焊接技术与工程,"['焊接', '技术', '与', '工程']",2
南昌航空大学,电子信息工程,"['电子', '信息工程']",4
南昌航空大学,通信工程,['通信工程'],2
南昌航空大学,自动化,['自动化'],2
南昌航空大学,计算机科学与技术,"['计算机科学', '与', '技术']",2
南昌航空大学,飞行器动力工程,"['飞行器', '动力工程']",3
南昌航空大学,飞行器设计与工程,"['飞行器', '设计', '与', '工程']",4
南昌航空大学,飞行器制造工程(航空维修工程与技术),"['飞行器', '制造', '工程', '(', '航空', '维修', '工程', '与', '技术', ')']",4
南昌航空大学,测控技术与仪器,"['测控', '技术', '与', '仪器']",4
南昌航空大学,电子科学与技术,"['电子', '科学', '与', '技术']",2
南昌航空大学,经济学(金融与投资),"['经济学', '(', '金融', '与', '投资', ')']",2
南昌航空大学,电子商务(商务运营),"['电子商务', '(', '商务', '运营', ')']",2
南昌航空大学,工业工程,"['工业', '工程']",2
南昌航空大学,工程管理,"['工程', '管理']",2
南昌航空大学,机械电子工程,"['机械', '电子', '工程']",4
南昌航空大学,新闻学,['新闻学'],2
江西理工大学,矿业类,"['矿业', '类']",3
江西理工大学,环境工程,['环境工程'],2
江西理工大学,地质工程,"['地质', '工程']",3
江西理工大学,土木类,"['土木', '类']",3
江西理工大学,测绘工程,"['测绘', '工程']",3
江西理工大学,地理信息科学,"['地理信息', '科学']",2
江西理工大学,给排水科学与工程,"['给排水', '科学', '与', '工程']",2
江西理工大学,冶金工程,"['冶金', '工程']",2
江西理工大学,化学工程与工艺,"['化学工程', '与', '工艺']",2
江西理工大学,新能源科学与工程,"['新', '能源科学', '与', '工程']",3
江西理工大学,材料科学与工程,"['材料科学', '与', '工程']",3
江西理工大学,机械工程,['机械工程'],2
江西理工大学,车辆工程,"['车辆', '工程']",2
江西理工大学,机械电子工程,"['机械', '电子', '工程']",2
江西理工大学,电气工程及其自动化,"['电气工程', '及其', '自动化']",2
江西理工大学,自动化,['自动化'],2
江西理工大学,电子科学与技术,"['电子', '科学', '与', '技术']",2
江西理工大学,计算机类,"['计算机', '类']",2
江西理工大学,电子信息类,"['电子信息', '类']",3
江西理工大学,工程造价,['工程造价'],2
江西理工大学,会计学,['会计学'],2
江西理工大学,工商管理,['工商管理'],2
江西理工大学,金融学,['金融学'],2
江西理工大学,法学,['法学'],2
江西理工大学,英语,['英语'],2
江西理工大学,日语,['日语'],2
江西理工大学,汉语国际教育,"['汉语', '国际', '教育']",2
江西理工大学,信息与计算科学,"['信息', '与', '计算', '科学']",2
江西理工大学,电子信息科学与技术,"['电子信息', '科学', '与', '技术']",2
江西理工大学,建筑学,['建筑学'],2
江西理工大学,行政管理,"['行政', '管理']",2
江西理工大学,安全工程,['安全工程'],2
江西理工大学,工程管理,"['工程', '管理']",2
江西理工大学,虚拟现实技术,"['虚拟现实', '技术']",2
江西理工大学,软件工程(软件开发方向),"['软件工程', '(', '软件开发', '方向', ')']",2
江西理工大学,软件工程(土木方向),"['软件工程', '(', '土木', '方向', ')']",2
江西理工大学,财务管理,['财务管理'],2
江西理工大学,人力资源管理,"['人力', '资源管理']",2
江西理工大学,软件工程(会计方向),"['软件工程', '(', '会计', '方向', ')']",2
江西理工大学,软件工程(金融方向),"['软件工程', '(', '金融', '方向', ')']",2
江西理工大学,材料成型及控制工程,"['材料', '成型', '及', '控制工程']",2
江西理工大学,机器人工程,"['机器人', '工程']",2
江西理工大学,采矿工程(中外合作办学),"['采矿工程', '(', '中外合作', '办学', ')']",2
江西理工大学,电子科学与技术(中外合作办学),"['电子', '科学', '与', '技术', '(', '中外合作', '办学', ')']",2
景德镇陶瓷大学,材料物理,"['材料', '物理']",2
景德镇陶瓷大学,材料化学,"['材料', '化学']",1
景德镇陶瓷大学,无机非金属材料工程,"['无机', '非金属材料', '工程']",3
景德镇陶瓷大学,粉体材料科学与工程,"['粉体', '材料科学', '与', '工程']",1
景德镇陶瓷大学,新能源材料与器件,"['新能源', '材料', '与', '器件']",2
景德镇陶瓷大学,能源与动力工程,"['能源', '与', '动力工程']",2
景德镇陶瓷大学,环境工程,['环境工程'],1
景德镇陶瓷大学,机械设计制造及其自动化,"['机械设计', '制造', '及其', '自动化']",2
景德镇陶瓷大学,材料成型及控制工程,"['材料', '成型', '及', '控制工程']",1
景德镇陶瓷大学,机械电子工程,"['机械', '电子', '工程']",1
景德镇陶瓷大学,电子信息工程,"['电子', '信息工程']",1
景德镇陶瓷大学,电子科学与技术,"['电子', '科学', '与', '技术']",1
景德镇陶瓷大学,智能制造工程,"['智能', '制造', '工程']",1
景德镇陶瓷大学,国际经济与贸易,"['国际', '经济', '与', '贸易']",1
景德镇陶瓷大学,工商管理,['工商管理'],1
景德镇陶瓷大学,市场营销,['市场营销'],1
景德镇陶瓷大学,会计学,['会计学'],1
景德镇陶瓷大学,财务管理,['财务管理'],1
景德镇陶瓷大学,信息与计算科学,"['信息', '与', '计算', '科学']",1
景德镇陶瓷大学,应用统计学,"['应用', '统计学']",2
景德镇陶瓷大学,计算机科学与技术,"['计算机科学', '与', '技术']",1
景德镇陶瓷大学,信息管理与信息系统,"['信息管理', '与', '信息系统']",2
景德镇陶瓷大学,人工智能,['人工智能'],1
景德镇陶瓷大学,英语,['英语'],1
景德镇陶瓷大学,日语,['日语'],1
景德镇陶瓷大学,法学,['法学'],1
景德镇陶瓷大学,知识产权,['知识产权'],1
景德镇陶瓷大学,文物与博物馆学,"['文物', '与', '博物馆学']",1
景德镇陶瓷大学,文物保护技术,"['文物保护', '技术']",1
景德镇陶瓷大学,文化遗产,['文化遗产'],1
景德镇陶瓷大学,考古学,['考古学'],1
江西农业大学,园艺,['园艺'],4
江西农业大学,植物保护,['植物保护'],4
江西农业大学,动植物检疫,"['动植物', '检疫']",4
江西农业大学,种子科学与工程,"['种子', '科学', '与', '工程']",4
江西农业大学,茶学,['茶学'],4
江西农业大学,林产化工,"['林产', '化工']",2
江西农业大学,园林,['园林'],2
江西农业大学,动物药学,"['动物', '药学']",2
江西农业大学,水产养殖学,"['水产', '养殖', '学']",4
江西农业大学,机械设计制造及其自动化,"['机械设计', '制造', '及其', '自动化']",3
江西农业大学,农业机械化及其自动化,"['农业', '机械化', '及其', '自动化']",2
江西农业大学,土木工程,['土木工程'],2
江西农业大学,金融学,['金融学'],2
江西农业大学,经济学,['经济学'],2
江西农业大学,会计学(中外高水平大学学生交流计划),"['会计学', '(', '中外', '高水平', '大学', '学生', '交流', '计划', ')']",2
江西农业大学,环境科学与工程,"['环境', '科学', '与', '工程']",4
江西农业大学,地理信息科学,"['地理信息', '科学']",4
江西农业大学,土地资源管理,"['土地', '资源管理']",4
江西农业大学,农业水利工程,"['农业', '水利工程']",6
江西农业大学,电子商务,['电子商务'],2
江西农业大学,数据科学与大数据技术,"['数据', '科学', '与', '大', '数据', '技术']",2
江西农业大学,软件工程(英语方向),"['软件工程', '(', '英语', '方向', ')']",2
江西农业大学,物联网工程,"['物', '联网', '工程']",3
江西农业大学,软件工程(金融方向),"['软件工程', '(', '金融', '方向', ')']",3
江西农业大学,应用化学,['应用化学'],6
江西农业大学,材料化学,"['材料', '化学']",2
江西农业大学,教育技术学,"['教育', '技术', '学']",2
江西农业大学,食品质量与安全,"['食品质量', '与', '安全']",4
江西农业大学,食品科学与工程,"['食品科学', '与', '工程']",2
江西农业大学,制药工程,"['制药', '工程']",6
江西农业大学,生物技术(食用菌),"['生物', '技术', '(', '食用菌', ')']",6
江西农业大学,日语,['日语'],2
江西农业大学,英语,['英语'],2
江西中医药大学,中医学,['中医学'],6
江西中医药大学,中医养生学,"['中医', '养生学']",3
江西中医药大学,中西医临床医学,"['中西医', '临床医学']",5
江西中医药大学,中医骨伤科学,"['中医', '骨伤', '科学']",5
江西中医药大学,针灸推拿学,"['针灸', '推拿学']",6
江西中医药大学,康复治疗学,"['康复', '治疗学']",5
江西中医药大学,护理学,['护理学'],6
江西中医药大学,应用心理学,"['应用', '心理学']",5
江西中医药大学,药学,['药学'],2
江西中医药大学,中药学,['中药学'],5
江西中医药大学,药物制剂,['药物制剂'],5
江西中医药大学,中药制药,"['中药', '制药']",2
江西中医药大学,中药资源与开发,"['中药', '资源', '与', '开发']",5
江西中医药大学,食品质量与安全,"['食品质量', '与', '安全']",5
江西中医药大学,市场营销,['市场营销'],2
江西中医药大学,健康服务与管理,"['健康', '服务', '与', '管理']",3
江西中医药大学,计算机科学与技术,"['计算机科学', '与', '技术']",5
江西中医药大学,生物医学工程,"['生物医学', '工程']",1
江西中医药大学,医学影像技术,"['医学影像', '技术']",1
赣南医学院,临床医学,['临床医学'],2
赣南医学院,预防医学,"['预防', '医学']",2
赣南医学院,法医学,['法医学'],2
赣南医学院,制药工程,"['制药', '工程']",2
赣南医学院,生物信息学,"['生物', '信息学']",2
江西师范大学,会计学,['会计学'],4
江西师范大学,金融学,['金融学'],2
江西师范大学,经济学,['经济学'],4
江西师范大学,建筑学,['建筑学'],2
江西师范大学,地理科学类,"['地理', '科学', '类']",17
江西师范大学,化学类,"['化学', '类']",12
江西师范大学,计算机科学与技术,"['计算机科学', '与', '技术']",12
江西师范大学,计算机科学与技术(师范类),"['计算机科学', '与', '技术', '(', '师范类', ')']",11
江西师范大学,人工智能,['人工智能'],2
江西师范大学,数据科学与大数据技术,"['数据', '科学', '与', '大', '数据', '技术']",2
江西师范大学,小学教育(师范类),"['小学', '教育', '(', '师范类', ')']",5
江西师范大学,历史学类,"['历史学', '类']",12
江西师范大学,思想政治教育(师范类),"['思想', '政治', '教育', '(', '师范类', ')']",8
江西师范大学,生物科学(师范类),"['生物科学', '(', '师范类', ')']",9
江西师范大学,数学与应用数学(师范类),"['数学', '与', '应用', '数学', '(', '师范类', ')']",17
江西师范大学,统计学,['统计学'],1
江西师范大学,英语(师范类),"['英语', '(', '师范类', ')']",24
江西师范大学,中国语言文学类,"['中国', '语言', '文学类']",18
江西师范大学,电子信息类,"['电子信息', '类']",2
江西师范大学,物理学(师范类),"['物理学', '(', '师范类', ')']",9
江西师范大学,心理学类,"['心理学', '类']",10
江西师范大学,新闻传播学类,"['新闻', '传播学', '类']",4
江西师范大学,法学,['法学'],5
上饶师范学院,英语(师范类),"['英语', '(', '师范类', ')']",2
上饶师范学院,工商管理,['工商管理'],2
上饶师范学院,化学(师范类),"['化学', '(', '师范类', ')']",2
上饶师范学院,数学与应用数学(师范类),"['数学', '与', '应用', '数学', '(', '师范类', ')']",2
上饶师范学院,数据科学与大数据技术,"['数据', '科学', '与', '大', '数据', '技术']",2
上饶师范学院,新闻学,['新闻学'],2
上饶师范学院,行政管理,"['行政', '管理']",2
宜春学院,汉语国际教育(师范类),"['汉语', '国际', '教育', '(', '师范类', ')']",2
宜春学院,法学,['法学'],2
宜春学院,物理学(师范类),"['物理学', '(', '师范类', ')']",1
宜春学院,机械设计制造及其自动化,"['机械设计', '制造', '及其', '自动化']",2
宜春学院,材料物理,"['材料', '物理']",1
宜春学院,土木工程,['土木工程'],1
宜春学院,工程管理,"['工程', '管理']",1
宜春学院,化学(师范类),"['化学', '(', '师范类', ')']",1
宜春学院,生物工程,['生物工程'],2
宜春学院,人文地理与城乡规划,"['人文地理', '与', '城乡规划']",1
宜春学院,农学,['农学'],1
宜春学院,临床医学,['临床医学'],2
宜春学院,护理学,['护理学'],2
赣南师范大学,历史学(师范类),"['历史学', '(', '师范类', ')']",4
赣南师范大学,汉语言文学(师范类),"['汉语言', '文学', '(', '师范类', ')']",4
赣南师范大学,汉语国际教育(师范类),"['汉语', '国际', '教育', '(', '师范类', ')']",2
赣南师范大学,思想政治教育(师范类),"['思想', '政治', '教育', '(', '师范类', ')']",4
赣南师范大学,社会学,['社会学'],2
赣南师范大学,旅游管理,"['旅游', '管理']",2
赣南师范大学,日语,['日语'],2
赣南师范大学,商务英语,['商务英语'],2
赣南师范大学,市场营销,['市场营销'],2
赣南师范大学,会计学,['会计学'],2
赣南师范大学,金融学,['金融学'],2
赣南师范大学,人力资源管理,"['人力', '资源管理']",2
赣南师范大学,小学教育(师范类),"['小学', '教育', '(', '师范类', ')']",2
赣南师范大学,应用心理学(师范类),"['应用', '心理学', '(', '师范类', ')']",2
赣南师范大学,法学,['法学'],2
赣南师范大学,人文地理与城乡规划,"['人文地理', '与', '城乡规划']",2
赣南师范大学,地理信息科学,"['地理信息', '科学']",1
赣南师范大学,新闻学,['新闻学'],2
赣南师范大学,数学与应用数学(师范类),"['数学', '与', '应用', '数学', '(', '师范类', ')']",2
赣南师范大学,数据科学与大数据技术,"['数据', '科学', '与', '大', '数据', '技术']",3
赣南师范大学,物理学(师范类),"['物理学', '(', '师范类', ')']",3
赣南师范大学,电子信息工程,"['电子', '信息工程']",3
赣南师范大学,电子科学与技术,"['电子', '科学', '与', '技术']",2
赣南师范大学,化学(师范类),"['化学', '(', '师范类', ')']",4
赣南师范大学,材料化学,"['材料', '化学']",3
赣南师范大学,环境科学,"['环境', '科学']",2
赣南师范大学,教育技术学(师范类),"['教育', '技术', '学', '(', '师范类', ')']",3
赣南师范大学,生物科学(师范类),"['生物科学', '(', '师范类', ')']",3
赣南师范大学,园艺,['园艺'],2
井冈山大学,临床医学,['临床医学'],2
井冈山大学,小学教育(师范类),"['小学', '教育', '(', '师范类', ')']",4
井冈山大学,计算机科学与技术,"['计算机科学', '与', '技术']",4
井冈山大学,环境工程,['环境工程'],8
井冈山大学,生物科学(师范类),"['生物科学', '(', '师范类', ')']",4
井冈山大学,化学(师范类),"['化学', '(', '师范类', ')']",2
井冈山大学,建筑学,['建筑学'],4
井冈山大学,土木工程,['土木工程'],4
井冈山大学,机械设计制造及其自动化,"['机械设计', '制造', '及其', '自动化']",4
井冈山大学,物理学(师范类),"['物理学', '(', '师范类', ')']",6
井冈山大学,数学与应用数学(师范类),"['数学', '与', '应用', '数学', '(', '师范类', ')']",4
井冈山大学,会计学,['会计学'],4
井冈山大学,西班牙语,['西班牙语'],2
井冈山大学,日语,['日语'],2
井冈山大学,德语,['德语'],2
井冈山大学,英语(师范类),"['英语', '(', '师范类', ')']",4
井冈山大学,新闻学,['新闻学'],3
井冈山大学,汉语国际教育,"['汉语', '国际', '教育']",2
井冈山大学,汉语言文学(师范类),"['汉语言', '文学', '(', '师范类', ')']",7
井冈山大学,行政管理,"['行政', '管理']",4
井冈山大学,社会工作,['社会工作'],4
江西财经大学,金融学(国际投资与金融),"['金融学', '(', '国际', '投资', '与', '金融', ')']",4
江西财经大学,金融学(CFA方向),"['金融学', '(', 'CFA', '方向', ')']",4
江西财经大学,国际经济与贸易(CITF方向),"['国际', '经济', '与', '贸易', '(', 'CITF', '方向', ')']",2
江西财经大学,工商管理(智能商务),"['工商管理', '(', '智能', '商务', ')']",2
江西财经大学,物流管理(智慧供应链),"['物流', '管理', '(', '智慧', '供应链', ')']",4
江西财经大学,市场营销(国际营销),"['市场营销', '(', '国际', '营销', ')']",4
江西财经大学,劳动与社会保障(康养金融),"['劳动', '与', '社会保障', '(', '康养', '金融', ')']",3
江西财经大学,会计学,['会计学'],3
江西财经大学,会计学(CIMA),"['会计学', '(', 'CIMA', ')']",3
江西财经大学,会计学(ACCA),"['会计学', '(', 'ACCA', ')']",4
江西财经大学,国际经济与贸易(数字贸易),"['国际', '经济', '与', '贸易', '(', '数字', '贸易', ')']",4
江西财经大学,国际商务(IPMP方向),"['国际', '商务', '(', 'IPMP', '方向', ')']",3
江西财经大学,电子商务(商务大数据分析),"['电子商务', '(', '商务', '大', '数据分析', ')']",3
江西财经大学,经济学(数理经济实验班),"['经济学', '(', '数理经济', '实验班', ')']",3
江西财经大学,金融学(FRM方向),"['金融学', '(', 'FRM', '方向', ')']",4
江西财经大学,经济统计学,"['经济', '统计学']",3
江西财经大学,应用统计学,"['应用', '统计学']",3
江西财经大学,计算机科学与技术(财经大数据管理),"['计算机科学', '与', '技术', '(', '财经', '大', '数据管理', ')']",3
江西财经大学,数据科学与大数据技术,"['数据', '科学', '与', '大', '数据', '技术']",3
江西财经大学,信息与计算科学(经济计量),"['信息', '与', '计算', '科学', '(', '经济', '计量', ')']",3
江西财经大学,信息管理与信息系统(金融智能),"['信息管理', '与', '信息系统', '(', '金融', '智能', ')']",4
江西财经大学,工程管理(投资与造价),"['工程', '管理', '(', '投资', '与', '造价', ')']",4
江西财经大学,土地资源管理(评估与规划),"['土地', '资源管理', '(', '评估', '与', '规划', ')']",3
江西财经大学,旅游管理(数字文旅),"['旅游', '管理', '(', '数字', '文旅', ')']",5
江西财经大学,法学,['法学'],2
江西财经大学,法学(国际经济法),"['法学', '(', '国际', '经济法', ')']",4
江西财经大学,物联网工程,"['物', '联网', '工程']",5
江西财经大学,法学(法务会计),"['法学', '(', '法务', '会计', ')']",2
江西财经大学,商务英语,['商务英语'],3
江西财经大学,日语(商务方向),"['日语', '(', '商务', '方向', ')']",1
江西财经大学,社会工作(数字社会治理),"['社会工作', '(', '数字', '社会', '治理', ')']",5
江西财经大学,新闻学(经济新闻),"['新闻学', '(', '经济', '新闻', ')']",3
江西财经大学,金融学,['金融学'],3
江西财经大学,财政学,['财政学'],3
江西财经大学,会计学(国际会计),"['会计学', '(', '国际会计', ')']",2
江西财经大学,虚拟现实技术,"['虚拟现实', '技术']",2
江西财经大学,汉语国际教育(商务方向),"['汉语', '国际', '教育', '(', '商务', '方向', ')']",4
江西财经大学,房地产开发与管理(投资与评估),"['房地产', '开发', '与', '管理', '(', '投资', '与', '评估', ')']",1
江西财经大学,财务管理,['财务管理'],2
江西财经大学,金融工程,"['金融', '工程']",2
江西财经大学,数字经济,"['数字', '经济']",2
江西财经大学,国民经济管理(数字化治理和投资管理),"['国民经济', '管理', '(', '数字化', '治理', '和', '投资', '管理', ')']",2
江西财经大学,会计学(注册会计师),"['会计学', '(', '注册', '会计师', ')']",3
江西财经大学,行政管理(数字政务),"['行政', '管理', '(', '数字', '政务', ')']",1
江西财经大学,保险学,['保险学'],2
江西财经大学,人力资源管理(数字人力),"['人力', '资源管理', '(', '数字', '人力', ')']",2
江西财经大学,税收学(数字税收),"['税收', '学', '(', '数字', '税收', ')']",4
江西财经大学,市场营销(数字营销),"['市场营销', '(', '数字', '营销', ')']",2
山东大学,哲学类,"['哲学', '类']",12
山东大学,经济学类,"['经济学', '类']",80
山东大学,历史学类,"['历史学', '类']",26
山东大学,数学类,"['数学', '类']",72
山东大学,智能医学工程,"['智能', '医学工程']",20
山东大学,建筑学(五年制),"['建筑学', '(', '五年制', ')']",18
山东大学,临床医学(5+3一体化),"['临床医学', '(', '5', '+', '3', '一体化', ')']",100
山东大学,口腔医学(5+3一体化),"['口腔医学', '(', '5', '+', '3', '一体化', ')']",30
山东大学,口腔医学(五年制),"['口腔医学', '(', '五年制', ')']",20
山东大学,生物医学科学,"['生物医学', '科学']",6
山东大学,生物医药数据科学,"['生物医药', '数据', '科学']",4
山东大学,临床医学(本博连读，齐鲁医学堂),"['临床医学', '(', '本博', '连读', '，', '齐鲁', '医学', '堂', ')']",30
山东大学,社会学类,"['社会学', '类']",15
山东大学,政治学类,"['政治学', '类']",20
山东大学,公共管理类,"['公共', '管理', '类']",15
山东大学,法学类,['法学类'],45
山东大学,中国语言文学类,"['中国', '语言', '文学类']",40
山东大学,外国语言文学类,"['外国', '语言', '文学类']",65
山东大学,物理学类,"['物理学', '类']",80
山东大学,化学类,"['化学', '类']",50
山东大学,电子信息类(通信电子与光电方向),"['电子信息', '类', '(', '通信', '电子', '与', '光电', '方向', ')']",120
山东大学,计算机类(计算机与智能方向),"['计算机', '类', '(', '计算机', '与', '智能', '方向', ')']",122
山东大学,生物科学类,"['生物科学', '类']",50
山东大学,材料类,"['材料', '类']",40
山东大学,机械类,['机械类'],60
山东大学,自动化类,"['自动化', '类']",80
山东大学,能源动力类,"['能源动力', '类']",60
山东大学,电气工程及其自动化,"['电气工程', '及其', '自动化']",100
山东大学,土木类,"['土木', '类']",30
山东大学,环境科学与工程类,"['环境', '科学', '与', '工程', '类']",30
山东大学,预防医学(五年制),"['预防', '医学', '(', '五年制', ')']",30
山东大学,临床医学(五年制),"['临床医学', '(', '五年制', ')']",50
山东大学,药学类,"['药学', '类']",34
山东大学,工商管理类,"['工商管理', '类']",70
山东大学,管理科学与工程类,"['管理科学', '与', '工程', '类']",20
山东大学,计算机类(软件数媒与大数据方向),"['计算机', '类', '(', '软件', '数媒', '与', '大', '数据', '方向', ')']",160
山东大学,电子信息类(微电子与电路集成方向),"['电子信息', '类', '(', '微电子', '与', '电路', '集成', '方向', ')']",70
山东大学,新闻传播学类,"['新闻', '传播学', '类']",20
山东大学,网络空间安全,"['网络空间', '安全']",75
山东大学,智能建造与智慧交通,"['智能', '建造', '与', '智慧', '交通']",20
中国海洋大学,光电信息科学与工程,"['光电', '信息科学', '与', '工程']",14
中国海洋大学,海洋技术,"['海洋', '技术']",22
中国海洋大学,材料类,"['材料', '类']",24
中国海洋大学,生物科学类,"['生物科学', '类']",28
中国海洋大学,海洋渔业科学与技术,"['海洋渔业', '科学', '与', '技术']",7
中国海洋大学,海洋资源与环境,"['海洋资源', '与', '环境']",10
中国海洋大学,食品科学与工程类,"['食品科学', '与', '工程', '类']",28
中国海洋大学,药学,['药学'],28
中国海洋大学,地球信息科学与技术,"['地球', '信息科学', '与', '技术']",13
中国海洋大学,地质学,['地质学'],14
中国海洋大学,勘查技术与工程,"['勘查', '技术', '与', '工程']",10
中国海洋大学,环境工程,['环境工程'],14
中国海洋大学,环境科学,"['环境', '科学']",14
中国海洋大学,工业设计,"['工业', '设计']",6
中国海洋大学,机械设计制造及其自动化,"['机械设计', '制造', '及其', '自动化']",18
中国海洋大学,自动化,['自动化'],21
中国海洋大学,文化产业管理,"['文化产业', '管理']",7
中国海洋大学,法学,['法学'],13
中国海洋大学,行政管理,"['行政', '管理']",6
中国海洋大学,电子商务,['电子商务'],10
中国海洋大学,工商管理,['工商管理'],15
中国海洋大学,市场营销,['市场营销'],8
中国海洋大学,国际经济与贸易,"['国际', '经济', '与', '贸易']",18
中国海洋大学,经济学,['经济学'],11
中国海洋大学,物流管理,"['物流', '管理']",7
中国海洋大学,朝鲜语,['朝鲜语'],5
中国海洋大学,法语,['法语'],9
中国海洋大学,英语,['英语'],15
中国海洋大学,海洋科学,"['海洋', '科学']",21
中国海洋大学,大气科学,"['大气', '科学']",22
中国海洋大学,电子信息类,"['电子信息', '类']",44
中国海洋大学,计算机类,"['计算机', '类']",33
中国海洋大学,物理学,['物理学'],10
中国海洋大学,化学,['化学'],18
中国海洋大学,化学工程与工艺,"['化学工程', '与', '工艺']",8
中国海洋大学,水产养殖学,"['水产', '养殖', '学']",17
中国海洋大学,土木类,"['土木', '类']",28
中国海洋大学,船舶与海洋工程,"['船舶', '与', '海洋工程']",15
中国海洋大学,港口航道与海岸工程,"['港口', '航道', '与', '海岸', '工程']",14
中国海洋大学,轮机工程,"['轮机', '工程']",7
中国海洋大学,数学类,"['数学', '类']",24
中国海洋大学,汉语言文学,"['汉语言', '文学']",16
中国海洋大学,新闻传播学类,"['新闻', '传播学', '类']",16
中国海洋大学,政治学与行政学,"['政治学', '与', '行政', '学']",7
中国海洋大学,公共事业管理,"['公共事业', '管理']",7
中国海洋大学,财务管理,['财务管理'],10
中国海洋大学,会计学,['会计学'],17
中国海洋大学,旅游管理,"['旅游', '管理']",4
中国海洋大学,金融学,['金融学'],12
中国海洋大学,德语,['德语'],3
中国海洋大学,日语,['日语'],3
中国海洋大学,海洋科学(中外合作办学),"['海洋', '科学', '(', '中外合作', '办学', ')']",45
中国海洋大学,计算机科学与技术(中外合作办学),"['计算机科学', '与', '技术', '(', '中外合作', '办学', ')']",40
中国海洋大学,法学(中外合作办学),"['法学', '(', '中外合作', '办学', ')']",44
中国海洋大学,数学与应用数学(中外合作办学),"['数学', '与', '应用', '数学', '(', '中外合作', '办学', ')']",50
中国海洋大学,生物技术(中外合作办学),"['生物', '技术', '(', '中外合作', '办学', ')']",40
中国海洋大学,食品科学与工程(中外合作办学),"['食品科学', '与', '工程', '(', '中外合作', '办学', ')']",40
山东科技大学,交通工程,"['交通', '工程']",44
山东科技大学,应用化学,['应用化学'],46
山东科技大学,行政管理,"['行政', '管理']",28
山东科技大学,化学工程与工艺,"['化学工程', '与', '工艺']",63
山东科技大学,机械电子工程,"['机械', '电子', '工程']",141
山东科技大学,机器人工程,"['机器人', '工程']",44
山东科技大学,工业工程,"['工业', '工程']",38
山东科技大学,物联网工程,"['物', '联网', '工程']",52
山东科技大学,交通运输,['交通运输'],39
山东科技大学,电子信息科学与技术,"['电子信息', '科学', '与', '技术']",50
山东科技大学,电气工程及其自动化,"['电气工程', '及其', '自动化']",98
山东科技大学,汉语言文学,"['汉语言', '文学']",28
山东科技大学,地理信息科学,"['地理信息', '科学']",73
山东科技大学,信息安全,['信息安全'],48
山东科技大学,海洋技术,"['海洋', '技术']",41
山东科技大学,计算机科学与技术,"['计算机科学', '与', '技术']",59
山东科技大学,生物工程,['生物工程'],50
山东科技大学,朝鲜语(外语语种须为英语),"['朝鲜语', '(', '外语', '语种', '须', '为', '英语', ')']",21
山东科技大学,物流管理,"['物流', '管理']",46
山东科技大学,安全工程,['安全工程'],77
山东科技大学,法学,['法学'],94
山东科技大学,金融学,['金融学'],37
山东科技大学,船舶与海洋工程,"['船舶', '与', '海洋工程']",28
山东科技大学,日语(外语语种须为英语),"['日语', '(', '外语', '语种', '须', '为', '英语', ')']",26
山东科技大学,建筑学,['建筑学'],67
山东科技大学,地质工程,"['地质', '工程']",36
山东科技大学,数学与应用数学(吴方班),"['数学', '与', '应用', '数学', '(', '吴方班', ')']",30
山东科技大学,机械设计制造及其自动化,"['机械设计', '制造', '及其', '自动化']",131
山东科技大学,国际经济与贸易,"['国际', '经济', '与', '贸易']",47
山东科技大学,工程力学,['工程力学'],42
山东科技大学,储能科学与工程,"['储能', '科学', '与', '工程']",40
山东科技大学,智能科学与技术,"['智能科学', '与', '技术']",52
山东科技大学,电子信息工程,"['电子', '信息工程']",102
山东科技大学,通信工程,['通信工程'],58
山东科技大学,采矿工程(宋振骐班),"['采矿工程', '(', '宋振骐', '班', ')']",30
山东科技大学,应用物理学,"['应用', '物理学']",31
山东科技大学,新能源材料与器件,"['新能源', '材料', '与', '器件']",47
山东科技大学,会计学,['会计学'],29
山东科技大学,软件工程,['软件工程'],65
山东科技大学,大数据管理与应用,"['大', '数据管理', '与', '应用']",54
山东科技大学,生物制药,['生物制药'],48
山东科技大学,勘查技术与工程,"['勘查', '技术', '与', '工程']",45
山东科技大学,测绘工程,"['测绘', '工程']",51
山东科技大学,英语(外语语种须为英语),"['英语', '(', '外语', '语种', '须', '为', '英语', ')']",115
山东科技大学,资源勘查工程,"['资源', '勘查', '工程']",35
山东科技大学,自动化,['自动化'],106
山东科技大学,计算机科学与技术(图灵班),"['计算机科学', '与', '技术', '(', '图灵', '班', ')']",30
山东科技大学,土木类,"['土木', '类']",118
山东科技大学,高分子材料与工程,"['高分子', '材料', '与', '工程']",85
山东科技大学,水文与水资源工程,"['水文', '与', '水资源', '工程']",35
山东科技大学,数学与应用数学,"['数学', '与', '应用', '数学']",47
山东科技大学,智能制造工程,"['智能', '制造', '工程']",46
山东科技大学,工商管理,['工商管理'],28
山东科技大学,遥感科学与技术,"['遥感', '科学', '与', '技术']",60
山东科技大学,统计学,['统计学'],62
山东科技大学,能源与动力工程,"['能源', '与', '动力工程']",54
山东科技大学,金属材料工程,"['金属材料', '工程']",32
山东科技大学,环境工程,['环境工程'],78
山东科技大学,通信工程(中外合作办学)(就读地点济南，只提供英语教学、其他语种慎,"['通信工程', '(', '中外合作', '办学', ')', '(', '就读', '地点', '济南', '，', '只', '提供', '英语教学', '、', '其他', '语种', '慎']",80
山东科技大学,金融学(中外合作办学)(就读地点济南，只提供英语教学、其他语种慎报),"['金融学', '(', '中外合作', '办学', ')', '(', '就读', '地点', '济南', '，', '只', '提供', '英语教学', '、', '其他', '语种', '慎报', ')']",100
山东科技大学,自动化(中外合作办学)(就读地点济南，只提供英语教学、其他语种慎报),"['自动化', '(', '中外合作', '办学', ')', '(', '就读', '地点', '济南', '，', '只', '提供', '英语教学', '、', '其他', '语种', '慎报', ')']",65
山东科技大学,电气工程及其自动化(中外合作办学)(就读地点济南，只提供英语教学、,"['电气工程', '及其', '自动化', '(', '中外合作', '办学', ')', '(', '就读', '地点', '济南', '，', '只', '提供', '英语教学', '、']",85
山东科技大学,工业设计(中外合作办学)(就读地点济南，只提供英语教学、其他语种慎,"['工业', '设计', '(', '中外合作', '办学', ')', '(', '就读', '地点', '济南', '，', '只', '提供', '英语教学', '、', '其他', '语种', '慎']",55
山东科技大学,软件工程(中外合作办学)(就读地点济南，只提供英语教学、其他语种慎,"['软件工程', '(', '中外合作', '办学', ')', '(', '就读', '地点', '济南', '，', '只', '提供', '英语教学', '、', '其他', '语种', '慎']",65
山东科技大学,机械电子工程(中外合作办学)(就读地点济南，只提供英语教学、其他语,"['机械', '电子', '工程', '(', '中外合作', '办学', ')', '(', '就读', '地点', '济南', '，', '只', '提供', '英语教学', '、', '其他', '语']",70
山东科技大学,交通运输(地方专项计划),"['交通运输', '(', '地方', '专项', '计划', ')']",15
山东科技大学,采矿工程(地方专项计划),"['采矿工程', '(', '地方', '专项', '计划', ')']",35
山东科技大学,会计学(地方专项计划),"['会计学', '(', '地方', '专项', '计划', ')']",15
山东科技大学,金属材料工程(地方专项计划),"['金属材料', '工程', '(', '地方', '专项', '计划', ')']",15
山东科技大学,资源勘查工程(地方专项计划),"['资源', '勘查', '工程', '(', '地方', '专项', '计划', ')']",35
山东科技大学,环境工程(地方专项计划),"['环境工程', '(', '地方', '专项', '计划', ')']",15
山东科技大学,化学工程与工艺(地方专项计划),"['化学工程', '与', '工艺', '(', '地方', '专项', '计划', ')']",15
山东科技大学,水文与水资源工程(地方专项计划),"['水文', '与', '水资源', '工程', '(', '地方', '专项', '计划', ')']",15
山东科技大学,测绘工程(地方专项计划),"['测绘', '工程', '(', '地方', '专项', '计划', ')']",15
山东科技大学,土木类(地方专项计划),"['土木', '类', '(', '地方', '专项', '计划', ')']",40
山东科技大学,数据科学与大数据技术(校企合作，与青软创新科技集团股份有限公司合,"['数据', '科学', '与', '大', '数据', '技术', '(', '校企', '合作', '，', '与', '青软', '创新', '科技', '集团股份', '有限公司', '合']",200
中国石油大学(华东),化工安全工程,"['化工', '安全工程']",9
中国石油大学(华东),化学,['化学'],11
中国石油大学(华东),能源化学工程,"['能源', '化学工程']",10
中国石油大学(华东),应用化学,['应用化学'],20
中国石油大学(华东),安全工程,['安全工程'],8
中国石油大学(华东),工业设计,"['工业', '设计']",9
中国石油大学(华东),机械类(智能装备工程),"['机械类', '(', '智能', '装备', '工程', ')']",90
中国石油大学(华东),工程力学,['工程力学'],9
中国石油大学(华东),建筑环境与能源应用工程,"['建筑', '环境', '与', '能源', '应用', '工程']",2
中国石油大学(华东),建筑学,['建筑学'],12
中国石油大学(华东),材料类(本研一体班),"['材料', '类', '(', '本研', '一体', '班', ')']",5
中国石油大学(华东),储能科学与工程,"['储能', '科学', '与', '工程']",6
中国石油大学(华东),电气工程及其自动化,"['电气工程', '及其', '自动化']",50
中国石油大学(华东),能源与动力工程,"['能源', '与', '动力工程']",8
中国石油大学(华东),新能源科学与工程,"['新', '能源科学', '与', '工程']",6
中国石油大学(华东),电子信息工程,"['电子', '信息工程']",22
中国石油大学(华东),通信工程,['通信工程'],38
中国石油大学(华东),智能感知工程,"['智能', '感知', '工程']",20
中国石油大学(华东),自动化,['自动化'],24
中国石油大学(华东),软件工程,['软件工程'],58
中国石油大学(华东),光电信息科学与工程,"['光电', '信息科学', '与', '工程']",12
中国石油大学(华东),数据科学与大数据技术,"['数据', '科学', '与', '大', '数据', '技术']",17
中国石油大学(华东),数学类,"['数学', '类']",26
中国石油大学(华东),应用物理学,"['应用', '物理学']",12
中国石油大学(华东),管理科学与工程类,"['管理科学', '与', '工程', '类']",32
中国石油大学(华东),会计学,['会计学'],33
中国石油大学(华东),经济学,['经济学'],25
中国石油大学(华东),市场营销,['市场营销'],10
中国石油大学(华东),英语,['英语'],23
中国石油大学(华东),地球物理学,"['地球', '物理学']",6
中国石油大学(华东),地质学,['地质学'],7
中国石油大学(华东),勘查技术与工程(测井),"['勘查', '技术', '与', '工程', '(', '测井', ')']",5
中国石油大学(华东),勘查技术与工程(物探),"['勘查', '技术', '与', '工程', '(', '物探', ')']",5
中国石油大学(华东),资源勘查工程,"['资源', '勘查', '工程']",9
中国石油大学(华东),船舶与海洋工程,"['船舶', '与', '海洋工程']",9
中国石油大学(华东),海洋油气工程,"['海洋', '油气', '工程']",11
中国石油大学(华东),石油工程,"['石油', '工程']",56
中国石油大学(华东),化学工程与工艺,"['化学工程', '与', '工艺']",45
中国石油大学(华东),环境工程,['环境工程'],4
中国石油大学(华东),土木工程,['土木工程'],21
中国石油大学(华东),油气储运工程,"['油气', '储运', '工程']",32
中国石油大学(华东),材料类,"['材料', '类']",80
中国石油大学(华东),过程装备与控制工程,"['过程', '装备', '与', '控制工程']",10
中国石油大学(华东),环保设备工程,"['环保', '设备', '工程']",6
中国石油大学(华东),测绘工程,"['测绘', '工程']",6
中国石油大学(华东),地理信息科学,"['地理信息', '科学']",8
中国石油大学(华东),测控技术与仪器,"['测控', '技术', '与', '仪器']",5
中国石油大学(华东),计算机科学与技术,"['计算机科学', '与', '技术']",48
中国石油大学(华东),智能科学与技术,"['智能科学', '与', '技术']",16
中国石油大学(华东),俄语,['俄语'],6
中国石油大学(华东),法学,['法学'],17
中国石油大学(华东),汉语言文学,"['汉语言', '文学']",16
青岛科技大学,通信工程,['通信工程'],40
青岛科技大学,物流管理,"['物流', '管理']",10
青岛科技大学,化学工程与工艺,"['化学工程', '与', '工艺']",144
青岛科技大学,高分子材料与工程(招收合成方向),"['高分子', '材料', '与', '工程', '(', '招收', '合成', '方向', ')']",48
青岛科技大学,复合材料与工程,"['复合材料', '与', '工程']",15
青岛科技大学,环境工程,['环境工程'],51
青岛科技大学,信息工程,['信息工程'],41
青岛科技大学,城市管理,"['城市', '管理']",10
青岛科技大学,工商管理,['工商管理'],44
青岛科技大学,智能制造工程,"['智能', '制造', '工程']",60
青岛科技大学,俄语,['俄语'],25
青岛科技大学,制药工程,"['制药', '工程']",60
青岛科技大学,电气工程及其自动化,"['电气工程', '及其', '自动化']",78
青岛科技大学,微电子科学与工程,"['微电子', '科学', '与', '工程']",30
青岛科技大学,自动化,['自动化'],79
青岛科技大学,数学与应用数学,"['数学', '与', '应用', '数学']",32
青岛科技大学,人工智能,['人工智能'],58
青岛科技大学,无机非金属材料工程,"['无机', '非金属材料', '工程']",20
青岛科技大学,功能材料,"['功能', '材料']",15
青岛科技大学,生物工程,['生物工程'],56
青岛科技大学,德语,['德语'],23
青岛科技大学,应用化学,['应用化学'],89
青岛科技大学,金属材料工程,"['金属材料', '工程']",18
青岛科技大学,数据科学与大数据技术,"['数据', '科学', '与', '大', '数据', '技术']",60
青岛科技大学,朝鲜语,['朝鲜语'],11
青岛科技大学,电子信息科学与技术,"['电子信息', '科学', '与', '技术']",40
青岛科技大学,船舶与海洋工程,"['船舶', '与', '海洋工程']",23
青岛科技大学,智能电网信息工程,"['智能', '电网', '信息工程']",21
青岛科技大学,材料成型及控制工程,"['材料', '成型', '及', '控制工程']",13
青岛科技大学,英语,['英语'],76
青岛科技大学,食品质量与安全,"['食品质量', '与', '安全']",39
青岛科技大学,新能源材料与器件,"['新能源', '材料', '与', '器件']",60
青岛科技大学,应用物理学,"['应用', '物理学']",25
青岛科技大学,汉语言文学,"['汉语言', '文学']",20
青岛科技大学,机器人工程,"['机器人', '工程']",28
青岛科技大学,化学,['化学'],105
青岛科技大学,应用统计学,"['应用', '统计学']",60
青岛科技大学,财务管理,['财务管理'],45
青岛科技大学,能源与动力工程,"['能源', '与', '动力工程']",64
青岛科技大学,新能源科学与工程,"['新', '能源科学', '与', '工程']",68
青岛科技大学,高分子材料与工程(招收橡胶工程方向),"['高分子', '材料', '与', '工程', '(', '招收', '橡胶', '工程', '方向', ')']",127
青岛科技大学,过程装备与控制工程,"['过程', '装备', '与', '控制工程']",38
青岛科技大学,国际经济与贸易,"['国际', '经济', '与', '贸易']",46
青岛科技大学,药物制剂,['药物制剂'],31
青岛科技大学,广告学,['广告学'],40
青岛科技大学,计算机科学与技术,"['计算机科学', '与', '技术']",62
青岛科技大学,法学,['法学'],71
青岛科技大学,环境科学,"['环境', '科学']",55
青岛科技大学,市场营销,['市场营销'],14
青岛科技大学,机械工程,['机械工程'],88
青岛科技大学,测控技术与仪器,"['测控', '技术', '与', '仪器']",15
青岛科技大学,高分子材料与工程(招收塑料工程方向),"['高分子', '材料', '与', '工程', '(', '招收', '塑料', '工程', '方向', ')']",28
青岛科技大学,海洋科学,"['海洋', '科学']",38
青岛科技大学,材料化学,"['材料', '化学']",27
青岛科技大学,编辑出版学,"['编辑', '出版学']",33
青岛科技大学,材料物理,"['材料', '物理']",10
青岛科技大学,日语,['日语'],14
青岛科技大学,安全工程,['安全工程'],31
青岛科技大学,社会工作,['社会工作'],20
青岛科技大学,集成电路设计与集成系统,"['集成电路', '设计', '与', '集成系统']",36
青岛科技大学,工业设计,"['工业', '设计']",20
青岛科技大学,机械工程(中外合作办学)(中韩合作办学),"['机械工程', '(', '中外合作', '办学', ')', '(', '中', '韩', '合作', '办学', ')']",120
青岛科技大学,材料成型及控制工程(中外合作办学)(中韩合作办学),"['材料', '成型', '及', '控制工程', '(', '中外合作', '办学', ')', '(', '中', '韩', '合作', '办学', ')']",60
青岛科技大学,自动化(中外合作办学)(中德合作办学),"['自动化', '(', '中外合作', '办学', ')', '(', '中', '德', '合作', '办学', ')']",65
青岛科技大学,机械工程(中外合作办学)(中德合作办学),"['机械工程', '(', '中外合作', '办学', ')', '(', '中', '德', '合作', '办学', ')']",65
青岛科技大学,化学工程与工艺(中外合作办学)(中德合作办学、就读地点中德生态园区),"['化学工程', '与', '工艺', '(', '中外合作', '办学', ')', '(', '中', '德', '合作', '办学', '、', '就读', '地点', '中', '德', '生态', '园区', ')']",170
青岛科技大学,高分子材料与工程(中外合作办学)(中韩合作办学),"['高分子', '材料', '与', '工程', '(', '中外合作', '办学', ')', '(', '中', '韩', '合作', '办学', ')']",70
青岛科技大学,复合材料与工程(中外合作办学)(中德合作办学、就读地点中德生态园区),"['复合材料', '与', '工程', '(', '中外合作', '办学', ')', '(', '中', '德', '合作', '办学', '、', '就读', '地点', '中', '德', '生态', '园区', ')']",220
青岛科技大学,应用化学(中外合作办学)(中美合作办学),"['应用化学', '(', '中外合作', '办学', ')', '(', '中美合作', '办学', ')']",60
青岛科技大学,应用化学(中外合作办学)(中德合作办学),"['应用化学', '(', '中外合作', '办学', ')', '(', '中', '德', '合作', '办学', ')']",36
青岛科技大学,自动化(中外合作办学)(中法合作办学),"['自动化', '(', '中外合作', '办学', ')', '(', '中', '法', '合作', '办学', ')']",70
青岛科技大学,船舶与海洋工程(地方专项计划),"['船舶', '与', '海洋工程', '(', '地方', '专项', '计划', ')']",10
青岛科技大学,复合材料与工程(地方专项计划),"['复合材料', '与', '工程', '(', '地方', '专项', '计划', ')']",15
青岛科技大学,过程装备与控制工程(地方专项计划),"['过程', '装备', '与', '控制工程', '(', '地方', '专项', '计划', ')']",15
青岛科技大学,化学工程与工艺(地方专项计划),"['化学工程', '与', '工艺', '(', '地方', '专项', '计划', ')']",25
青岛科技大学,高分子材料与工程(招收塑料工程方向，地方专项计划),"['高分子', '材料', '与', '工程', '(', '招收', '塑料', '工程', '方向', '，', '地方', '专项', '计划', ')']",20
青岛科技大学,功能材料(地方专项计划),"['功能', '材料', '(', '地方', '专项', '计划', ')']",15
青岛科技大学,制药工程(地方专项计划),"['制药', '工程', '(', '地方', '专项', '计划', ')']",15
青岛科技大学,朝鲜语(地方专项计划),"['朝鲜语', '(', '地方', '专项', '计划', ')']",10
青岛科技大学,轻化工程(地方专项计划),"['轻化', '工程', '(', '地方', '专项', '计划', ')']",14
青岛科技大学,应用化学(地方专项计划),"['应用化学', '(', '地方', '专项', '计划', ')']",15
青岛科技大学,环境工程(地方专项计划),"['环境工程', '(', '地方', '专项', '计划', ')']",15
青岛科技大学,材料物理(地方专项计划),"['材料', '物理', '(', '地方', '专项', '计划', ')']",15
青岛科技大学,物联网工程(校企合作，与青软创新科技集团合作),"['物', '联网', '工程', '(', '校企', '合作', '，', '与', '青软', '创新', '科技', '集团', '合作', ')']",60
青岛科技大学,软件工程(校企合作，与青软创新科技集团合作),"['软件工程', '(', '校企', '合作', '，', '与', '青软', '创新', '科技', '集团', '合作', ')']",120
济南大学,公共管理类,"['公共', '管理', '类']",24
济南大学,外国语言文学类,"['外国', '语言', '文学类']",104
济南大学,建筑类,"['建筑', '类']",36
济南大学,信息管理与信息系统,"['信息管理', '与', '信息系统']",16
济南大学,思想政治教育(师范类),"['思想', '政治', '教育', '(', '师范类', ')']",46
济南大学,金融数学,"['金融', '数学']",30
济南大学,人工智能,['人工智能'],17
济南大学,地理科学,"['地理', '科学']",40
济南大学,特殊教育(师范类),"['特殊教育', '(', '师范类', ')']",3
济南大学,制药工程,"['制药', '工程']",9
济南大学,土木类,"['土木', '类']",99
济南大学,公共事业管理,"['公共事业', '管理']",24
济南大学,物理学,['物理学'],56
济南大学,标准化工程,"['标准化', '工程']",4
济南大学,应用心理学(师范类),"['应用', '心理学', '(', '师范类', ')']",61
济南大学,化工与制药类,"['化工', '与', '制药', '类']",59
济南大学,化学类,"['化学', '类']",51
济南大学,生物制药,['生物制药'],60
济南大学,工商管理类,"['工商管理', '类']",156
济南大学,工业设计,"['工业', '设计']",21
济南大学,法学,['法学'],126
济南大学,中国语言文学类(师范类),"['中国', '语言', '文学类', '(', '师范类', ')']",110
济南大学,历史学(师范类),"['历史学', '(', '师范类', ')']",33
济南大学,药学,['药学'],35
济南大学,经济学类,"['经济学', '类']",156
济南大学,计算机类,"['计算机', '类']",93
济南大学,机械类,['机械类'],123
济南大学,社会工作,['社会工作'],19
济南大学,数学与应用数学(师范类),"['数学', '与', '应用', '数学', '(', '师范类', ')']",81
济南大学,生物技术,"['生物', '技术']",46
济南大学,应急管理,"['应急', '管理']",3
济南大学,材料类,"['材料', '类']",133
济南大学,英语,['英语'],74
济南大学,旅游管理类,"['旅游', '管理', '类']",65
济南大学,水利类,"['水利', '类']",42
济南大学,新闻传播学类,"['新闻', '传播学', '类']",58
济南大学,数据科学与大数据技术,"['数据', '科学', '与', '大', '数据', '技术']",34
济南大学,环境科学与工程类,"['环境', '科学', '与', '工程', '类']",32
济南大学,光电信息科学与工程,"['光电', '信息科学', '与', '工程']",61
济南大学,大数据管理与应用,"['大', '数据管理', '与', '应用']",57
济南大学,电子信息类,"['电子信息', '类']",54
济南大学,新能源科学与工程,"['新', '能源科学', '与', '工程']",53
济南大学,自动化类,"['自动化', '类']",183
济南大学,网络工程(中外合作办学),"['网络工程', '(', '中外合作', '办学', ')']",100
济南大学,金融学(中外合作办学),"['金融学', '(', '中外合作', '办学', ')']",100
济南大学,环境工程(中外合作办学),"['环境工程', '(', '中外合作', '办学', ')']",100
济南大学,机械工程(中外合作办学),"['机械工程', '(', '中外合作', '办学', ')']",100
济南大学,社会工作(地方专项计划),"['社会工作', '(', '地方', '专项', '计划', ')']",5
济南大学,特殊教育(师范类，地方专项计划),"['特殊教育', '(', '师范类', '，', '地方', '专项', '计划', ')']",5
济南大学,制药工程(地方专项计划),"['制药', '工程', '(', '地方', '专项', '计划', ')']",5
济南大学,化学类(地方专项计划),"['化学', '类', '(', '地方', '专项', '计划', ')']",20
济南大学,材料类(地方专项计划),"['材料', '类', '(', '地方', '专项', '计划', ')']",30
济南大学,电子信息类(地方专项计划),"['电子信息', '类', '(', '地方', '专项', '计划', ')']",10
济南大学,机械类(地方专项计划),"['机械类', '(', '地方', '专项', '计划', ')']",20
济南大学,土木类(地方专项计划),"['土木', '类', '(', '地方', '专项', '计划', ')']",21
济南大学,应急管理(地方专项计划),"['应急', '管理', '(', '地方', '专项', '计划', ')']",5
济南大学,旅游管理类(地方专项计划),"['旅游', '管理', '类', '(', '地方', '专项', '计划', ')']",10
济南大学,应用心理学(师范类，地方专项计划),"['应用', '心理学', '(', '师范类', '，', '地方', '专项', '计划', ')']",5
济南大学,标准化工程(地方专项计划),"['标准化', '工程', '(', '地方', '专项', '计划', ')']",5
济南大学,化工与制药类(地方专项计划),"['化工', '与', '制药', '类', '(', '地方', '专项', '计划', ')']",20
济南大学,水利类(地方专项计划),"['水利', '类', '(', '地方', '专项', '计划', ')']",15
济南大学,法学(地方专项计划),"['法学', '(', '地方', '专项', '计划', ')']",5
济南大学,旅游管理(校企合作，与山东大厦合作),"['旅游', '管理', '(', '校企', '合作', '，', '与', '山东', '大厦', '合作', ')']",30
济南大学,计算机科学与技术(校企合作，与浪潮软件股份有限公司合作),"['计算机科学', '与', '技术', '(', '校企', '合作', '，', '与', '浪潮', '软件', '股份', '有限公司', '合作', ')']",120
济南大学,烹饪与营养教育(校企合作，与山东凯瑞公司合作),"['烹饪', '与', '营养', '教育', '(', '校企', '合作', '，', '与', '山东', '凯瑞', '公司', '合作', ')']",80
济南大学,机械设计制造及其自动化(校企合作，与山东开泰集团有限公司合作),"['机械设计', '制造', '及其', '自动化', '(', '校企', '合作', '，', '与', '山东', '开泰', '集团', '有限公司', '合作', ')']",40
济南大学,旅游管理(校企合作，与济南富力凯悦酒店合作),"['旅游', '管理', '(', '校企', '合作', '，', '与', '济南', '富力', '凯悦', '酒店', '合作', ')']",30
济南大学,旅游管理(校企合作，与喜来登酒店合作),"['旅游', '管理', '(', '校企', '合作', '，', '与', '喜来登', '酒店', '合作', ')']",30
济南大学,化学工程与工艺(校企合作，与山东金城制药集团合作),"['化学工程', '与', '工艺', '(', '校企', '合作', '，', '与', '山东', '金城', '制药', '集团', '合作', ')']",35
济南大学,制药工程(校企合作，与鲁南制药集团合作),"['制药', '工程', '(', '校企', '合作', '，', '与', '鲁南', '制药', '集团', '合作', ')']",30
青岛理工大学,工程力学,['工程力学'],23
青岛理工大学,建筑电气与智能化,"['建筑', '电气', '与', '智能化']",34
青岛理工大学,数学与应用数学,"['数学', '与', '应用', '数学']",35
青岛理工大学,英语,['英语'],73
青岛理工大学,交通工程,"['交通', '工程']",17
青岛理工大学,机械类,['机械类'],255
青岛理工大学,建筑环境与能源应用工程,"['建筑', '环境', '与', '能源', '应用', '工程']",39
青岛理工大学,会计学,['会计学'],61
青岛理工大学,市场营销,['市场营销'],30
青岛理工大学,经济学,['经济学'],19
青岛理工大学,国际经济与贸易,"['国际', '经济', '与', '贸易']",81
青岛理工大学,环境工程,['环境工程'],64
青岛理工大学,统计学,['统计学'],27
青岛理工大学,社会工作,['社会工作'],53
青岛理工大学,电子信息工程,"['电子', '信息工程']",50
青岛理工大学,智能制造工程,"['智能', '制造', '工程']",51
青岛理工大学,测控技术与仪器,"['测控', '技术', '与', '仪器']",22
青岛理工大学,财务管理,['财务管理'],39
青岛理工大学,国际商务,"['国际', '商务']",30
青岛理工大学,管理科学与工程类,"['管理科学', '与', '工程', '类']",79
青岛理工大学,建筑学,['建筑学'],66
青岛理工大学,土木类,"['土木', '类']",222
青岛理工大学,环境科学,"['环境', '科学']",33
青岛理工大学,网络空间安全,"['网络空间', '安全']",60
青岛理工大学,计算机科学与技术,"['计算机科学', '与', '技术']",98
青岛理工大学,安全工程,['安全工程'],12
青岛理工大学,材料科学与工程,"['材料科学', '与', '工程']",75
青岛理工大学,风景园林,['风景园林'],30
青岛理工大学,工业工程,"['工业', '工程']",45
青岛理工大学,自动化,['自动化'],92
青岛理工大学,电气工程及其自动化,"['电气工程', '及其', '自动化']",82
青岛理工大学,应用物理学,"['应用', '物理学']",51
青岛理工大学,城乡规划,['城乡规划'],33
青岛理工大学,网络与新媒体,"['网络', '与', '新', '媒体']",44
青岛理工大学,日语,['日语'],23
青岛理工大学,给排水科学与工程,"['给排水', '科学', '与', '工程']",51
青岛理工大学,软件工程,['软件工程'],65
青岛理工大学,机器人工程,"['机器人', '工程']",48
青岛理工大学,财务管理(中外合作办学),"['财务管理', '(', '中外合作', '办学', ')']",81
青岛理工大学,土木工程(中外合作办学),"['土木工程', '(', '中外合作', '办学', ')']",71
青岛理工大学,给排水科学与工程(中外合作办学),"['给排水', '科学', '与', '工程', '(', '中外合作', '办学', ')']",62
青岛理工大学,建筑学(中外合作办学),"['建筑学', '(', '中外合作', '办学', ')']",75
青岛理工大学,电气工程及其自动化(地方专项计划),"['电气工程', '及其', '自动化', '(', '地方', '专项', '计划', ')']",10
青岛理工大学,材料科学与工程(地方专项计划),"['材料科学', '与', '工程', '(', '地方', '专项', '计划', ')']",15
青岛理工大学,工程力学(地方专项计划),"['工程力学', '(', '地方', '专项', '计划', ')']",15
青岛理工大学,环境工程(地方专项计划),"['环境工程', '(', '地方', '专项', '计划', ')']",10
青岛理工大学,交通工程(地方专项计划),"['交通', '工程', '(', '地方', '专项', '计划', ')']",10
青岛理工大学,管理科学与工程类(地方专项计划),"['管理科学', '与', '工程', '类', '(', '地方', '专项', '计划', ')']",25
青岛理工大学,给排水科学与工程(地方专项计划),"['给排水', '科学', '与', '工程', '(', '地方', '专项', '计划', ')']",15
青岛理工大学,建筑环境与能源应用工程(地方专项计划),"['建筑', '环境', '与', '能源', '应用', '工程', '(', '地方', '专项', '计划', ')']",30
青岛理工大学,机械类(地方专项计划),"['机械类', '(', '地方', '专项', '计划', ')']",30
青岛理工大学,经济学(地方专项计划),"['经济学', '(', '地方', '专项', '计划', ')']",10
青岛理工大学,安全工程(地方专项计划),"['安全工程', '(', '地方', '专项', '计划', ')']",10
青岛理工大学,日语(校企合作，与青软创新科技集团合作),"['日语', '(', '校企', '合作', '，', '与', '青软', '创新', '科技', '集团', '合作', ')']",35
青岛理工大学,应用物理学(校企合作，与青软创新科技集团合作),"['应用', '物理学', '(', '校企', '合作', '，', '与', '青软', '创新', '科技', '集团', '合作', ')']",35
青岛理工大学,信息管理与信息系统(校企合作，与青岛英谷教育公司合作),"['信息管理', '与', '信息系统', '(', '校企', '合作', '，', '与', '青岛', '英谷', '教育', '公司', '合作', ')']",35
青岛理工大学,软件工程(校企合作，与青软创新科技集团合作),"['软件工程', '(', '校企', '合作', '，', '与', '青软', '创新', '科技', '集团', '合作', ')']",70
青岛理工大学,信息与计算科学(校企合作，与青软创新科技集团合作),"['信息', '与', '计算', '科学', '(', '校企', '合作', '，', '与', '青软', '创新', '科技', '集团', '合作', ')']",70
青岛理工大学,通信工程(校企合作，与青岛英谷教育公司合作),"['通信工程', '(', '校企', '合作', '，', '与', '青岛', '英谷', '教育', '公司', '合作', ')']",70
青岛理工大学,英语(校企合作，与青岛网商产业教育公司合作),"['英语', '(', '校企', '合作', '，', '与', '青岛', '网商', '产业', '教育', '公司', '合作', ')']",35
山东建筑大学,广告学,['广告学'],40
山东建筑大学,机械电子工程,"['机械', '电子', '工程']",80
山东建筑大学,房地产开发与管理,"['房地产', '开发', '与', '管理']",43
山东建筑大学,生物工程,['生物工程'],52
山东建筑大学,法学,['法学'],81
山东建筑大学,风景园林(景观规划设计方向),"['风景园林', '(', '景观规划', '设计', '方向', ')']",34
山东建筑大学,材料科学与工程,"['材料科学', '与', '工程']",62
山东建筑大学,通信工程,['通信工程'],39
山东建筑大学,焊接技术与工程,"['焊接', '技术', '与', '工程']",35
山东建筑大学,财务管理,['财务管理'],52
山东建筑大学,土地资源管理,"['土地', '资源管理']",55
山东建筑大学,地理信息科学,"['地理信息', '科学']",47
山东建筑大学,物联网工程,"['物', '联网', '工程']",38
山东建筑大学,能源与动力工程,"['能源', '与', '动力工程']",81
山东建筑大学,交通工程,"['交通', '工程']",46
山东建筑大学,电气工程及其自动化,"['电气工程', '及其', '自动化']",101
山东建筑大学,社会工作,['社会工作'],54
山东建筑大学,遥感科学与技术,"['遥感', '科学', '与', '技术']",38
山东建筑大学,无机非金属材料工程,"['无机', '非金属材料', '工程']",84
山东建筑大学,工业设计,"['工业', '设计']",43
山东建筑大学,工程造价,['工程造价'],67
山东建筑大学,新能源科学与工程,"['新', '能源科学', '与', '工程']",52
山东建筑大学,车辆工程,"['车辆', '工程']",48
山东建筑大学,应用物理学,"['应用', '物理学']",43
山东建筑大学,德语,['德语'],15
山东建筑大学,建筑环境与能源应用工程,"['建筑', '环境', '与', '能源', '应用', '工程']",70
山东建筑大学,道路桥梁与渡河工程,"['道路', '桥梁', '与', '渡河', '工程']",68
山东建筑大学,土木工程,['土木工程'],199
山东建筑大学,工程管理,"['工程', '管理']",66
山东建筑大学,建筑学,['建筑学'],48
山东建筑大学,计算机类,"['计算机', '类']",248
山东建筑大学,信息管理与信息系统,"['信息管理', '与', '信息系统']",33
山东建筑大学,工商管理,['工商管理'],57
山东建筑大学,应用统计学,"['应用', '统计学']",47
山东建筑大学,智能制造工程,"['智能', '制造', '工程']",51
山东建筑大学,建筑电气与智能化,"['建筑', '电气', '与', '智能化']",40
山东建筑大学,信息与计算科学,"['信息', '与', '计算', '科学']",27
山东建筑大学,工业工程,"['工业', '工程']",53
山东建筑大学,电子商务,['电子商务'],60
山东建筑大学,交通运输,['交通运输'],25
山东建筑大学,环境工程,['环境工程'],39
山东建筑大学,风景园林(园林规划设计方向),"['风景园林', '(', '园林规划', '设计', '方向', ')']",68
山东建筑大学,人工智能,['人工智能'],35
山东建筑大学,光电信息科学与工程,"['光电', '信息科学', '与', '工程']",32
山东建筑大学,会计学,['会计学'],63
山东建筑大学,城乡规划,['城乡规划'],53
山东建筑大学,给排水科学与工程,"['给排水', '科学', '与', '工程']",69
山东建筑大学,英语,['英语'],31
山东建筑大学,智能建造,"['智能', '建造']",51
山东建筑大学,材料成型及控制工程,"['材料', '成型', '及', '控制工程']",53
山东建筑大学,环境科学,"['环境', '科学']",56
山东建筑大学,电子信息工程,"['电子', '信息工程']",51
山东建筑大学,城市地下空间工程,"['城市', '地下', '空间', '工程']",44
山东建筑大学,测绘工程,"['测绘', '工程']",47
山东建筑大学,机械工程,['机械工程'],171
山东建筑大学,土木工程(中外合作办学),"['土木工程', '(', '中外合作', '办学', ')']",100
山东建筑大学,建筑学(中外合作办学),"['建筑学', '(', '中外合作', '办学', ')']",70
山东建筑大学,土木工程(地方专项计划),"['土木工程', '(', '地方', '专项', '计划', ')']",20
山东建筑大学,智能建造(地方专项计划),"['智能', '建造', '(', '地方', '专项', '计划', ')']",15
山东建筑大学,智能制造工程(地方专项计划),"['智能', '制造', '工程', '(', '地方', '专项', '计划', ')']",15
山东建筑大学,给排水科学与工程(地方专项计划),"['给排水', '科学', '与', '工程', '(', '地方', '专项', '计划', ')']",20
山东建筑大学,材料科学与工程(地方专项计划),"['材料科学', '与', '工程', '(', '地方', '专项', '计划', ')']",20
山东建筑大学,建筑环境与能源应用工程(地方专项计划),"['建筑', '环境', '与', '能源', '应用', '工程', '(', '地方', '专项', '计划', ')']",20
山东建筑大学,机械工程(地方专项计划),"['机械工程', '(', '地方', '专项', '计划', ')']",20
山东建筑大学,道路桥梁与渡河工程(地方专项计划),"['道路', '桥梁', '与', '渡河', '工程', '(', '地方', '专项', '计划', ')']",20
山东建筑大学,测绘工程(地方专项计划),"['测绘', '工程', '(', '地方', '专项', '计划', ')']",20
山东建筑大学,会计学(校企合作，与山东全通网融科技有限公司合作),"['会计学', '(', '校企', '合作', '，', '与', '山东', '全通', '网融', '科技', '有限公司', '合作', ')']",110
山东建筑大学,德语(校企合作，与山东云媒互动有限公司合作),"['德语', '(', '校企', '合作', '，', '与', '山东', '云媒', '互动', '有限公司', '合作', ')']",30
山东建筑大学,信息与计算科学(校企合作，与浪潮集团有限公司合作),"['信息', '与', '计算', '科学', '(', '校企', '合作', '，', '与', '浪潮集团', '有限公司', '合作', ')']",60
山东建筑大学,市场营销(校企合作，与中兴协力教育山东公司合作),"['市场营销', '(', '校企', '合作', '，', '与', '中兴', '协力', '教育', '山东', '公司', '合作', ')']",70
山东建筑大学,英语(校企合作，与济南译软信息技术有限公司合作),"['英语', '(', '校企', '合作', '，', '与', '济南', '译软', '信息技术', '有限公司', '合作', ')']",50
山东建筑大学,英语(校企合作，与山东智博教育科技有限公司合作),"['英语', '(', '校企', '合作', '，', '与', '山东', '智博', '教育', '科技', '有限公司', '合作', ')']",60
山东建筑大学,车辆工程(校企合作，与北京联合伟世科技股份有限公司合作),"['车辆', '工程', '(', '校企', '合作', '，', '与', '北京', '联合', '伟世', '科技股份', '有限公司', '合作', ')']",40
山东建筑大学,材料成型及控制工程(校企合作，与莱芜钢铁集团有限公司合作),"['材料', '成型', '及', '控制工程', '(', '校企', '合作', '，', '与', '莱芜', '钢铁集团', '有限公司', '合作', ')']",35
齐鲁工业大学,电子信息工程,"['电子', '信息工程']",69
齐鲁工业大学,环境科学与工程类,"['环境', '科学', '与', '工程', '类']",50
齐鲁工业大学,行政管理,"['行政', '管理']",65
齐鲁工业大学,日语,['日语'],30
齐鲁工业大学,保密管理,"['保密', '管理']",40
齐鲁工业大学,计算机科学与技术,"['计算机科学', '与', '技术']",72
齐鲁工业大学,海洋技术,"['海洋', '技术']",65
齐鲁工业大学,功能材料,"['功能', '材料']",25
齐鲁工业大学,药学类,"['药学', '类']",56
齐鲁工业大学,金融学,['金融学'],195
齐鲁工业大学,汉语国际教育,"['汉语', '国际', '教育']",60
齐鲁工业大学,国际经济与贸易,"['国际', '经济', '与', '贸易']",130
齐鲁工业大学,电气工程及其自动化,"['电气工程', '及其', '自动化']",85
齐鲁工业大学,宝石及材料工艺学,"['宝石', '及', '材料', '工艺学']",40
齐鲁工业大学,翻译,['翻译'],60
齐鲁工业大学,金融科技,"['金融', '科技']",80
齐鲁工业大学,信息与计算科学,"['信息', '与', '计算', '科学']",53
齐鲁工业大学,电子竞技运动与管理,"['电子竞技', '运动', '与', '管理']",20
齐鲁工业大学,智能制造工程,"['智能', '制造', '工程']",25
齐鲁工业大学,生物技术,"['生物', '技术']",40
齐鲁工业大学,材料成型及控制工程,"['材料', '成型', '及', '控制工程']",35
齐鲁工业大学,轻工类,"['轻工', '类']",29
齐鲁工业大学,化学类,"['化学', '类']",47
齐鲁工业大学,法学,['法学'],95
齐鲁工业大学,自动化,['自动化'],80
齐鲁工业大学,生物工程,['生物工程'],49
齐鲁工业大学,光电信息科学与工程,"['光电', '信息科学', '与', '工程']",55
齐鲁工业大学,无机非金属材料工程,"['无机', '非金属材料', '工程']",8
齐鲁工业大学,测控技术与仪器(海洋测控方向),"['测控', '技术', '与', '仪器', '(', '海洋', '测控', '方向', ')']",47
齐鲁工业大学,通信工程,['通信工程'],52
齐鲁工业大学,英语,['英语'],89
齐鲁工业大学,海洋信息工程,"['海洋', '信息工程']",40
齐鲁工业大学,人工智能,['人工智能'],43
齐鲁工业大学,食品科学与工程类,"['食品科学', '与', '工程', '类']",64
齐鲁工业大学,工业设计,"['工业', '设计']",28
齐鲁工业大学,软件工程,['软件工程'],80
齐鲁工业大学,能源与动力工程,"['能源', '与', '动力工程']",105
齐鲁工业大学,工商管理类,"['工商管理', '类']",359
齐鲁工业大学,广告学,['广告学'],40
齐鲁工业大学,化工与制药类,"['化工', '与', '制药', '类']",49
齐鲁工业大学,网络空间安全,"['网络空间', '安全']",55
齐鲁工业大学,轻化工程,"['轻化', '工程']",38
齐鲁工业大学,机器人工程,"['机器人', '工程']",20
齐鲁工业大学,机械设计制造及其自动化,"['机械设计', '制造', '及其', '自动化']",85
齐鲁工业大学,材料化学,"['材料', '化学']",10
齐鲁工业大学,应用统计学,"['应用', '统计学']",50
齐鲁工业大学,保密技术,"['保密', '技术']",80
齐鲁工业大学,数据计算及应用,"['数据', '计算', '及', '应用']",20
齐鲁工业大学,新媒体技术,"['新', '媒体', '技术']",18
齐鲁工业大学,酿酒工程,"['酿酒', '工程']",22
齐鲁工业大学,高分子材料与工程,"['高分子', '材料', '与', '工程']",9
齐鲁工业大学,微电子科学与工程,"['微电子', '科学', '与', '工程']",40
齐鲁工业大学,物联网工程,"['物', '联网', '工程']",20
齐鲁工业大学,应用化学(中外合作办学),"['应用化学', '(', '中外合作', '办学', ')']",80
齐鲁工业大学,生物技术(中外合作办学),"['生物', '技术', '(', '中外合作', '办学', ')']",80
齐鲁工业大学,轻化工程(中外合作办学),"['轻化', '工程', '(', '中外合作', '办学', ')']",80
齐鲁工业大学,机械设计制造及其自动化(中外合作办学),"['机械设计', '制造', '及其', '自动化', '(', '中外合作', '办学', ')']",80
齐鲁工业大学,酿酒工程(中外合作办学),"['酿酒', '工程', '(', '中外合作', '办学', ')']",80
齐鲁工业大学,行政管理(地方专项计划),"['行政', '管理', '(', '地方', '专项', '计划', ')']",10
齐鲁工业大学,工业设计(地方专项计划),"['工业', '设计', '(', '地方', '专项', '计划', ')']",5
齐鲁工业大学,化学类(地方专项计划),"['化学', '类', '(', '地方', '专项', '计划', ')']",10
齐鲁工业大学,智能制造工程(地方专项计划),"['智能', '制造', '工程', '(', '地方', '专项', '计划', ')']",5
齐鲁工业大学,生物工程(地方专项计划),"['生物工程', '(', '地方', '专项', '计划', ')']",10
齐鲁工业大学,法学(地方专项计划),"['法学', '(', '地方', '专项', '计划', ')']",5
齐鲁工业大学,轻工类(地方专项计划),"['轻工', '类', '(', '地方', '专项', '计划', ')']",15
齐鲁工业大学,功能材料(地方专项计划),"['功能', '材料', '(', '地方', '专项', '计划', ')']",10
齐鲁工业大学,新媒体技术(地方专项计划),"['新', '媒体', '技术', '(', '地方', '专项', '计划', ')']",5
齐鲁工业大学,生物技术(地方专项计划),"['生物', '技术', '(', '地方', '专项', '计划', ')']",10
齐鲁工业大学,药学类(地方专项计划),"['药学', '类', '(', '地方', '专项', '计划', ')']",10
齐鲁工业大学,食品科学与工程类(地方专项计划),"['食品科学', '与', '工程', '类', '(', '地方', '专项', '计划', ')']",10
齐鲁工业大学,酿酒工程(地方专项计划),"['酿酒', '工程', '(', '地方', '专项', '计划', ')']",5
齐鲁工业大学,轻化工程(地方专项计划),"['轻化', '工程', '(', '地方', '专项', '计划', ')']",20
齐鲁工业大学,化工与制药类(地方专项计划),"['化工', '与', '制药', '类', '(', '地方', '专项', '计划', ')']",15
齐鲁工业大学,材料成型及控制工程(地方专项计划),"['材料', '成型', '及', '控制工程', '(', '地方', '专项', '计划', ')']",10
齐鲁工业大学,机器人工程(地方专项计划),"['机器人', '工程', '(', '地方', '专项', '计划', ')']",5
齐鲁工业大学,机械设计制造及其自动化(地方专项计划),"['机械设计', '制造', '及其', '自动化', '(', '地方', '专项', '计划', ')']",15
齐鲁工业大学,计算机科学与技术(校企合作，与山东亿云信息技术有限公司合作),"['计算机科学', '与', '技术', '(', '校企', '合作', '，', '与', '山东', '亿云', '信息技术', '有限公司', '合作', ')']",40
齐鲁工业大学,机器人工程(校企合作，与中德新松、新松机器人合作),"['机器人', '工程', '(', '校企', '合作', '，', '与', '中德', '新松', '、', '新松', '机器人', '合作', ')']",80
齐鲁工业大学,自动化(校企合作，与中德新松、新松机器人合作),"['自动化', '(', '校企', '合作', '，', '与', '中德', '新松', '、', '新松', '机器人', '合作', ')']",40
齐鲁工业大学,智能科学与技术(校企合作，与中国高科集团股份有限公司合作),"['智能科学', '与', '技术', '(', '校企', '合作', '，', '与', '中国高科', '集团股份', '有限公司', '合作', ')']",80
齐鲁工业大学,信息与计算科学(校企合作，与浪潮软件股份有限公司合作),"['信息', '与', '计算', '科学', '(', '校企', '合作', '，', '与', '浪潮', '软件', '股份', '有限公司', '合作', ')']",80
齐鲁工业大学,信息管理与信息系统(校企合作，与山东智博教育科技有限公司合作),"['信息管理', '与', '信息系统', '(', '校企', '合作', '，', '与', '山东', '智博', '教育', '科技', '有限公司', '合作', ')']",160
齐鲁工业大学,无机非金属材料工程(校企合作，与中材高新材料股份有限公司合作),"['无机', '非金属材料', '工程', '(', '校企', '合作', '，', '与', '中材', '高新', '材料', '股份', '有限公司', '合作', ')']",80
齐鲁工业大学,新媒体技术(校企合作，与中国高科集团合作),"['新', '媒体', '技术', '(', '校企', '合作', '，', '与', '中国高科', '集团', '合作', ')']",80
齐鲁工业大学,软件工程(校企合作，与北京安博大成教育科技公司合作),"['软件工程', '(', '校企', '合作', '，', '与', '北京', '安', '博大', '成', '教育', '科技', '公司', '合作', ')']",40
齐鲁工业大学,食品科学与工程(校企合作，与益客集团合作),"['食品科学', '与', '工程', '(', '校企', '合作', '，', '与益客', '集团', '合作', ')']",40
齐鲁工业大学,环境科学(校企合作，与北控水务投资有限公司合作),"['环境', '科学', '(', '校企', '合作', '，', '与', '北控', '水务', '投资', '有限公司', '合作', ')']",80
齐鲁工业大学,翻译(校企合作，与文思海辉技术有限公司合作),"['翻译', '(', '校企', '合作', '，', '与', '文思', '海辉', '技术', '有限公司', '合作', ')']",60
齐鲁工业大学,软件工程(校企合作，与山东正中信息技术有限公司合作),"['软件工程', '(', '校企', '合作', '，', '与', '山东', '正中', '信息技术', '有限公司', '合作', ')']",40
山东理工大学,生物工程,['生物工程'],13
山东理工大学,生物科学(师范类),"['生物科学', '(', '师范类', ')']",40
山东理工大学,法学,['法学'],21
山东理工大学,国际经济与贸易,"['国际', '经济', '与', '贸易']",78
山东理工大学,英语(外语语种为英语),"['英语', '(', '外语', '语种', '为', '英语', ')']",39
山东理工大学,智能电网信息工程,"['智能', '电网', '信息工程']",66
山东理工大学,数学与应用数学,"['数学', '与', '应用', '数学']",34
山东理工大学,纺织工程,"['纺织', '工程']",12
山东理工大学,材料化学,"['材料', '化学']",47
山东理工大学,工业工程,"['工业', '工程']",79
山东理工大学,日语,['日语'],20
山东理工大学,市场营销,['市场营销'],41
山东理工大学,通信工程,['通信工程'],108
山东理工大学,物理学(师范类),"['物理学', '(', '师范类', ')']",80
山东理工大学,交通工程,"['交通', '工程']",47
山东理工大学,化学,['化学'],37
山东理工大学,会计学,['会计学'],88
山东理工大学,地理空间信息工程,"['地理', '空间', '信息工程']",67
山东理工大学,城乡规划,['城乡规划'],37
山东理工大学,机械设计制造及其自动化(卓越工程师班),"['机械设计', '制造', '及其', '自动化', '(', '卓越', '工程师', '班', ')']",40
山东理工大学,矿物加工工程,"['矿物', '加工', '工程']",20
山东理工大学,广告学,['广告学'],43
山东理工大学,数字媒体技术,"['数字', '媒体', '技术']",80
山东理工大学,化学工程与工艺,"['化学工程', '与', '工艺']",145
山东理工大学,电气工程及其自动化,"['电气工程', '及其', '自动化']",196
山东理工大学,数学与应用数学(师范类),"['数学', '与', '应用', '数学', '(', '师范类', ')']",130
山东理工大学,数据科学与大数据技术,"['数据', '科学', '与', '大', '数据', '技术']",80
山东理工大学,法学(律师学),"['法学', '(', '律师', '学', ')']",34
山东理工大学,英语(师范类，外语语种为英语),"['英语', '(', '师范类', '，', '外语', '语种', '为', '英语', ')']",120
山东理工大学,自动化,['自动化'],100
山东理工大学,农业机械化及其自动化,"['农业', '机械化', '及其', '自动化']",76
山东理工大学,化学(师范类),"['化学', '(', '师范类', ')']",80
山东理工大学,资源勘查工程,"['资源', '勘查', '工程']",52
山东理工大学,测控技术与仪器,"['测控', '技术', '与', '仪器']",24
山东理工大学,社会工作,['社会工作'],60
山东理工大学,金融学,['金融学'],156
山东理工大学,工商管理,['工商管理'],52
山东理工大学,新能源汽车工程,"['新能源', '汽车', '工程']",80
山东理工大学,能源与动力工程,"['能源', '与', '动力工程']",80
山东理工大学,统计学,['统计学'],50
山东理工大学,软件工程,['软件工程'],131
山东理工大学,制药工程,"['制药', '工程']",81
山东理工大学,车辆工程,"['车辆', '工程']",50
山东理工大学,材料科学与工程,"['材料科学', '与', '工程']",130
山东理工大学,法学(国际商法),"['法学', '(', '国际', '商法', ')']",30
山东理工大学,机械设计制造及其自动化,"['机械设计', '制造', '及其', '自动化']",96
山东理工大学,高分子材料与工程,"['高分子', '材料', '与', '工程']",45
山东理工大学,测绘工程,"['测绘', '工程']",51
山东理工大学,法学(经济法学),"['法学', '(', '经济法学', ')']",32
山东理工大学,采矿工程,['采矿工程'],11
山东理工大学,交通运输,['交通运输'],74
山东理工大学,汉语言文学(师范类),"['汉语言', '文学', '(', '师范类', ')']",160
山东理工大学,信息管理与信息系统,"['信息管理', '与', '信息系统']",45
山东理工大学,生物科学,['生物科学'],52
山东理工大学,工业设计,"['工业', '设计']",52
山东理工大学,经济学,['经济学'],89
山东理工大学,应用化学,['应用化学'],98
山东理工大学,食品科学与工程,"['食品科学', '与', '工程']",84
山东理工大学,工程管理,"['工程', '管理']",46
山东理工大学,微电子科学与工程,"['微电子', '科学', '与', '工程']",40
山东理工大学,信息管理与信息系统(档案信息化管理方向),"['信息管理', '与', '信息系统', '(', '档案', '信息化', '管理', '方向', ')']",40
山东理工大学,财务管理,['财务管理'],76
山东理工大学,行政管理,"['行政', '管理']",52
山东理工大学,人工智能,['人工智能'],80
山东理工大学,汉语言文学,"['汉语言', '文学']",38
山东理工大学,智能制造工程(新工科创新实验班),"['智能', '制造', '工程', '(', '新', '工科', '创新', '实验班', ')']",80
山东理工大学,信息与计算科学,"['信息', '与', '计算', '科学']",58
山东理工大学,朝鲜语,['朝鲜语'],22
山东理工大学,环境工程,['环境工程'],107
山东理工大学,材料成型及控制工程,"['材料', '成型', '及', '控制工程']",141
山东理工大学,机械电子工程,"['机械', '电子', '工程']",89
山东理工大学,计算机科学与技术,"['计算机科学', '与', '技术']",107
山东理工大学,电子信息工程,"['电子', '信息工程']",140
山东理工大学,土木工程,['土木工程'],164
山东理工大学,新能源科学与工程,"['新', '能源科学', '与', '工程']",80
山东理工大学,测控技术与仪器(智慧医疗新工科创新实验班),"['测控', '技术', '与', '仪器', '(', '智慧', '医疗', '新', '工科', '创新', '实验班', ')']",40
山东理工大学,光电信息科学与工程,"['光电', '信息科学', '与', '工程']",57
山东理工大学,机械设计制造及其自动化(中外合作办学)(招收中爱合作办学),"['机械设计', '制造', '及其', '自动化', '(', '中外合作', '办学', ')', '(', '招收', '中爱', '合作', '办学', ')']",80
山东理工大学,计算机科学与技术(中外合作办学)(招收中爱合作办学),"['计算机科学', '与', '技术', '(', '中外合作', '办学', ')', '(', '招收', '中爱', '合作', '办学', ')']",80
山东理工大学,能源与动力工程(地方专项计划),"['能源', '与', '动力工程', '(', '地方', '专项', '计划', ')']",10
山东理工大学,制药工程(地方专项计划),"['制药', '工程', '(', '地方', '专项', '计划', ')']",10
山东理工大学,农业机械化及其自动化(地方专项计划),"['农业', '机械化', '及其', '自动化', '(', '地方', '专项', '计划', ')']",10
山东理工大学,软件工程(地方专项计划),"['软件工程', '(', '地方', '专项', '计划', ')']",10
山东理工大学,土木工程(地方专项计划),"['土木工程', '(', '地方', '专项', '计划', ')']",10
山东理工大学,智能电网信息工程(地方专项计划),"['智能', '电网', '信息工程', '(', '地方', '专项', '计划', ')']",10
山东理工大学,通信工程(地方专项计划),"['通信工程', '(', '地方', '专项', '计划', ')']",10
山东理工大学,生物工程(地方专项计划),"['生物工程', '(', '地方', '专项', '计划', ')']",10
山东理工大学,机械电子工程(地方专项计划),"['机械', '电子', '工程', '(', '地方', '专项', '计划', ')']",10
山东理工大学,车辆工程(地方专项计划),"['车辆', '工程', '(', '地方', '专项', '计划', ')']",10
山东理工大学,测控技术与仪器(地方专项计划),"['测控', '技术', '与', '仪器', '(', '地方', '专项', '计划', ')']",10
山东理工大学,电气工程及其自动化(地方专项计划),"['电气工程', '及其', '自动化', '(', '地方', '专项', '计划', ')']",10
山东理工大学,食品科学与工程(地方专项计划),"['食品科学', '与', '工程', '(', '地方', '专项', '计划', ')']",10
山东理工大学,计算机科学与技术(地方专项计划),"['计算机科学', '与', '技术', '(', '地方', '专项', '计划', ')']",10
山东理工大学,化学工程与工艺(地方专项计划),"['化学工程', '与', '工艺', '(', '地方', '专项', '计划', ')']",10
山东理工大学,自动化(地方专项计划),"['自动化', '(', '地方', '专项', '计划', ')']",10
山东理工大学,应用化学(地方专项计划),"['应用化学', '(', '地方', '专项', '计划', ')']",10
山东理工大学,微电子科学与工程(校企合作，与青软创新科技集团合作),"['微电子', '科学', '与', '工程', '(', '校企', '合作', '，', '与', '青软', '创新', '科技', '集团', '合作', ')']",40
山东理工大学,信息管理与信息系统(校企合作，与山东全通网融科技有限公司合作),"['信息管理', '与', '信息系统', '(', '校企', '合作', '，', '与', '山东', '全通', '网融', '科技', '有限公司', '合作', ')']",40
山东农业大学,文化产业管理,"['文化产业', '管理']",40
山东农业大学,水利类,"['水利', '类']",45
山东农业大学,材料化学,"['材料', '化学']",35
山东农业大学,农业资源与环境,"['农业', '资源', '与', '环境']",40
山东农业大学,日语,['日语'],42
山东农业大学,金融学,['金融学'],140
山东农业大学,国际经济与贸易,"['国际', '经济', '与', '贸易']",60
山东农业大学,自动化,['自动化'],40
山东农业大学,园林,['园林'],50
山东农业大学,风景园林,['风景园林'],90
山东农业大学,烟草,['烟草'],58
山东农业大学,植物生产类(C),"['植物', '生产', '类', '(', 'C', ')']",113
山东农业大学,数字经济,"['数字', '经济']",140
山东农业大学,动物医学类,"['动物', '医学类']",155
山东农业大学,土地资源管理,"['土地', '资源管理']",50
山东农业大学,森林保护,['森林保护'],5
山东农业大学,电气工程及其自动化,"['电气工程', '及其', '自动化']",96
山东农业大学,植物生产类(B),"['植物', '生产', '类', '(', 'B', ')']",110
山东农业大学,农学(新农科实验班),"['农学', '(', '新', '农科', '实验班', ')']",126
山东农业大学,商务英语,['商务英语'],65
山东农业大学,人工智能,['人工智能'],75
山东农业大学,俄语,['俄语'],38
山东农业大学,数学类,"['数学', '类']",75
山东农业大学,农业机械化及其自动化,"['农业', '机械化', '及其', '自动化']",10
山东农业大学,建筑学,['建筑学'],45
山东农业大学,土地整治工程,"['土地', '整治', '工程']",15
山东农业大学,环境科学与工程类,"['环境', '科学', '与', '工程', '类']",45
山东农业大学,生物科学类,"['生物科学', '类']",159
山东农业大学,公共管理类,"['公共', '管理', '类']",135
山东农业大学,法学,['法学'],130
山东农业大学,电子信息科学与技术,"['电子信息', '科学', '与', '技术']",44
山东农业大学,机械类,['机械类'],60
山东农业大学,植物科学与技术,"['植物', '科学', '与', '技术']",30
山东农业大学,应用化学,['应用化学'],45
山东农业大学,制药工程(医药方向),"['制药', '工程', '(', '医药', '方向', ')']",20
山东农业大学,测绘类,"['测绘', '类']",20
山东农业大学,计算机类,"['计算机', '类']",260
山东农业大学,生物工程,['生物工程'],28
山东农业大学,林学(新农科实验班),"['林学', '(', '新', '农科', '实验班', ')']",60
山东农业大学,制药工程,"['制药', '工程']",30
山东农业大学,动物科学,"['动物', '科学']",25
山东农业大学,中药资源与开发,"['中药', '资源', '与', '开发']",9
山东农业大学,工商管理类,"['工商管理', '类']",420
山东农业大学,地理信息科学,"['地理信息', '科学']",60
山东农业大学,农林经济管理,"['农林', '经济', '管理']",69
山东农业大学,食品科学与工程类,"['食品科学', '与', '工程', '类']",80
山东农业大学,通信工程,['通信工程'],30
山东农业大学,土木类,"['土木', '类']",40
山东农业大学,英语,['英语'],125
山东农业大学,工商管理(中外合作办学)(中德合作),"['工商管理', '(', '中外合作', '办学', ')', '(', '中', '德', '合作', ')']",50
山东农业大学,土地资源管理(中外合作办学)(中英合作),"['土地', '资源管理', '(', '中外合作', '办学', ')', '(', '中', '英', '合作', ')']",148
山东农业大学,会计学(中外合作办学)(中德合作),"['会计学', '(', '中外合作', '办学', ')', '(', '中', '德', '合作', ')']",140
山东农业大学,食品质量与安全(中外合作办学)(中英合作),"['食品质量', '与', '安全', '(', '中外合作', '办学', ')', '(', '中', '英', '合作', ')']",135
山东农业大学,动物科学(中外合作办学)(中美合作),"['动物', '科学', '(', '中外合作', '办学', ')', '(', '中美合作', ')']",88
山东农业大学,国际经济与贸易(中外合作办学)(中德合作),"['国际', '经济', '与', '贸易', '(', '中外合作', '办学', ')', '(', '中', '德', '合作', ')']",60
山东农业大学,环境科学与工程类(地方专项计划),"['环境', '科学', '与', '工程', '类', '(', '地方', '专项', '计划', ')']",15
山东农业大学,木材科学与工程(地方专项计划),"['木材', '科学', '与', '工程', '(', '地方', '专项', '计划', ')']",10
山东农业大学,生态学(地方专项计划),"['生态学', '(', '地方', '专项', '计划', ')']",5
山东农业大学,测绘类(地方专项计划),"['测绘', '类', '(', '地方', '专项', '计划', ')']",15
山东农业大学,植物生产类(C，地方专项计划),"['植物', '生产', '类', '(', 'C', '，', '地方', '专项', '计划', ')']",10
山东农业大学,食品科学与工程类(地方专项计划),"['食品科学', '与', '工程', '类', '(', '地方', '专项', '计划', ')']",20
山东农业大学,水产养殖学(地方专项计划),"['水产', '养殖', '学', '(', '地方', '专项', '计划', ')']",10
山东农业大学,农业资源与环境(地方专项计划),"['农业', '资源', '与', '环境', '(', '地方', '专项', '计划', ')']",10
山东农业大学,水土保持与荒漠化防治(地方专项计划),"['水土保持', '与', '荒漠化', '防治', '(', '地方', '专项', '计划', ')']",10
山东农业大学,水利类(地方专项计划),"['水利', '类', '(', '地方', '专项', '计划', ')']",15
山东农业大学,土木类(地方专项计划),"['土木', '类', '(', '地方', '专项', '计划', ')']",20
山东农业大学,机械类(地方专项计划),"['机械类', '(', '地方', '专项', '计划', ')']",20
山东农业大学,植物生产类(B，地方专项计划),"['植物', '生产', '类', '(', 'B', '，', '地方', '专项', '计划', ')']",10
山东农业大学,动物科学(地方专项计划),"['动物', '科学', '(', '地方', '专项', '计划', ')']",20
山东农业大学,公共管理类(地方专项计划),"['公共', '管理', '类', '(', '地方', '专项', '计划', ')']",10
山东农业大学,商务英语(校企合作，与山东网商教育科技集团合作),"['商务英语', '(', '校企', '合作', '，', '与', '山东', '网商', '教育', '科技', '集团', '合作', ')']",60
青岛农业大学,食品质量与安全(含创新实验班30人),"['食品质量', '与', '安全', '(', '含', '创新', '实验班', '30', '人', ')']",130
青岛农业大学,制药工程,"['制药', '工程']",75
青岛农业大学,草坪科学与工程,"['草坪', '科学', '与', '工程']",8
青岛农业大学,环境科学,"['环境', '科学']",59
青岛农业大学,风景园林,['风景园林'],81
青岛农业大学,建筑环境与能源应用工程,"['建筑', '环境', '与', '能源', '应用', '工程']",70
青岛农业大学,马业科学,"['马业', '科学']",14
青岛农业大学,电子商务,['电子商务'],76
青岛农业大学,应用化学,['应用化学'],100
青岛农业大学,计算机科学与技术,"['计算机科学', '与', '技术']",67
青岛农业大学,农业资源与环境(含创新实验班30人),"['农业', '资源', '与', '环境', '(', '含', '创新', '实验班', '30', '人', ')']",100
青岛农业大学,建筑学,['建筑学'],70
青岛农业大学,园艺(含创新实验班30人),"['园艺', '(', '含', '创新', '实验班', '30', '人', ')']",100
青岛农业大学,农学(含创新实验班30人),"['农学', '(', '含', '创新', '实验班', '30', '人', ')']",80
青岛农业大学,朝鲜语,['朝鲜语'],49
青岛农业大学,电气工程及其自动化,"['电气工程', '及其', '自动化']",124
青岛农业大学,药学,['药学'],70
青岛农业大学,英语,['英语'],92
青岛农业大学,传播学,['传播学'],60
青岛农业大学,林学,['林学'],26
青岛农业大学,生物科学(创新实验班),"['生物科学', '(', '创新', '实验班', ')']",184
青岛农业大学,水生动物医学,"['水生动物', '医学']",39
青岛农业大学,植物保护(含创新实验班30人),"['植物保护', '(', '含', '创新', '实验班', '30', '人', ')']",127
青岛农业大学,社会工作,['社会工作'],55
青岛农业大学,农林经济管理(含创新实验班30人),"['农林', '经济', '管理', '(', '含', '创新', '实验班', '30', '人', ')']",100
青岛农业大学,知识产权,['知识产权'],43
青岛农业大学,测控技术与仪器,"['测控', '技术', '与', '仪器']",70
青岛农业大学,动物医学(含创新实验班30人),"['动物', '医学', '(', '含', '创新', '实验班', '30', '人', ')']",180
青岛农业大学,园林(含创新实验班30人),"['园林', '(', '含', '创新', '实验班', '30', '人', ')']",85
青岛农业大学,植物科学与技术,"['植物', '科学', '与', '技术']",14
青岛农业大学,材料化学,"['材料', '化学']",70
青岛农业大学,粮食工程,"['粮食', '工程']",22
青岛农业大学,智慧农业,"['智慧', '农业']",70
青岛农业大学,动物科学(含创新实验班30人),"['动物', '科学', '(', '含', '创新', '实验班', '30', '人', ')']",93
青岛农业大学,海洋资源与环境,"['海洋资源', '与', '环境']",70
青岛农业大学,水族科学与技术,"['水族', '科学', '与', '技术']",19
青岛农业大学,环境生态工程,"['环境', '生态', '工程']",55
青岛农业大学,公共事业管理,"['公共事业', '管理']",77
青岛农业大学,汉语言文学,"['汉语言', '文学']",104
青岛农业大学,烟草(含创新实验班30人),"['烟草', '(', '含', '创新', '实验班', '30', '人', ')']",60
青岛农业大学,经济与金融,"['经济', '与', '金融']",105
青岛农业大学,工程造价,['工程造价'],70
青岛农业大学,食品科学与工程(含创新实验班30人),"['食品科学', '与', '工程', '(', '含', '创新', '实验班', '30', '人', ')']",92
青岛农业大学,日语,['日语'],42
青岛农业大学,草业科学(含创新实验班30人),"['草业', '科学', '(', '含', '创新', '实验班', '30', '人', ')']",31
青岛农业大学,电子信息工程,"['电子', '信息工程']",70
青岛农业大学,功能材料,"['功能', '材料']",68
青岛农业大学,物流管理,"['物流', '管理']",69
青岛农业大学,机械类(含农业机械化创新实验班30人),"['机械类', '(', '含', '农业', '机械化', '创新', '实验班', '30', '人', ')']",205
青岛农业大学,土木工程,['土木工程'],196
青岛农业大学,设施农业科学与工程,"['设施', '农业', '科学', '与', '工程']",41
青岛农业大学,环境工程,['环境工程'],56
青岛农业大学,动物药学,"['动物', '药学']",60
青岛农业大学,财务管理,['财务管理'],82
青岛农业大学,国际经济与贸易,"['国际', '经济', '与', '贸易']",41
青岛农业大学,水产养殖学,"['水产', '养殖', '学']",98
青岛农业大学,会计学,['会计学'],87
青岛农业大学,化学工程与工艺,"['化学工程', '与', '工艺']",68
青岛农业大学,茶学,['茶学'],40
青岛农业大学,数据科学与大数据技术,"['数据', '科学', '与', '大', '数据', '技术']",70
青岛农业大学,物流管理(中外合作办学),"['物流', '管理', '(', '中外合作', '办学', ')']",90
青岛农业大学,农学(中外合作办学),"['农学', '(', '中外合作', '办学', ')']",60
青岛农业大学,农业资源与环境(中外合作办学),"['农业', '资源', '与', '环境', '(', '中外合作', '办学', ')']",60
青岛农业大学,食品科学与工程(中外合作办学),"['食品科学', '与', '工程', '(', '中外合作', '办学', ')']",90
青岛农业大学,动物医学(中外合作办学),"['动物', '医学', '(', '中外合作', '办学', ')']",40
青岛农业大学,设施农业科学与工程(地方专项计划),"['设施', '农业', '科学', '与', '工程', '(', '地方', '专项', '计划', ')']",10
青岛农业大学,水生动物医学(地方专项计划),"['水生动物', '医学', '(', '地方', '专项', '计划', ')']",10
青岛农业大学,水产养殖学(地方专项计划),"['水产', '养殖', '学', '(', '地方', '专项', '计划', ')']",10
青岛农业大学,马业科学(地方专项计划),"['马业', '科学', '(', '地方', '专项', '计划', ')']",10
青岛农业大学,水族科学与技术(地方专项计划),"['水族', '科学', '与', '技术', '(', '地方', '专项', '计划', ')']",10
青岛农业大学,农学(地方专项计划),"['农学', '(', '地方', '专项', '计划', ')']",10
青岛农业大学,林学(地方专项计划),"['林学', '(', '地方', '专项', '计划', ')']",10
青岛农业大学,园艺(地方专项计划),"['园艺', '(', '地方', '专项', '计划', ')']",10
青岛农业大学,茶学(地方专项计划),"['茶学', '(', '地方', '专项', '计划', ')']",10
青岛农业大学,食品质量与安全(地方专项计划),"['食品质量', '与', '安全', '(', '地方', '专项', '计划', ')']",10
青岛农业大学,智慧农业(地方专项计划),"['智慧', '农业', '(', '地方', '专项', '计划', ')']",10
青岛农业大学,机械类(地方专项计划),"['机械类', '(', '地方', '专项', '计划', ')']",10
青岛农业大学,草坪科学与工程(地方专项计划),"['草坪', '科学', '与', '工程', '(', '地方', '专项', '计划', ')']",10
青岛农业大学,粮食工程(地方专项计划),"['粮食', '工程', '(', '地方', '专项', '计划', ')']",10
青岛农业大学,草业科学(地方专项计划),"['草业', '科学', '(', '地方', '专项', '计划', ')']",10
青岛农业大学,动物科学(地方专项计划),"['动物', '科学', '(', '地方', '专项', '计划', ')']",10
青岛农业大学,农业资源与环境(地方专项计划),"['农业', '资源', '与', '环境', '(', '地方', '专项', '计划', ')']",10
青岛农业大学,植物保护(地方专项计划),"['植物保护', '(', '地方', '专项', '计划', ')']",10
青岛农业大学,风景园林(校企合作，与山东骏文信息科技有限公司合作),"['风景园林', '(', '校企', '合作', '，', '与', '山东', '骏文', '信息', '科技', '有限公司', '合作', ')']",60
青岛农业大学,通信工程(校企合作，与青岛英谷教育科技公司合作),"['通信工程', '(', '校企', '合作', '，', '与', '青岛', '英谷', '教育', '科技', '公司', '合作', ')']",140
青岛农业大学,经济与金融(校企合作，与青岛英谷教育合作),"['经济', '与', '金融', '(', '校企', '合作', '，', '与', '青岛', '英谷', '教育', '合作', ')']",70
青岛农业大学,计算机科学与技术(校企合作，与青岛英谷教育科技公司合作),"['计算机科学', '与', '技术', '(', '校企', '合作', '，', '与', '青岛', '英谷', '教育', '科技', '公司', '合作', ')']",228
青岛农业大学,英语(校企合作，与青岛英谷教育科技公司合作),"['英语', '(', '校企', '合作', '，', '与', '青岛', '英谷', '教育', '科技', '公司', '合作', ')']",70
青岛农业大学,计算机科学与技术(校企合作，与青岛英谷教育科技公司合作),"['计算机科学', '与', '技术', '(', '校企', '合作', '，', '与', '青岛', '英谷', '教育', '科技', '公司', '合作', ')']",140
青岛农业大学,电子信息工程(校企合作，与青岛英谷教育科技公司合作),"['电子', '信息工程', '(', '校企', '合作', '，', '与', '青岛', '英谷', '教育', '科技', '公司', '合作', ')']",80
青岛农业大学,计算机科学与技术(校企合作，与青岛英谷教育科技公司合作),"['计算机科学', '与', '技术', '(', '校企', '合作', '，', '与', '青岛', '英谷', '教育', '科技', '公司', '合作', ')']",70
潍坊医学院,运动康复,"['运动', '康复']",40
潍坊医学院,应急管理,"['应急', '管理']",22
潍坊医学院,康复作业治疗,"['康复', '作业', '治疗']",40
潍坊医学院,生物技术,"['生物', '技术']",38
潍坊医学院,市场营销,['市场营销'],18
潍坊医学院,康复治疗学,"['康复', '治疗学']",13
潍坊医学院,护理学,['护理学'],174
潍坊医学院,预防医学,"['预防', '医学']",138
潍坊医学院,临床药学,"['临床', '药学']",60
潍坊医学院,眼视光医学,"['眼视光', '医学']",39
潍坊医学院,公共事业管理,"['公共事业', '管理']",60
潍坊医学院,生物医学工程,"['生物医学', '工程']",45
潍坊医学院,食品质量与安全,"['食品质量', '与', '安全']",34
潍坊医学院,临床医学,['临床医学'],472
潍坊医学院,医学检验技术,"['医学', '检验', '技术']",153
潍坊医学院,药学,['药学'],135
潍坊医学院,应用心理学,"['应用', '心理学']",79
潍坊医学院,麻醉学,['麻醉学'],120
潍坊医学院,助产学,"['助产', '学']",50
潍坊医学院,中医学,['中医学'],50
潍坊医学院,医学影像技术,"['医学影像', '技术']",45
潍坊医学院,医学影像学,"['医学', '影像学']",62
潍坊医学院,大数据管理与应用,"['大', '数据管理', '与', '应用']",19
潍坊医学院,康复物理治疗,"['康复', '物理', '治疗']",40
潍坊医学院,智能医学工程,"['智能', '医学工程']",35
潍坊医学院,口腔医学,['口腔医学'],72
潍坊医学院,英语,['英语'],54
潍坊医学院,法学,['法学'],28
潍坊医学院,卫生检验与检疫,"['卫生', '检验', '与', '检疫']",54
潍坊医学院,劳动与社会保障,"['劳动', '与', '社会保障']",18
潍坊医学院,中药学,['中药学'],50
潍坊医学院,生物制药,['生物制药'],114
山东第一医科大学,医学实验技术,"['医学', '实验', '技术']",50
山东第一医科大学,药学,['药学'],179
山东第一医科大学,眼视光医学,"['眼视光', '医学']",55
山东第一医科大学,临床药学,"['临床', '药学']",130
山东第一医科大学,生物医学科学,"['生物医学', '科学']",50
山东第一医科大学,生物医学工程,"['生物医学', '工程']",80
山东第一医科大学,预防医学,"['预防', '医学']",109
山东第一医科大学,口腔医学技术,"['口腔医学', '技术']",25
山东第一医科大学,生物技术,"['生物', '技术']",103
山东第一医科大学,中药学,['中药学'],45
山东第一医科大学,医学技术类(招收康复方向),"['医学', '技术类', '(', '招收', '康复', '方向', ')']",145
山东第一医科大学,药物化学,"['药物', '化学']",70
山东第一医科大学,医学实验技术(招收医学实验动物方向),"['医学', '实验', '技术', '(', '招收', '医学', '实验', '动物', '方向', ')']",40
山东第一医科大学,口腔医学,['口腔医学'],120
山东第一医科大学,麻醉学,['麻醉学'],60
山东第一医科大学,医学影像学,"['医学', '影像学']",175
山东第一医科大学,医学影像技术,"['医学影像', '技术']",107
山东第一医科大学,放射医学,['放射医学'],50
山东第一医科大学,电子信息类,"['电子信息', '类']",105
山东第一医科大学,临床医学,['临床医学'],420
山东第一医科大学,公共管理类,"['公共', '管理', '类']",138
山东第一医科大学,应用化学,['应用化学'],40
山东第一医科大学,生物科学类,"['生物科学', '类']",150
山东第一医科大学,外国语言文学类,"['外国', '语言', '文学类']",99
山东第一医科大学,护理学类,"['护理学', '类']",370
山东第一医科大学,医学检验技术,"['医学', '检验', '技术']",100
山东第一医科大学,药学,['药学'],182
山东第一医科大学,化工与制药类,"['化工', '与', '制药', '类']",125
山东第一医科大学,公共管理类(招收医疗保障方向),"['公共', '管理', '类', '(', '招收', '医疗保障', '方向', ')']",80
山东第一医科大学,眼视光学,"['眼视', '光学']",55
山东第一医科大学,智能医学工程,"['智能', '医学工程']",50
山东第一医科大学,高分子材料与工程,"['高分子', '材料', '与', '工程']",25
山东第一医科大学,护理学(中外合作办学),"['护理学', '(', '中外合作', '办学', ')']",70
山东第一医科大学,护理学类(地方专项计划),"['护理学', '类', '(', '地方', '专项', '计划', ')']",10
山东第一医科大学,公共管理类(地方专项计划),"['公共', '管理', '类', '(', '地方', '专项', '计划', ')']",30
山东第一医科大学,生物科学类(地方专项计划),"['生物科学', '类', '(', '地方', '专项', '计划', ')']",30
山东第一医科大学,外国语言文学类(地方专项计划),"['外国', '语言', '文学类', '(', '地方', '专项', '计划', ')']",30
山东第一医科大学,应用化学(地方专项计划),"['应用化学', '(', '地方', '专项', '计划', ')']",10
山东第一医科大学,电子信息类(地方专项计划),"['电子信息', '类', '(', '地方', '专项', '计划', ')']",20
山东第一医科大学,医学技术类(地方专项计划，招收康复方向),"['医学', '技术类', '(', '地方', '专项', '计划', '，', '招收', '康复', '方向', ')']",10
山东第一医科大学,化工与制药类(地方专项计划),"['化工', '与', '制药', '类', '(', '地方', '专项', '计划', ')']",30
山东第一医科大学,高分子材料与工程(地方专项计划),"['高分子', '材料', '与', '工程', '(', '地方', '专项', '计划', ')']",10
山东第一医科大学,医学信息工程(校企合作，与大连东软教育科技合作),"['医学', '信息工程', '(', '校企', '合作', '，', '与', '大连', '东软', '教育', '科技', '合作', ')']",50
山东第一医科大学,护理学(校企合作，与北京圣辅国际教育科技合作),"['护理学', '(', '校企', '合作', '，', '与', '北京', '圣辅', '国际', '教育', '科技', '合作', ')']",30
山东第一医科大学,电子信息科学与技术(校企合作，与健康力北京医疗科技合作),"['电子信息', '科学', '与', '技术', '(', '校企', '合作', '，', '与', '健康', '力', '北京', '医疗', '科技', '合作', ')']",50
山东第一医科大学,计算机科学与技术(校企合作，与青岛青软实训教育科技合作),"['计算机科学', '与', '技术', '(', '校企', '合作', '，', '与', '青岛', '青软', '实训', '教育', '科技', '合作', ')']",50
山东第一医科大学,信息管理与信息系统(校企合作，与山东浪潮优派科技教育合作),"['信息管理', '与', '信息系统', '(', '校企', '合作', '，', '与', '山东', '浪潮', '优派', '科技', '教育', '合作', ')']",50
滨州医学院,护理学,['护理学'],227
滨州医学院,听力与言语康复学,"['听力', '与', '言语', '康复', '学']",79
滨州医学院,医学检验技术,"['医学', '检验', '技术']",75
滨州医学院,康复作业治疗,"['康复', '作业', '治疗']",40
滨州医学院,健康服务与管理,"['健康', '服务', '与', '管理']",107
滨州医学院,口腔医学技术,"['口腔医学', '技术']",20
滨州医学院,康复治疗学,"['康复', '治疗学']",35
滨州医学院,药学,['药学'],176
滨州医学院,儿科学,['儿科学'],50
滨州医学院,助产学,"['助产', '学']",40
滨州医学院,中医学,['中医学'],81
滨州医学院,医学影像学,"['医学', '影像学']",96
滨州医学院,口腔医学,['口腔医学'],76
滨州医学院,信息管理与信息系统,"['信息管理', '与', '信息系统']",142
滨州医学院,康复物理治疗,"['康复', '物理', '治疗']",40
滨州医学院,公共事业管理,"['公共事业', '管理']",140
滨州医学院,生物技术,"['生物', '技术']",74
滨州医学院,医学影像技术,"['医学影像', '技术']",46
滨州医学院,麻醉学,['麻醉学'],83
滨州医学院,生物制药,['生物制药'],62
滨州医学院,中药学,['中药学'],72
滨州医学院,临床医学,['临床医学'],408
滨州医学院,中医康复学,"['中医', '康复', '学']",40
滨州医学院,统计学,['统计学'],22
滨州医学院,假肢矫形工程,"['假肢', '矫形', '工程']",14
滨州医学院,预防医学,"['预防', '医学']",79
滨州医学院,应用心理学,"['应用', '心理学']",98
滨州医学院,特殊教育,['特殊教育'],29
滨州医学院,智能医学工程,"['智能', '医学工程']",30
滨州医学院,眼视光学,"['眼视', '光学']",22
滨州医学院,康复治疗学(中外合作办学),"['康复', '治疗学', '(', '中外合作', '办学', ')']",80
山东中医药大学,中医学(5+3一体化),"['中医学', '(', '5', '+', '3', '一体化', ')']",120
山东中医药大学,智能医学工程,"['智能', '医学工程']",55
山东中医药大学,针灸推拿学,"['针灸', '推拿学']",167
山东中医药大学,劳动与社会保障,"['劳动', '与', '社会保障']",42
山东中医药大学,听力与言语康复学,"['听力', '与', '言语', '康复', '学']",40
山东中医药大学,药学,['药学'],85
山东中医药大学,中医骨伤科学,"['中医', '骨伤', '科学']",22
山东中医药大学,法学,['法学'],49
山东中医药大学,中西医临床医学,"['中西医', '临床医学']",139
山东中医药大学,护理学,['护理学'],214
山东中医药大学,中医养生学,"['中医', '养生学']",85
山东中医药大学,中医康复学,"['中医', '康复', '学']",55
山东中医药大学,制药工程,"['制药', '工程']",127
山东中医药大学,应用心理学,"['应用', '心理学']",82
山东中医药大学,中药学,['中药学'],77
山东中医药大学,公共事业管理,"['公共事业', '管理']",38
山东中医药大学,健康服务与管理,"['健康', '服务', '与', '管理']",39
山东中医药大学,中医学(5+3一体化，针推方向),"['中医学', '(', '5', '+', '3', '一体化', '，', '针', '推', '方向', ')']",30
山东中医药大学,市场营销,['市场营销'],54
山东中医药大学,中草药栽培与鉴定,"['中草药', '栽培', '与', '鉴定']",23
山东中医药大学,药物制剂,['药物制剂'],50
山东中医药大学,中药资源与开发,"['中药', '资源', '与', '开发']",21
山东中医药大学,信息管理与信息系统,"['信息管理', '与', '信息系统']",31
山东中医药大学,英语,['英语'],110
山东中医药大学,运动康复,"['运动', '康复']",50
山东中医药大学,康复作业治疗,"['康复', '作业', '治疗']",40
山东中医药大学,食品卫生与营养学,"['食品卫生', '与', '营养学']",60
山东中医药大学,眼视光学,"['眼视', '光学']",50
山东中医药大学,临床医学,['临床医学'],95
山东中医药大学,眼视光医学,"['眼视光', '医学']",71
山东中医药大学,生物医学工程,"['生物医学', '工程']",100
山东中医药大学,中医学,['中医学'],124
山东中医药大学,康复物理治疗,"['康复', '物理', '治疗']",45
山东中医药大学,中医学(5+3一体化，儿科方向),"['中医学', '(', '5', '+', '3', '一体化', '，', '儿科', '方向', ')']",30
山东中医药大学,康复治疗学,"['康复', '治疗学']",38
山东中医药大学,眼视光学(中外合作办学),"['眼视', '光学', '(', '中外合作', '办学', ')']",67
山东中医药大学,药学(地方专项计划),"['药学', '(', '地方', '专项', '计划', ')']",5
山东中医药大学,中医学(地方专项计划),"['中医学', '(', '地方', '专项', '计划', ')']",10
山东中医药大学,市场营销(地方专项计划),"['市场营销', '(', '地方', '专项', '计划', ')']",5
山东中医药大学,制药工程(地方专项计划),"['制药', '工程', '(', '地方', '专项', '计划', ')']",10
山东中医药大学,信息管理与信息系统(地方专项计划),"['信息管理', '与', '信息系统', '(', '地方', '专项', '计划', ')']",10
山东中医药大学,眼视光医学(地方专项计划),"['眼视光', '医学', '(', '地方', '专项', '计划', ')']",5
山东中医药大学,中药学(地方专项计划),"['中药学', '(', '地方', '专项', '计划', ')']",10
山东中医药大学,公共事业管理(地方专项计划),"['公共事业', '管理', '(', '地方', '专项', '计划', ')']",5
山东中医药大学,康复治疗学(地方专项计划),"['康复', '治疗学', '(', '地方', '专项', '计划', ')']",10
山东中医药大学,生物医学工程(地方专项计划),"['生物医学', '工程', '(', '地方', '专项', '计划', ')']",10
山东中医药大学,健康服务与管理(地方专项计划),"['健康', '服务', '与', '管理', '(', '地方', '专项', '计划', ')']",5
山东中医药大学,劳动与社会保障(地方专项计划),"['劳动', '与', '社会保障', '(', '地方', '专项', '计划', ')']",5
山东中医药大学,应用心理学(地方专项计划),"['应用', '心理学', '(', '地方', '专项', '计划', ')']",5
山东中医药大学,中西医临床医学(地方专项计划),"['中西医', '临床医学', '(', '地方', '专项', '计划', ')']",10
山东中医药大学,护理学(地方专项计划),"['护理学', '(', '地方', '专项', '计划', ')']",15
山东中医药大学,中医养生学(地方专项计划),"['中医', '养生学', '(', '地方', '专项', '计划', ')']",10
山东中医药大学,临床医学(地方专项计划),"['临床医学', '(', '地方', '专项', '计划', ')']",5
山东中医药大学,中草药栽培与鉴定(地方专项计划),"['中草药', '栽培', '与', '鉴定', '(', '地方', '专项', '计划', ')']",10
山东中医药大学,针灸推拿学(地方专项计划),"['针灸', '推拿学', '(', '地方', '专项', '计划', ')']",10
山东中医药大学,中药资源与开发(地方专项计划),"['中药', '资源', '与', '开发', '(', '地方', '专项', '计划', ')']",10
山东中医药大学,运动康复(地方专项计划),"['运动', '康复', '(', '地方', '专项', '计划', ')']",5
山东中医药大学,计算机科学与技术(校企合作，与山东浪潮优派科技教育合作),"['计算机科学', '与', '技术', '(', '校企', '合作', '，', '与', '山东', '浪潮', '优派', '科技', '教育', '合作', ')']",110
山东中医药大学,数据科学与大数据技术(校企合作，与山东浪潮优派科技教育合作),"['数据', '科学', '与', '大', '数据', '技术', '(', '校企', '合作', '，', '与', '山东', '浪潮', '优派', '科技', '教育', '合作', ')']",110
济宁医学院,信息管理与信息系统,"['信息管理', '与', '信息系统']",43
济宁医学院,医学影像学,"['医学', '影像学']",72
济宁医学院,制药工程,"['制药', '工程']",40
济宁医学院,法医学,['法医学'],25
济宁医学院,生物医学工程,"['生物医学', '工程']",44
济宁医学院,预防医学,"['预防', '医学']",52
济宁医学院,针灸推拿学,"['针灸', '推拿学']",72
济宁医学院,市场营销,['市场营销'],37
济宁医学院,护理学,['护理学'],181
济宁医学院,临床药学,"['临床', '药学']",40
济宁医学院,公共事业管理,"['公共事业', '管理']",47
济宁医学院,医学检验技术,"['医学', '检验', '技术']",103
济宁医学院,生物信息学,"['生物', '信息学']",30
济宁医学院,食品质量与安全,"['食品质量', '与', '安全']",11
济宁医学院,中药学,['中药学'],23
济宁医学院,应用心理学,"['应用', '心理学']",29
济宁医学院,药学,['药学'],62
济宁医学院,生物工程,['生物工程'],43
济宁医学院,临床医学,['临床医学'],440
济宁医学院,卫生检验与检疫,"['卫生', '检验', '与', '检疫']",26
济宁医学院,英语,['英语'],58
济宁医学院,生物技术,"['生物', '技术']",35
济宁医学院,药物制剂,['药物制剂'],71
济宁医学院,康复治疗学,"['康复', '治疗学']",83
济宁医学院,医学信息工程,"['医学', '信息工程']",44
济宁医学院,生物制药,['生物制药'],41
济宁医学院,中西医临床医学,"['中西医', '临床医学']",45
济宁医学院,计算机科学与技术,"['计算机科学', '与', '技术']",46
济宁医学院,儿科学,['儿科学'],45
济宁医学院,精神医学,"['精神', '医学']",54
济宁医学院,口腔医学,['口腔医学'],60
济宁医学院,助产学,"['助产', '学']",33
济宁医学院,康复工程,"['康复', '工程']",40
济宁医学院,英语(校企合作，与青岛英谷教育科技股份有限公司合作),"['英语', '(', '校企', '合作', '，', '与', '青岛', '英谷', '教育', '科技股份', '有限公司', '合作', ')']",40
济宁医学院,市场营销(校企合作，与山东开创集团股份有限公司合作),"['市场营销', '(', '校企', '合作', '，', '与', '山东', '开创', '集团股份', '有限公司', '合作', ')']",40
济宁医学院,计算机科学与技术(校企合作，与青岛英谷教育科技股份有限公司合作),"['计算机科学', '与', '技术', '(', '校企', '合作', '，', '与', '青岛', '英谷', '教育', '科技股份', '有限公司', '合作', ')']",80
济宁医学院,护理学(校企合作，与水发民生产业投资集团有限公司合作),"['护理学', '(', '校企', '合作', '，', '与', '水发', '民生', '产业', '投资', '集团', '有限公司', '合作', ')']",50
济宁医学院,药学(校企合作，与泰智育仁北京医药科技发展有限公司合作),"['药学', '(', '校企', '合作', '，', '与', '泰', '智育', '仁', '北京', '医药', '科技', '发展', '有限公司', '合作', ')']",40
济宁医学院,计算机科学与技术(校企合作，与淄博开创盛世网络有限公司合作),"['计算机科学', '与', '技术', '(', '校企', '合作', '，', '与', '淄博', '开创', '盛世', '网络', '有限公司', '合作', ')']",40
山东师范大学,法学,['法学'],120
山东师范大学,数学与应用数学(师范类),"['数学', '与', '应用', '数学', '(', '师范类', ')']",175
山东师范大学,历史学(师范类),"['历史学', '(', '师范类', ')']",150
山东师范大学,新闻传播学类,"['新闻', '传播学', '类']",75
山东师范大学,中国语言文学类,"['中国', '语言', '文学类']",245
山东师范大学,思想政治教育(师范类),"['思想', '政治', '教育', '(', '师范类', ')']",110
山东师范大学,物理学(师范类),"['物理学', '(', '师范类', ')']",120
山东师范大学,环境科学,"['环境', '科学']",8
山东师范大学,哲学,['哲学'],18
山东师范大学,汉语国际教育(师范类),"['汉语', '国际', '教育', '(', '师范类', ')']",60
山东师范大学,信息管理与信息系统,"['信息管理', '与', '信息系统']",5
山东师范大学,外国语言文学类,"['外国', '语言', '文学类']",280
山东师范大学,小学教育(师范类),"['小学', '教育', '(', '师范类', ')']",36
山东师范大学,心理学类,"['心理学', '类']",50
山东师范大学,生物科学类,"['生物科学', '类']",140
山东师范大学,计算机类,"['计算机', '类']",125
山东师范大学,人工智能,['人工智能'],10
山东师范大学,公共管理类,"['公共', '管理', '类']",25
山东师范大学,统计学,['统计学'],12
山东师范大学,数据科学与大数据技术,"['数据', '科学', '与', '大', '数据', '技术']",16
山东师范大学,地理科学类,"['地理', '科学', '类']",140
山东师范大学,金融学类,"['金融学', '类']",60
山东师范大学,中国共产党历史,"['中国共产党', '历史']",4
山东师范大学,食品科学与工程,"['食品科学', '与', '工程']",8
山东师范大学,教育技术学(师范类),"['教育', '技术', '学', '(', '师范类', ')']",10
山东师范大学,工商管理类,"['工商管理', '类']",30
山东师范大学,化学工程与工艺,"['化学工程', '与', '工艺']",12
山东师范大学,电子信息类,"['电子信息', '类']",25
山东师范大学,化学(师范类),"['化学', '(', '师范类', ')']",205
山东师范大学,教育学(师范类),"['教育学', '(', '师范类', ')']",33
山东师范大学,通信工程,['通信工程'],12
山东师范大学,物流管理(中外合作办学),"['物流', '管理', '(', '中外合作', '办学', ')']",65
山东师范大学,财务管理(中外合作办学),"['财务管理', '(', '中外合作', '办学', ')']",90
山东师范大学,学前教育(师范类，地方专项计划),"['学前教育', '(', '师范类', '，', '地方', '专项', '计划', ')']",8
山东师范大学,工商管理类(地方专项计划),"['工商管理', '类', '(', '地方', '专项', '计划', ')']",10
山东师范大学,思想政治教育(师范类，地方专项计划),"['思想', '政治', '教育', '(', '师范类', '，', '地方', '专项', '计划', ')']",6
山东师范大学,信息管理与信息系统(地方专项计划),"['信息管理', '与', '信息系统', '(', '地方', '专项', '计划', ')']",6
山东师范大学,法学(地方专项计划),"['法学', '(', '地方', '专项', '计划', ')']",8
山东师范大学,环境科学(地方专项计划),"['环境', '科学', '(', '地方', '专项', '计划', ')']",6
山东师范大学,中国共产党历史(地方专项计划),"['中国共产党', '历史', '(', '地方', '专项', '计划', ')']",6
山东师范大学,心理学类(地方专项计划),"['心理学', '类', '(', '地方', '专项', '计划', ')']",8
山东师范大学,教育技术学(师范类，地方专项计划),"['教育', '技术', '学', '(', '师范类', '，', '地方', '专项', '计划', ')']",3
山东师范大学,新闻传播学类(地方专项计划),"['新闻', '传播学', '类', '(', '地方', '专项', '计划', ')']",5
山东师范大学,化学(师范类，地方专项计划),"['化学', '(', '师范类', '，', '地方', '专项', '计划', ')']",2
山东师范大学,哲学(地方专项计划),"['哲学', '(', '地方', '专项', '计划', ')']",4
山东师范大学,计算机类(地方专项计划),"['计算机', '类', '(', '地方', '专项', '计划', ')']",8
山东师范大学,公共管理类(地方专项计划),"['公共', '管理', '类', '(', '地方', '专项', '计划', ')']",12
山东师范大学,中国语言文学类(地方专项计划),"['中国', '语言', '文学类', '(', '地方', '专项', '计划', ')']",7
山东师范大学,数学与应用数学(师范类，地方专项计划),"['数学', '与', '应用', '数学', '(', '师范类', '，', '地方', '专项', '计划', ')']",2
山东师范大学,汉语国际教育(师范类，地方专项计划),"['汉语', '国际', '教育', '(', '师范类', '，', '地方', '专项', '计划', ')']",5
山东师范大学,通信工程(地方专项计划),"['通信工程', '(', '地方', '专项', '计划', ')']",8
山东师范大学,国际经济与贸易(地方专项计划),"['国际', '经济', '与', '贸易', '(', '地方', '专项', '计划', ')']",3
山东师范大学,电子信息类(地方专项计划),"['电子信息', '类', '(', '地方', '专项', '计划', ')']",12
山东师范大学,金融学(地方专项计划),"['金融学', '(', '地方', '专项', '计划', ')']",8
山东师范大学,人工智能(地方专项计划),"['人工智能', '(', '地方', '专项', '计划', ')']",6
山东师范大学,数据科学与大数据技术(地方专项计划),"['数据', '科学', '与', '大', '数据', '技术', '(', '地方', '专项', '计划', ')']",6
山东师范大学,地理科学类(地方专项计划),"['地理', '科学', '类', '(', '地方', '专项', '计划', ')']",15
山东师范大学,历史学(师范类，地方专项计划),"['历史学', '(', '师范类', '，', '地方', '专项', '计划', ')']",6
山东师范大学,化学工程与工艺(地方专项计划),"['化学工程', '与', '工艺', '(', '地方', '专项', '计划', ')']",7
山东师范大学,物理学(师范类，地方专项计划),"['物理学', '(', '师范类', '，', '地方', '专项', '计划', ')']",6
山东师范大学,生物科学类(地方专项计划),"['生物科学', '类', '(', '地方', '专项', '计划', ')']",8
山东师范大学,食品科学与工程(地方专项计划),"['食品科学', '与', '工程', '(', '地方', '专项', '计划', ')']",3
山东师范大学,统计学(地方专项计划),"['统计学', '(', '地方', '专项', '计划', ')']",6
曲阜师范大学,物理学(师范类),"['物理学', '(', '师范类', ')']",248
曲阜师范大学,化学工程与工艺,"['化学工程', '与', '工艺']",41
曲阜师范大学,地理科学(师范类),"['地理', '科学', '(', '师范类', ')']",177
曲阜师范大学,信息与计算科学,"['信息', '与', '计算', '科学']",17
曲阜师范大学,汉语言文学(师范类),"['汉语言', '文学', '(', '师范类', ')']",218
曲阜师范大学,哲学,['哲学'],48
曲阜师范大学,数据科学与大数据技术,"['数据', '科学', '与', '大', '数据', '技术']",54
曲阜师范大学,旅游管理,"['旅游', '管理']",30
曲阜师范大学,生物工程,['生物工程'],29
曲阜师范大学,统计学,['统计学'],98
曲阜师范大学,光电信息科学与工程,"['光电', '信息科学', '与', '工程']",24
曲阜师范大学,通信工程,['通信工程'],20
曲阜师范大学,应用统计学,"['应用', '统计学']",34
曲阜师范大学,政治学与行政学,"['政治学', '与', '行政', '学']",65
曲阜师范大学,自动化,['自动化'],64
曲阜师范大学,教育学(师范类),"['教育学', '(', '师范类', ')']",65
曲阜师范大学,数学与应用数学(师范类),"['数学', '与', '应用', '数学', '(', '师范类', ')']",270
曲阜师范大学,土地资源管理,"['土地', '资源管理']",22
曲阜师范大学,文化产业管理,"['文化产业', '管理']",26
曲阜师范大学,翻译,['翻译'],73
曲阜师范大学,新能源材料与器件,"['新能源', '材料', '与', '器件']",9
曲阜师范大学,思想政治教育(师范类),"['思想', '政治', '教育', '(', '师范类', ')']",142
曲阜师范大学,电子信息工程,"['电子', '信息工程']",29
曲阜师范大学,生态学,['生态学'],36
曲阜师范大学,英语(师范类),"['英语', '(', '师范类', ')']",141
曲阜师范大学,人工智能,['人工智能'],52
曲阜师范大学,物流管理,"['物流', '管理']",22
曲阜师范大学,国际经济与贸易,"['国际', '经济', '与', '贸易']",64
曲阜师范大学,网络工程,['网络工程'],29
曲阜师范大学,金融工程,"['金融', '工程']",62
曲阜师范大学,生物科学(师范类),"['生物科学', '(', '师范类', ')']",241
曲阜师范大学,日语(师范类),"['日语', '(', '师范类', ')']",77
曲阜师范大学,制药工程,"['制药', '工程']",18
曲阜师范大学,文物与博物馆学,"['文物', '与', '博物馆学']",32
曲阜师范大学,法语,['法语'],28
曲阜师范大学,历史学(师范类),"['历史学', '(', '师范类', ')']",222
曲阜师范大学,广播电视学,"['广播电视', '学']",48
曲阜师范大学,经济学,['经济学'],112
曲阜师范大学,新闻学,['新闻学'],84
曲阜师范大学,商务英语,['商务英语'],89
曲阜师范大学,计算机科学与技术(师范类),"['计算机科学', '与', '技术', '(', '师范类', ')']",103
曲阜师范大学,材料化学,"['材料', '化学']",30
曲阜师范大学,网络空间安全,"['网络空间', '安全']",41
曲阜师范大学,心理学(师范类),"['心理学', '(', '师范类', ')']",85
曲阜师范大学,汉语国际教育(师范类),"['汉语', '国际', '教育', '(', '师范类', ')']",46
曲阜师范大学,法学,['法学'],90
曲阜师范大学,学前教育(师范类),"['学前教育', '(', '师范类', ')']",60
曲阜师范大学,工商管理,['工商管理'],73
曲阜师范大学,小学教育(师范类),"['小学', '教育', '(', '师范类', ')']",106
曲阜师范大学,财务管理,['财务管理'],99
曲阜师范大学,俄语,['俄语'],27
曲阜师范大学,化学(师范类),"['化学', '(', '师范类', ')']",242
曲阜师范大学,电气工程及其自动化,"['电气工程', '及其', '自动化']",33
曲阜师范大学,物联网工程,"['物', '联网', '工程']",15
曲阜师范大学,教育技术学(师范类),"['教育', '技术', '学', '(', '师范类', ')']",82
曲阜师范大学,土地资源管理(地方专项计划),"['土地', '资源管理', '(', '地方', '专项', '计划', ')']",10
曲阜师范大学,教育学(师范类，地方专项计划),"['教育学', '(', '师范类', '，', '地方', '专项', '计划', ')']",10
曲阜师范大学,制药工程(地方专项计划),"['制药', '工程', '(', '地方', '专项', '计划', ')']",10
曲阜师范大学,汉语言文学(师范类，地方专项计划),"['汉语言', '文学', '(', '师范类', '，', '地方', '专项', '计划', ')']",10
曲阜师范大学,通信工程(地方专项计划),"['通信工程', '(', '地方', '专项', '计划', ')']",10
曲阜师范大学,历史学(师范类，地方专项计划),"['历史学', '(', '师范类', '，', '地方', '专项', '计划', ')']",10
曲阜师范大学,网络工程(地方专项计划),"['网络工程', '(', '地方', '专项', '计划', ')']",10
曲阜师范大学,旅游管理(地方专项计划),"['旅游', '管理', '(', '地方', '专项', '计划', ')']",10
曲阜师范大学,生物工程(地方专项计划),"['生物工程', '(', '地方', '专项', '计划', ')']",10
曲阜师范大学,计算机科学与技术(师范类，地方专项计划),"['计算机科学', '与', '技术', '(', '师范类', '，', '地方', '专项', '计划', ')']",10
曲阜师范大学,政治学与行政学(地方专项计划),"['政治学', '与', '行政', '学', '(', '地方', '专项', '计划', ')']",10
曲阜师范大学,信息与计算科学(地方专项计划),"['信息', '与', '计算', '科学', '(', '地方', '专项', '计划', ')']",10
曲阜师范大学,物联网工程(地方专项计划),"['物', '联网', '工程', '(', '地方', '专项', '计划', ')']",10
曲阜师范大学,物流管理(地方专项计划),"['物流', '管理', '(', '地方', '专项', '计划', ')']",10
曲阜师范大学,心理学(师范类，地方专项计划),"['心理学', '(', '师范类', '，', '地方', '专项', '计划', ')']",10
曲阜师范大学,新能源材料与器件(地方专项计划),"['新能源', '材料', '与', '器件', '(', '地方', '专项', '计划', ')']",10
曲阜师范大学,教育技术学(师范类，地方专项计划),"['教育', '技术', '学', '(', '师范类', '，', '地方', '专项', '计划', ')']",10
曲阜师范大学,电气工程及其自动化(地方专项计划),"['电气工程', '及其', '自动化', '(', '地方', '专项', '计划', ')']",10
曲阜师范大学,电气工程及其自动化(校企合作，与歌尔股份有限公司合作),"['电气工程', '及其', '自动化', '(', '校企', '合作', '，', '与', '歌尔', '股份', '有限公司', '合作', ')']",100
曲阜师范大学,自动化(校企合作，与歌尔股份有限公司合作),"['自动化', '(', '校企', '合作', '，', '与', '歌尔', '股份', '有限公司', '合作', ')']",100
曲阜师范大学,软件工程(校企合作，与北京优炫软件股份有限公司合作),"['软件工程', '(', '校企', '合作', '，', '与', '北京', '优炫', '软件', '股份', '有限公司', '合作', ')']",190
聊城大学,机械设计制造及其自动化,"['机械设计', '制造', '及其', '自动化']",68
聊城大学,广播电视学,"['广播电视', '学']",71
聊城大学,食品科学与工程,"['食品科学', '与', '工程']",75
聊城大学,新能源材料与器件,"['新能源', '材料', '与', '器件']",60
聊城大学,地理科学(师范类),"['地理', '科学', '(', '师范类', ')']",78
聊城大学,经济学,['经济学'],94
聊城大学,高分子材料与工程,"['高分子', '材料', '与', '工程']",52
聊城大学,西班牙语,['西班牙语'],30
聊城大学,环境科学,"['环境', '科学']",80
聊城大学,园林,['园林'],56
聊城大学,植物保护,['植物保护'],40
聊城大学,外国语言与外国历史,"['外国', '语言', '与', '外国', '历史']",40
聊城大学,物理学(师范类),"['物理学', '(', '师范类', ')']",119
聊城大学,数学与应用数学(师范类),"['数学', '与', '应用', '数学', '(', '师范类', ')']",147
聊城大学,人力资源管理,"['人力', '资源管理']",67
聊城大学,应用心理学,"['应用', '心理学']",25
聊城大学,园艺,['园艺'],30
聊城大学,光电信息科学与工程,"['光电', '信息科学', '与', '工程']",35
聊城大学,应用化学,['应用化学'],62
聊城大学,质量管理工程,"['质量', '管理', '工程']",21
聊城大学,教育技术学(师范类),"['教育', '技术', '学', '(', '师范类', ')']",50
聊城大学,英语(师范类),"['英语', '(', '师范类', ')']",128
聊城大学,建筑学,['建筑学'],33
聊城大学,制药工程,"['制药', '工程']",30
聊城大学,会计学,['会计学'],104
聊城大学,动物医学,"['动物', '医学']",65
聊城大学,生物制药,['生物制药'],138
聊城大学,软件工程,['软件工程'],68
聊城大学,工商管理,['工商管理'],59
聊城大学,通信工程,['通信工程'],108
聊城大学,汉语言文学(师范类),"['汉语言', '文学', '(', '师范类', ')']",243
聊城大学,法学,['法学'],109
聊城大学,车辆工程,"['车辆', '工程']",94
聊城大学,智慧农业,"['智慧', '农业']",19
聊城大学,土木工程,['土木工程'],121
聊城大学,计算机科学与技术,"['计算机科学', '与', '技术']",65
聊城大学,机械电子工程,"['机械', '电子', '工程']",70
聊城大学,标准化工程,"['标准化', '工程']",30
聊城大学,知识产权,['知识产权'],80
聊城大学,生物工程,['生物工程'],83
聊城大学,生物科学(师范类),"['生物科学', '(', '师范类', ')']",167
聊城大学,小学教育(师范类),"['小学', '教育', '(', '师范类', ')']",77
聊城大学,化学(师范类),"['化学', '(', '师范类', ')']",141
聊城大学,教育学(师范类),"['教育学', '(', '师范类', ')']",43
聊城大学,旅游管理,"['旅游', '管理']",59
聊城大学,日语,['日语'],27
聊城大学,历史学(师范类),"['历史学', '(', '师范类', ')']",135
聊城大学,护理学,['护理学'],75
聊城大学,汉语国际教育,"['汉语', '国际', '教育']",40
聊城大学,政治学、经济学与哲学,"['政治学', '、', '经济学', '与', '哲学']",66
聊城大学,药学,['药学'],75
聊城大学,金融工程,"['金融', '工程']",40
聊城大学,化学工程与工艺,"['化学工程', '与', '工艺']",115
聊城大学,行政管理,"['行政', '管理']",61
聊城大学,地理信息科学,"['地理信息', '科学']",96
聊城大学,哲学,['哲学'],35
聊城大学,动物科学,"['动物', '科学']",67
聊城大学,材料科学与工程,"['材料科学', '与', '工程']",49
聊城大学,电子信息工程,"['电子', '信息工程']",63
聊城大学,思想政治教育(师范类),"['思想', '政治', '教育', '(', '师范类', ')']",115
聊城大学,金属材料工程,"['金属材料', '工程']",38
聊城大学,口腔医学技术,"['口腔医学', '技术']",69
聊城大学,政治学、经济学与哲学(地方专项计划),"['政治学', '、', '经济学', '与', '哲学', '(', '地方', '专项', '计划', ')']",5
聊城大学,生物工程(地方专项计划),"['生物工程', '(', '地方', '专项', '计划', ')']",10
聊城大学,制药工程(地方专项计划),"['制药', '工程', '(', '地方', '专项', '计划', ')']",5
聊城大学,材料科学与工程(地方专项计划),"['材料科学', '与', '工程', '(', '地方', '专项', '计划', ')']",10
聊城大学,药学(地方专项计划),"['药学', '(', '地方', '专项', '计划', ')']",5
聊城大学,土木工程(地方专项计划),"['土木工程', '(', '地方', '专项', '计划', ')']",10
聊城大学,会计学(地方专项计划),"['会计学', '(', '地方', '专项', '计划', ')']",5
聊城大学,新能源材料与器件(地方专项计划),"['新能源', '材料', '与', '器件', '(', '地方', '专项', '计划', ')']",10
聊城大学,金属材料工程(地方专项计划),"['金属材料', '工程', '(', '地方', '专项', '计划', ')']",20
聊城大学,园林(地方专项计划),"['园林', '(', '地方', '专项', '计划', ')']",10
聊城大学,动物科学(地方专项计划),"['动物', '科学', '(', '地方', '专项', '计划', ')']",10
聊城大学,建筑学(地方专项计划),"['建筑学', '(', '地方', '专项', '计划', ')']",5
聊城大学,法学(地方专项计划),"['法学', '(', '地方', '专项', '计划', ')']",5
聊城大学,生物制药(地方专项计划),"['生物制药', '(', '地方', '专项', '计划', ')']",10
聊城大学,智慧农业(地方专项计划),"['智慧', '农业', '(', '地方', '专项', '计划', ')']",10
聊城大学,哲学(地方专项计划),"['哲学', '(', '地方', '专项', '计划', ')']",5
聊城大学,口腔医学技术(地方专项计划),"['口腔医学', '技术', '(', '地方', '专项', '计划', ')']",5
聊城大学,质量管理工程(地方专项计划),"['质量', '管理', '工程', '(', '地方', '专项', '计划', ')']",5
聊城大学,动物医学(地方专项计划),"['动物', '医学', '(', '地方', '专项', '计划', ')']",10
聊城大学,园艺(地方专项计划),"['园艺', '(', '地方', '专项', '计划', ')']",10
聊城大学,地理信息科学(地方专项计划),"['地理信息', '科学', '(', '地方', '专项', '计划', ')']",5
聊城大学,高分子材料与工程(地方专项计划),"['高分子', '材料', '与', '工程', '(', '地方', '专项', '计划', ')']",10
聊城大学,软件工程(校企合作，与青软实训教育科技公司合作),"['软件工程', '(', '校企', '合作', '，', '与', '青软', '实训', '教育', '科技', '公司', '合作', ')']",80
聊城大学,机械电子工程(校企合作，与青岛英谷教育科技公司合作),"['机械', '电子', '工程', '(', '校企', '合作', '，', '与', '青岛', '英谷', '教育', '科技', '公司', '合作', ')']",20
聊城大学,机械设计制造及其自动化(校企合作，与青岛英谷教育科技公司合作),"['机械设计', '制造', '及其', '自动化', '(', '校企', '合作', '，', '与', '青岛', '英谷', '教育', '科技', '公司', '合作', ')']",20
聊城大学,数据科学与大数据技术(校企合作，与浪潮集团有限公司合作),"['数据', '科学', '与', '大', '数据', '技术', '(', '校企', '合作', '，', '与', '浪潮集团', '有限公司', '合作', ')']",80
聊城大学,人工智能(校企合作，与浪潮集团有限公司合作),"['人工智能', '(', '校企', '合作', '，', '与', '浪潮集团', '有限公司', '合作', ')']",80
聊城大学,电子信息工程(校企合作，与青软实训教育科技公司合作),"['电子', '信息工程', '(', '校企', '合作', '，', '与', '青软', '实训', '教育', '科技', '公司', '合作', ')']",160
聊城大学,日语(校企合作，与青软实训教育科技公司合作),"['日语', '(', '校企', '合作', '，', '与', '青软', '实训', '教育', '科技', '公司', '合作', ')']",40
聊城大学,网络工程(校企合作，与浪潮集团有限公司合作),"['网络工程', '(', '校企', '合作', '，', '与', '浪潮集团', '有限公司', '合作', ')']",80
聊城大学,金融工程(校企合作，与青岛英谷教育科技公司合作),"['金融', '工程', '(', '校企', '合作', '，', '与', '青岛', '英谷', '教育', '科技', '公司', '合作', ')']",40
德州学院,风景园林,['风景园林'],5
德州学院,工商管理,['工商管理'],40
德州学院,商务英语,['商务英语'],80
德州学院,车辆工程,"['车辆', '工程']",40
德州学院,生物制药,['生物制药'],40
德州学院,小学教育(师范类),"['小学', '教育', '(', '师范类', ')']",18
德州学院,学前教育(师范类),"['学前教育', '(', '师范类', ')']",29
德州学院,汉语言文学(师范类),"['汉语言', '文学', '(', '师范类', ')']",140
德州学院,国际经济与贸易,"['国际', '经济', '与', '贸易']",40
德州学院,护理学,['护理学'],85
德州学院,生物科学(师范类),"['生物科学', '(', '师范类', ')']",70
德州学院,机械设计制造及其自动化,"['机械设计', '制造', '及其', '自动化']",80
德州学院,英语(师范类),"['英语', '(', '师范类', ')']",84
德州学院,网络工程,['网络工程'],40
德州学院,物理学(师范类),"['物理学', '(', '师范类', ')']",100
德州学院,地理科学(师范类),"['地理', '科学', '(', '师范类', ')']",110
德州学院,行政管理,"['行政', '管理']",25
德州学院,能源与动力工程,"['能源', '与', '动力工程']",20
德州学院,服装设计与工程,"['服装设计', '与', '工程']",45
德州学院,法学,['法学'],90
德州学院,化学(师范类),"['化学', '(', '师范类', ')']",80
德州学院,环境工程,['环境工程'],65
德州学院,化学工程与工艺,"['化学工程', '与', '工艺']",36
德州学院,会计学,['会计学'],145
德州学院,新闻学,['新闻学'],5
德州学院,俄语,['俄语'],28
德州学院,人工智能,['人工智能'],40
德州学院,市场营销(数字营销),"['市场营销', '(', '数字', '营销', ')']",40
德州学院,食品质量与安全,"['食品质量', '与', '安全']",35
德州学院,思想政治教育(师范类),"['思想', '政治', '教育', '(', '师范类', ')']",69
德州学院,电子信息工程,"['电子', '信息工程']",82
德州学院,电气工程及其自动化,"['电气工程', '及其', '自动化']",75
德州学院,智能制造工程,"['智能', '制造', '工程']",40
德州学院,人文地理与城乡规划,"['人文地理', '与', '城乡规划']",13
德州学院,国际经济与贸易(数字贸易),"['国际', '经济', '与', '贸易', '(', '数字', '贸易', ')']",40
德州学院,制药工程,"['制药', '工程']",15
德州学院,物联网工程,"['物', '联网', '工程']",69
德州学院,数学与应用数学(师范类),"['数学', '与', '应用', '数学', '(', '师范类', ')']",105
德州学院,化学(中外合作办学),"['化学', '(', '中外合作', '办学', ')']",100
德州学院,能源与动力工程(中外合作办学),"['能源', '与', '动力工程', '(', '中外合作', '办学', ')']",120
德州学院,生物技术(中外合作办学),"['生物', '技术', '(', '中外合作', '办学', ')']",80
德州学院,食品质量与安全(中外合作办学),"['食品质量', '与', '安全', '(', '中外合作', '办学', ')']",80
德州学院,生物科学(中外合作办学),"['生物科学', '(', '中外合作', '办学', ')']",40
德州学院,计算机科学与技术(校企合作，与浪潮集团有限公司合作),"['计算机科学', '与', '技术', '(', '校企', '合作', '，', '与', '浪潮集团', '有限公司', '合作', ')']",70
德州学院,软件工程(校企合作，与青软实训教育科技股份公司合作),"['软件工程', '(', '校企', '合作', '，', '与', '青软', '实训', '教育', '科技', '股份公司', '合作', ')']",180
德州学院,物联网工程(校企合作，与山东中兴教育咨询有限公司合作),"['物', '联网', '工程', '(', '校企', '合作', '，', '与', '山东', '中兴', '教育', '咨询', '有限公司', '合作', ')']",100
德州学院,数据科学与大数据技术(校企合作，与青软实训教育科技股份公司合作),"['数据', '科学', '与', '大', '数据', '技术', '(', '校企', '合作', '，', '与', '青软', '实训', '教育', '科技', '股份公司', '合作', ')']",180
滨州学院,交通工程,"['交通', '工程']",56
滨州学院,数学与应用数学(师范类),"['数学', '与', '应用', '数学', '(', '师范类', ')']",65
滨州学院,人工智能,['人工智能'],25
滨州学院,交通运输(民航机务工程方向，男生),"['交通运输', '(', '民航', '机务', '工程', '方向', '，', '男生', ')']",120
滨州学院,历史学(师范类),"['历史学', '(', '师范类', ')']",42
滨州学院,数据科学与大数据技术,"['数据', '科学', '与', '大', '数据', '技术']",21
滨州学院,经济统计学,"['经济', '统计学']",32
滨州学院,建筑学,['建筑学'],27
滨州学院,飞行器适航技术(男生),"['飞行器', '适航', '技术', '(', '男生', ')']",20
滨州学院,飞行器设计与工程,"['飞行器', '设计', '与', '工程']",40
滨州学院,物流工程(航空物流方向),"['物流', '工程', '(', '航空', '物流', '方向', ')']",40
滨州学院,税收学,"['税收', '学']",17
滨州学院,航空航天工程,"['航空航天', '工程']",31
滨州学院,自动化,['自动化'],52
滨州学院,汉语言文学(师范类),"['汉语言', '文学', '(', '师范类', ')']",32
滨州学院,环境工程,['环境工程'],77
滨州学院,化学工程与工艺,"['化学工程', '与', '工艺']",57
滨州学院,机械设计制造及其自动化,"['机械设计', '制造', '及其', '自动化']",63
滨州学院,商务英语,['商务英语'],30
滨州学院,飞行器制造工程,"['飞行器', '制造', '工程']",21
滨州学院,机器人工程,"['机器人', '工程']",27
滨州学院,小学教育(师范类),"['小学', '教育', '(', '师范类', ')']",38
滨州学院,城乡规划,['城乡规划'],20
滨州学院,生物制药,['生物制药'],33
滨州学院,生物科学类,"['生物科学', '类']",100
滨州学院,思想政治教育(师范类),"['思想', '政治', '教育', '(', '师范类', ')']",57
滨州学院,电子信息工程,"['电子', '信息工程']",30
滨州学院,无人驾驶航空器系统工程,"['无人驾驶', '航空器', '系统工程']",33
滨州学院,应用化学,['应用化学'],32
滨州学院,英语(师范类),"['英语', '(', '师范类', ')']",29
滨州学院,安全工程,['安全工程'],50
滨州学院,食品质量与安全,"['食品质量', '与', '安全']",35
滨州学院,物联网工程,"['物', '联网', '工程']",20
滨州学院,电气工程及其自动化,"['电气工程', '及其', '自动化']",42
滨州学院,高分子材料与工程,"['高分子', '材料', '与', '工程']",35
滨州学院,市场营销,['市场营销'],40
滨州学院,土木工程,['土木工程'],65
滨州学院,飞行器动力工程,"['飞行器', '动力工程']",27
滨州学院,光电信息科学与工程,"['光电', '信息科学', '与', '工程']",17
滨州学院,交通运输(空管与签派方向，男生),"['交通运输', '(', '空管', '与', '签派', '方向', '，', '男生', ')']",31
滨州学院,学前教育(师范类),"['学前教育', '(', '师范类', ')']",28
滨州学院,财务管理,['财务管理'],65
滨州学院,交通运输(中外合作办学),"['交通运输', '(', '中外合作', '办学', ')']",100
滨州学院,飞行器制造工程(中外合作办学),"['飞行器', '制造', '工程', '(', '中外合作', '办学', ')']",40
滨州学院,计算机科学与技术(校企合作，与青软实训教育科技有限公司合作),"['计算机科学', '与', '技术', '(', '校企', '合作', '，', '与', '青软', '实训', '教育', '科技', '有限公司', '合作', ')']",80
滨州学院,市场营销(校企合作，与中软创新国际信息研究院合作),"['市场营销', '(', '校企', '合作', '，', '与', '中软', '创新', '国际', '信息', '研究院', '合作', ')']",40
滨州学院,通信工程(校企合作，与山东中兴教育咨询有限公司合作),"['通信工程', '(', '校企', '合作', '，', '与', '山东', '中兴', '教育', '咨询', '有限公司', '合作', ')']",60
滨州学院,电子信息工程(校企合作，与山东华兴教育科技有限公司合作),"['电子', '信息工程', '(', '校企', '合作', '，', '与', '山东', '华兴', '教育', '科技', '有限公司', '合作', ')']",100
鲁东大学,水产养殖学,"['水产', '养殖', '学']",46
鲁东大学,土木工程,['土木工程'],255
鲁东大学,电气工程及其自动化,"['电气工程', '及其', '自动化']",68
鲁东大学,港口航道与海岸工程,"['港口', '航道', '与', '海岸', '工程']",54
鲁东大学,物流工程,"['物流', '工程']",66
鲁东大学,通信工程,['通信工程'],68
鲁东大学,统计学,['统计学'],63
鲁东大学,小学教育(师范类),"['小学', '教育', '(', '师范类', ')']",94
鲁东大学,材料类,"['材料', '类']",116
鲁东大学,汉语言,['汉语言'],61
鲁东大学,新能源材料与器件,"['新能源', '材料', '与', '器件']",62
鲁东大学,传播学,['传播学'],29
鲁东大学,广告学,['广告学'],36
鲁东大学,生物制药,['生物制药'],62
鲁东大学,法学,['法学'],119
鲁东大学,财务管理,['财务管理'],55
鲁东大学,地理信息科学,"['地理信息', '科学']",62
鲁东大学,光电信息科学与工程,"['光电', '信息科学', '与', '工程']",64
鲁东大学,计算机科学与技术,"['计算机科学', '与', '技术']",71
鲁东大学,思想政治教育(师范类),"['思想', '政治', '教育', '(', '师范类', ')']",131
鲁东大学,地理科学(师范类),"['地理', '科学', '(', '师范类', ')']",118
鲁东大学,化学(师范类),"['化学', '(', '师范类', ')']",96
鲁东大学,农学,['农学'],52
鲁东大学,社会工作,['社会工作'],60
鲁东大学,朝鲜语,['朝鲜语'],44
鲁东大学,人工智能,['人工智能'],71
鲁东大学,机械类,['机械类'],144
鲁东大学,生物科学(师范类),"['生物科学', '(', '师范类', ')']",95
鲁东大学,旅游管理,"['旅游', '管理']",60
鲁东大学,英语(师范类),"['英语', '(', '师范类', ')']",260
鲁东大学,物理学(师范类),"['物理学', '(', '师范类', ')']",102
鲁东大学,化学工程与工艺,"['化学工程', '与', '工艺']",60
鲁东大学,汉语言文学(师范类),"['汉语言', '文学', '(', '师范类', ')']",106
鲁东大学,历史学(师范类),"['历史学', '(', '师范类', ')']",125
鲁东大学,生物工程,['生物工程'],59
鲁东大学,环境工程,['环境工程'],60
鲁东大学,食品科学与工程,"['食品科学', '与', '工程']",117
鲁东大学,日语,['日语'],43
鲁东大学,经济学,['经济学'],59
鲁东大学,软件工程,['软件工程'],69
鲁东大学,国际经济与贸易,"['国际', '经济', '与', '贸易']",50
鲁东大学,应用心理学,"['应用', '心理学']",62
鲁东大学,数学与应用数学(师范类),"['数学', '与', '应用', '数学', '(', '师范类', ')']",146
鲁东大学,园艺,['园艺'],60
鲁东大学,心理学(师范类),"['心理学', '(', '师范类', ')']",88
鲁东大学,能源与动力工程,"['能源', '与', '动力工程']",62
鲁东大学,汉语国际教育,"['汉语', '国际', '教育']",62
鲁东大学,电气工程及其自动化(中外合作办学)(中韩合作),"['电气工程', '及其', '自动化', '(', '中外合作', '办学', ')', '(', '中', '韩', '合作', ')']",110
鲁东大学,生物科学(中外合作办学)(中美合作),"['生物科学', '(', '中外合作', '办学', ')', '(', '中美合作', ')']",80
鲁东大学,机械设计制造及其自动化(中外合作办学)(中韩合作),"['机械设计', '制造', '及其', '自动化', '(', '中外合作', '办学', ')', '(', '中', '韩', '合作', ')']",110
鲁东大学,船舶与海洋工程(中外合作办学)(中韩合作),"['船舶', '与', '海洋工程', '(', '中外合作', '办学', ')', '(', '中', '韩', '合作', ')']",80
鲁东大学,葡萄与葡萄酒工程(中外合作办学)(中意合作),"['葡萄', '与', '葡萄酒', '工程', '(', '中外合作', '办学', ')', '(', '中意', '合作', ')']",80
临沂大学,汉语言文学(师范类，非西藏生源定向西藏就业),"['汉语言', '文学', '(', '师范类', '，', '非', '西藏', '生源', '定向', '西藏', '就业', ')']",10
临沂大学,统计学,['统计学'],40
临沂大学,建筑学,['建筑学'],50
临沂大学,应用化学,['应用化学'],40
临沂大学,通信工程,['通信工程'],92
临沂大学,旅游管理,"['旅游', '管理']",18
临沂大学,生物技术,"['生物', '技术']",29
临沂大学,西班牙语,['西班牙语'],15
临沂大学,中药学,['中药学'],26
临沂大学,人文地理与城乡规划,"['人文地理', '与', '城乡规划']",16
临沂大学,医学检验技术,"['医学', '检验', '技术']",51
临沂大学,制药工程,"['制药', '工程']",25
临沂大学,软件工程,['软件工程'],92
临沂大学,医学影像技术,"['医学影像', '技术']",54
临沂大学,数学与应用数学(师范类),"['数学', '与', '应用', '数学', '(', '师范类', ')']",85
临沂大学,应用心理学(师范类),"['应用', '心理学', '(', '师范类', ')']",45
临沂大学,商务英语,['商务英语'],30
临沂大学,思想政治教育(师范类),"['思想', '政治', '教育', '(', '师范类', ')']",31
临沂大学,数据科学与大数据技术,"['数据', '科学', '与', '大', '数据', '技术']",37
临沂大学,小学教育(师范类),"['小学', '教育', '(', '师范类', ')']",151
临沂大学,新能源材料与器件,"['新能源', '材料', '与', '器件']",46
临沂大学,材料科学与工程,"['材料科学', '与', '工程']",90
临沂大学,计算机科学与技术(师范类),"['计算机科学', '与', '技术', '(', '师范类', ')']",94
临沂大学,化学工程与工艺,"['化学工程', '与', '工艺']",49
临沂大学,汉语国际教育(师范类),"['汉语', '国际', '教育', '(', '师范类', ')']",45
临沂大学,新闻学,['新闻学'],46
临沂大学,自动化类,"['自动化', '类']",58
临沂大学,工商管理,['工商管理'],27
临沂大学,俄语,['俄语'],18
临沂大学,汉语言文学(师范类),"['汉语言', '文学', '(', '师范类', ')']",41
临沂大学,社会工作,['社会工作'],30
临沂大学,园艺,['园艺'],9
临沂大学,环境工程,['环境工程'],26
临沂大学,机械类,['机械类'],61
临沂大学,动物医学,"['动物', '医学']",26
临沂大学,电子商务,['电子商务'],30
临沂大学,国际经济与贸易,"['国际', '经济', '与', '贸易']",8
临沂大学,物流管理,"['物流', '管理']",30
临沂大学,电气工程及其自动化,"['电气工程', '及其', '自动化']",31
临沂大学,会计学,['会计学'],46
临沂大学,历史学(师范类),"['历史学', '(', '师范类', ')']",21
临沂大学,电子信息工程,"['电子', '信息工程']",45
临沂大学,建筑环境与能源应用工程,"['建筑', '环境', '与', '能源', '应用', '工程']",22
临沂大学,法学,['法学'],57
临沂大学,土木工程,['土木工程'],72
临沂大学,药学,['药学'],38
临沂大学,物理学(师范类),"['物理学', '(', '师范类', ')']",24
临沂大学,化学(师范类),"['化学', '(', '师范类', ')']",92
临沂大学,地理科学(师范类),"['地理', '科学', '(', '师范类', ')']",64
临沂大学,卫生检验与检疫,"['卫生', '检验', '与', '检疫']",36
临沂大学,生物科学(师范类),"['生物科学', '(', '师范类', ')']",38
临沂大学,英语(师范类),"['英语', '(', '师范类', ')']",111
临沂大学,学前教育(师范类),"['学前教育', '(', '师范类', ')']",42
临沂大学,社会工作(中外合作办学)(招收银发产业经营与管理方向),"['社会工作', '(', '中外合作', '办学', ')', '(', '招收', '银发', '产业', '经营', '与', '管理', '方向', ')']",80
临沂大学,机械设计制造及其自动化(中外合作办学),"['机械设计', '制造', '及其', '自动化', '(', '中外合作', '办学', ')']",65
临沂大学,动物医学(校企合作，与山东新希望六和集团合作),"['动物', '医学', '(', '校企', '合作', '，', '与', '山东', '新', '希望', '六', '和', '集团', '合作', ')']",110
临沂大学,机械电子工程(校企合作，与山东临工工程机械有限公司合作),"['机械', '电子', '工程', '(', '校企', '合作', '，', '与', '山东', '临工', '工程机械', '有限公司', '合作', ')']",100
临沂大学,文化产业管理(校企合作，与腾讯山东企鹅新媒体学院合作),"['文化产业', '管理', '(', '校企', '合作', '，', '与', '腾讯', '山东', '企鹅', '新', '媒体', '学院', '合作', ')']",100
临沂大学,旅游管理(校企合作，与山东扬帆教育咨询有限公司合作),"['旅游', '管理', '(', '校企', '合作', '，', '与', '山东', '扬帆', '教育', '咨询', '有限公司', '合作', ')']",100
临沂大学,制药工程(校企合作，与鲁南制药集团股份有限公司合作),"['制药', '工程', '(', '校企', '合作', '，', '与', '鲁南', '制药', '集团股份', '有限公司', '合作', ')']",100
临沂大学,微电子科学与工程(校企合作，与青软创新科技集团有限公司合作),"['微电子', '科学', '与', '工程', '(', '校企', '合作', '，', '与', '青软', '创新', '科技', '集团', '有限公司', '合作', ')']",180
临沂大学,商务英语(校企合作，与山东全通网融科技有限公司合作),"['商务英语', '(', '校企', '合作', '，', '与', '山东', '全通', '网融', '科技', '有限公司', '合作', ')']",130
临沂大学,动物科学(校企合作，与江苏益客食品集团有限公司合作),"['动物', '科学', '(', '校企', '合作', '，', '与', '江苏', '益客', '食品', '集团', '有限公司', '合作', ')']",100
临沂大学,自动化(校企合作，与青软创新科技集团有限公司合作),"['自动化', '(', '校企', '合作', '，', '与', '青软', '创新', '科技', '集团', '有限公司', '合作', ')']",200
临沂大学,测绘工程(校企合作，与山东慧创信息科技有限公司合作),"['测绘', '工程', '(', '校企', '合作', '，', '与', '山东', '慧创', '信息', '科技', '有限公司', '合作', ')']",130
临沂大学,食品科学与工程(校企合作，与临沂新程金锣肉制品集团合作),"['食品科学', '与', '工程', '(', '校企', '合作', '，', '与', '临沂', '新程', '金锣', '肉制品', '集团', '合作', ')']",100
临沂大学,广告学(校企合作，与杭州时光坐标影视传媒合作),"['广告学', '(', '校企', '合作', '，', '与', '杭州', '时光', '坐标', '影视', '传媒', '合作', ')']",110
临沂大学,物流工程(校企合作，与阿帕数字技术有限公司合作),"['物流', '工程', '(', '校企', '合作', '，', '与', '阿帕', '数字', '技术', '有限公司', '合作', ')']",100
临沂大学,金融工程(校企合作，与山东全通网融科技有限公司合作),"['金融', '工程', '(', '校企', '合作', '，', '与', '山东', '全通', '网融', '科技', '有限公司', '合作', ')']",150
临沂大学,电子商务(校企合作，与深圳市盘古帮帮孵化科技合作),"['电子商务', '(', '校企', '合作', '，', '与', '深圳市', '盘古', '帮帮', '孵化', '科技', '合作', ')']",100
临沂大学,物流管理(校企合作，与山东荣庆投资控股有限公司合作),"['物流', '管理', '(', '校企', '合作', '，', '与', '山东', '荣庆', '投资', '控股', '有限公司', '合作', ')']",100
泰山学院,土木工程,['土木工程'],41
泰山学院,物流管理,"['物流', '管理']",71
泰山学院,高分子材料与工程,"['高分子', '材料', '与', '工程']",31
泰山学院,网络与新媒体,"['网络', '与', '新', '媒体']",45
泰山学院,机械类,['机械类'],65
泰山学院,人力资源管理,"['人力', '资源管理']",35
泰山学院,小学教育(师范类),"['小学', '教育', '(', '师范类', ')']",100
泰山学院,英语(含师范类),"['英语', '(', '含', '师范类', ')']",84
泰山学院,汉语言文学(含师范类),"['汉语言', '文学', '(', '含', '师范类', ')']",115
泰山学院,生物科学类,"['生物科学', '类']",69
泰山学院,历史学类,"['历史学', '类']",119
泰山学院,葡萄与葡萄酒工程,"['葡萄', '与', '葡萄酒', '工程']",29
泰山学院,工商管理类,"['工商管理', '类']",148
泰山学院,计算机类,"['计算机', '类']",141
泰山学院,地理科学(师范类),"['地理', '科学', '(', '师范类', ')']",77
泰山学院,思想政治教育(师范类),"['思想', '政治', '教育', '(', '师范类', ')']",60
泰山学院,旅游管理,"['旅游', '管理']",33
泰山学院,物理学(师范类),"['物理学', '(', '师范类', ')']",70
泰山学院,电子信息类,"['电子信息', '类']",97
泰山学院,国际经济与贸易,"['国际', '经济', '与', '贸易']",50
泰山学院,化工与制药类,"['化工', '与', '制药', '类']",96
泰山学院,人工智能,['人工智能'],43
泰山学院,数学与应用数学(师范类),"['数学', '与', '应用', '数学', '(', '师范类', ')']",73
泰山学院,化学(师范类),"['化学', '(', '师范类', ')']",66
泰山学院,机械设计制造及其自动化(中外合作办学),"['机械设计', '制造', '及其', '自动化', '(', '中外合作', '办学', ')']",80
泰山学院,金融工程(校企合作，与山东中启创优科技公司合作),"['金融', '工程', '(', '校企', '合作', '，', '与', '山东', '中启', '创优', '科技', '公司', '合作', ')']",40
泰山学院,数据科学与大数据技术(校企合作，与山东联科云计算有限公司合作),"['数据', '科学', '与', '大', '数据', '技术', '(', '校企', '合作', '，', '与', '山东', '联科云', '计算', '有限公司', '合作', ')']",60
泰山学院,通信工程(校企合作，与北京华晟经世信息技术公司合作),"['通信工程', '(', '校企', '合作', '，', '与', '北京华', '晟', '经世', '信息技术', '公司', '合作', ')']",60
泰山学院,计算机科学与技术(校企合作，与北京华晟经世信息技术公司合作),"['计算机科学', '与', '技术', '(', '校企', '合作', '，', '与', '北京华', '晟', '经世', '信息技术', '公司', '合作', ')']",60
泰山学院,软件工程(校企合作，与北京安博大成教育科技公司合作),"['软件工程', '(', '校企', '合作', '，', '与', '北京', '安', '博大', '成', '教育', '科技', '公司', '合作', ')']",50
泰山学院,日语(校企合作，与青软创新科技集团有限公司合作),"['日语', '(', '校企', '合作', '，', '与', '青软', '创新', '科技', '集团', '有限公司', '合作', ')']",30
泰山学院,旅游管理(校企合作，与山东华仁教育发展公司合作),"['旅游', '管理', '(', '校企', '合作', '，', '与', '山东', '华仁', '教育', '发展', '公司', '合作', ')']",50
泰山学院,电子信息科学与技术(校企合作，与青软创新科技集团有限公司合作),"['电子信息', '科学', '与', '技术', '(', '校企', '合作', '，', '与', '青软', '创新', '科技', '集团', '有限公司', '合作', ')']",50
泰山学院,信息与计算科学(校企合作，与青软创新科技集团有限公司合作),"['信息', '与', '计算', '科学', '(', '校企', '合作', '，', '与', '青软', '创新', '科技', '集团', '有限公司', '合作', ')']",40
泰山学院,数据科学与大数据技术(校企合作，与青软创新科技集团有限公司合作),"['数据', '科学', '与', '大', '数据', '技术', '(', '校企', '合作', '，', '与', '青软', '创新', '科技', '集团', '有限公司', '合作', ')']",80
泰山学院,市场营销(校企合作，与山东华仁教育发展公司合作),"['市场营销', '(', '校企', '合作', '，', '与', '山东', '华仁', '教育', '发展', '公司', '合作', ')']",40
泰山学院,国际经济与贸易(校企合作，与山东全通网融科技有限公司合作),"['国际', '经济', '与', '贸易', '(', '校企', '合作', '，', '与', '山东', '全通', '网融', '科技', '有限公司', '合作', ')']",60
济宁学院,汉语言文学,"['汉语言', '文学']",60
济宁学院,文化产业管理,"['文化产业', '管理']",40
济宁学院,行政管理,"['行政', '管理']",40
济宁学院,学前教育(师范类),"['学前教育', '(', '师范类', ')']",40
济宁学院,软件工程,['软件工程'],55
济宁学院,应用化学,['应用化学'],95
济宁学院,生物工程,['生物工程'],70
济宁学院,酿酒工程,"['酿酒', '工程']",30
济宁学院,安全工程,['安全工程'],90
济宁学院,测绘工程,"['测绘', '工程']",85
济宁学院,生物制药,['生物制药'],45
济宁学院,物理学(师范类),"['物理学', '(', '师范类', ')']",100
济宁学院,互联网金融,"['互联网', '金融']",25
济宁学院,机械设计制造及其自动化,"['机械设计', '制造', '及其', '自动化']",30
济宁学院,汉语言文学(师范类),"['汉语言', '文学', '(', '师范类', ')']",80
济宁学院,数学与应用数学(师范类),"['数学', '与', '应用', '数学', '(', '师范类', ')']",71
济宁学院,历史学(师范类),"['历史学', '(', '师范类', ')']",40
济宁学院,高分子材料与工程,"['高分子', '材料', '与', '工程']",70
济宁学院,材料科学与工程,"['材料科学', '与', '工程']",30
济宁学院,网络与新媒体,"['网络', '与', '新', '媒体']",60
济宁学院,英语(师范类),"['英语', '(', '师范类', ')']",100
济宁学院,心理学,['心理学'],50
济宁学院,小学教育(师范类),"['小学', '教育', '(', '师范类', ')']",50
济宁学院,电子信息工程,"['电子', '信息工程']",80
济宁学院,电气工程及其自动化,"['电气工程', '及其', '自动化']",35
济宁学院,思想政治教育(师范类),"['思想', '政治', '教育', '(', '师范类', ')']",100
济宁学院,数据科学与大数据技术,"['数据', '科学', '与', '大', '数据', '技术']",45
济宁学院,旅游管理与服务教育,"['旅游', '管理', '与', '服务', '教育']",15
济宁学院,化学工程与工艺,"['化学工程', '与', '工艺']",35
济宁学院,新能源科学与工程,"['新', '能源科学', '与', '工程']",100
济宁学院,秘书学,['秘书学'],15
济宁学院,商务英语,['商务英语'],45
济宁学院,化学(师范类),"['化学', '(', '师范类', ')']",100
济宁学院,食品科学与工程,"['食品科学', '与', '工程']",40
济宁学院,应用统计学,"['应用', '统计学']",50
济宁学院,智能制造工程,"['智能', '制造', '工程']",80
济宁学院,商务英语(校企合作，与青岛英谷教育公司合作),"['商务英语', '(', '校企', '合作', '，', '与', '青岛', '英谷', '教育', '公司', '合作', ')']",80
济宁学院,金融工程(校企合作，与青岛英谷教育公司合作),"['金融', '工程', '(', '校企', '合作', '，', '与', '青岛', '英谷', '教育', '公司', '合作', ')']",50
济宁学院,计算机科学与技术(校企合作，与青岛英谷教育公司合作),"['计算机科学', '与', '技术', '(', '校企', '合作', '，', '与', '青岛', '英谷', '教育', '公司', '合作', ')']",100
济宁学院,经济学(校企合作，与青岛英谷教育公司合作),"['经济学', '(', '校企', '合作', '，', '与', '青岛', '英谷', '教育', '公司', '合作', ')']",50
济宁学院,电子商务及法律(校企合作，与山东网商科技集团有限公司合作),"['电子商务', '及', '法律', '(', '校企', '合作', '，', '与', '山东', '网商', '科技', '集团', '有限公司', '合作', ')']",50
济宁学院,机械设计制造及其自动化(校企合作，与青岛英谷教育公司合作),"['机械设计', '制造', '及其', '自动化', '(', '校企', '合作', '，', '与', '青岛', '英谷', '教育', '公司', '合作', ')']",80
菏泽学院,思想政治教育(师范类),"['思想', '政治', '教育', '(', '师范类', ')']",39
菏泽学院,化学(师范类),"['化学', '(', '师范类', ')']",14
菏泽学院,园艺,['园艺'],20
菏泽学院,建筑学,['建筑学'],33
菏泽学院,财务管理,['财务管理'],46
菏泽学院,特殊教育(师范类),"['特殊教育', '(', '师范类', ')']",30
菏泽学院,汉语言文学(师范类),"['汉语言', '文学', '(', '师范类', ')']",63
菏泽学院,设施农业科学与工程,"['设施', '农业', '科学', '与', '工程']",40
菏泽学院,智能制造工程,"['智能', '制造', '工程']",40
菏泽学院,电气工程及其自动化,"['电气工程', '及其', '自动化']",22
菏泽学院,健康服务与管理,"['健康', '服务', '与', '管理']",36
菏泽学院,经济学,['经济学'],39
菏泽学院,数学与应用数学(师范类),"['数学', '与', '应用', '数学', '(', '师范类', ')']",76
菏泽学院,英语(师范类),"['英语', '(', '师范类', ')']",36
菏泽学院,环境科学与工程,"['环境', '科学', '与', '工程']",40
菏泽学院,生物科学(师范类),"['生物科学', '(', '师范类', ')']",22
菏泽学院,广告学,['广告学'],50
菏泽学院,生物工程,['生物工程'],19
菏泽学院,知识产权,['知识产权'],60
菏泽学院,自动化,['自动化'],30
菏泽学院,心理学(师范类),"['心理学', '(', '师范类', ')']",8
菏泽学院,机械电子工程,"['机械', '电子', '工程']",26
菏泽学院,人文地理与城乡规划,"['人文地理', '与', '城乡规划']",40
菏泽学院,食品科学与工程,"['食品科学', '与', '工程']",20
菏泽学院,商务英语,['商务英语'],50
菏泽学院,化学工程与工艺,"['化学工程', '与', '工艺']",48
菏泽学院,制药工程,"['制药', '工程']",60
菏泽学院,机器人工程,"['机器人', '工程']",35
菏泽学院,历史学(师范类),"['历史学', '(', '师范类', ')']",7
菏泽学院,土木工程,['土木工程'],70
菏泽学院,物理学(中外合作办学)(师范类),"['物理学', '(', '中外合作', '办学', ')', '(', '师范类', ')']",100
菏泽学院,劳动与社会保障(校企合作，与山东明德物业集团公司合作),"['劳动', '与', '社会保障', '(', '校企', '合作', '，', '与', '山东', '明德', '物业', '集团公司', '合作', ')']",50
菏泽学院,广播电视学(校企合作，与山东新视觉数码科技公司合作),"['广播电视', '学', '(', '校企', '合作', '，', '与', '山东', '新', '视觉', '数码科技', '公司', '合作', ')']",50
菏泽学院,能源化学工程(校企合作，与山东东明石化集团公司合作),"['能源', '化学工程', '(', '校企', '合作', '，', '与', '山东', '东明', '石化集团', '公司', '合作', ')']",50
菏泽学院,计算机科学与技术(校企合作，与山东骏文信息科技公司合作),"['计算机科学', '与', '技术', '(', '校企', '合作', '，', '与', '山东', '骏文', '信息', '科技', '公司', '合作', ')']",50
菏泽学院,计算机科学与技术(校企合作，与达内时代科技集团公司合作),"['计算机科学', '与', '技术', '(', '校企', '合作', '，', '与', '达', '内', '时代', '科技', '集团公司', '合作', ')']",50
菏泽学院,物流管理(校企合作，与山东全通网融科技公司合作),"['物流', '管理', '(', '校企', '合作', '，', '与', '山东', '全通', '网融', '科技', '公司', '合作', ')']",50
菏泽学院,计算机科学与技术(校企合作，与慧与软件人才产业基地合作),"['计算机科学', '与', '技术', '(', '校企', '合作', '，', '与慧', '与', '软件', '人才', '产业基地', '合作', ')']",100
菏泽学院,电子信息科学与技术(校企合作，与达内时代科技集团公司合作),"['电子信息', '科学', '与', '技术', '(', '校企', '合作', '，', '与', '达', '内', '时代', '科技', '集团公司', '合作', ')']",150
菏泽学院,统计学(校企合作，与北京中科特瑞科技公司合作),"['统计学', '(', '校企', '合作', '，', '与', '北京', '中', '科特', '瑞', '科技', '公司', '合作', ')']",50
菏泽学院,药学(校企合作，与山东睿鹰制药集团公司合作),"['药学', '(', '校企', '合作', '，', '与', '山东', '睿', '鹰', '制药', '集团公司', '合作', ')']",50
菏泽学院,数据科学与大数据技术(校企合作，与中科特瑞科技公司合作),"['数据', '科学', '与', '大', '数据', '技术', '(', '校企', '合作', '，', '与', '中', '科特', '瑞', '科技', '公司', '合作', ')']",50
菏泽学院,物联网工程(校企合作，与达内时代科技集团公司合作),"['物', '联网', '工程', '(', '校企', '合作', '，', '与', '达', '内', '时代', '科技', '集团公司', '合作', ')']",50
菏泽学院,金融工程(校企合作，与邦盟汇骏教育科技公司合作),"['金融', '工程', '(', '校企', '合作', '，', '与邦盟', '汇骏', '教育', '科技', '公司', '合作', ')']",50
山东财经大学,审计学,['审计学'],100
山东财经大学,工商管理类,"['工商管理', '类']",240
山东财经大学,精算学,['精算学'],60
山东财经大学,经济学类,"['经济学', '类']",210
山东财经大学,管理科学与工程类,"['管理科学', '与', '工程', '类']",80
山东财经大学,经济统计学,"['经济', '统计学']",65
山东财经大学,会计学,['会计学'],170
山东财经大学,数学与应用数学,"['数学', '与', '应用', '数学']",40
山东财经大学,资产评估,"['资产', '评估']",60
山东财经大学,金融数学,"['金融', '数学']",45
山东财经大学,国际经济发展合作,"['国际', '经济', '发展', '合作']",18
山东财经大学,法学,['法学'],150
山东财经大学,公共管理类,"['公共', '管理', '类']",70
山东财经大学,金融学类,"['金融学', '类']",145
山东财经大学,经济与贸易类,"['经济', '与', '贸易', '类']",195
山东财经大学,金融学,['金融学'],160
山东财经大学,外国语言文学类,"['外国', '语言', '文学类']",160
山东财经大学,计算机类,"['计算机', '类']",175
山东财经大学,电子商务类,"['电子商务', '类']",30
山东财经大学,统计学,['统计学'],70
山东财经大学,汉语言文学,"['汉语言', '文学']",20
山东财经大学,财务管理,['财务管理'],100
山东财经大学,财政学类,"['财政学', '类']",135
山东财经大学,数据科学与大数据技术,"['数据', '科学', '与', '大', '数据', '技术']",70
山东财经大学,统计学(中外合作办学),"['统计学', '(', '中外合作', '办学', ')']",100
山东财经大学,经济学(中外合作办学),"['经济学', '(', '中外合作', '办学', ')']",100
山东财经大学,外国语言文学类(地方专项计划),"['外国', '语言', '文学类', '(', '地方', '专项', '计划', ')']",20
山东财经大学,经济学类(地方专项计划),"['经济学', '类', '(', '地方', '专项', '计划', ')']",10
山东财经大学,公共管理类(地方专项计划),"['公共', '管理', '类', '(', '地方', '专项', '计划', ')']",20
山东财经大学,法学(地方专项计划),"['法学', '(', '地方', '专项', '计划', ')']",20
山东财经大学,财政学类(地方专项计划),"['财政学', '类', '(', '地方', '专项', '计划', ')']",20
山东财经大学,汉语言文学(地方专项计划),"['汉语言', '文学', '(', '地方', '专项', '计划', ')']",5
山东财经大学,经济统计学(地方专项计划),"['经济', '统计学', '(', '地方', '专项', '计划', ')']",20
山东财经大学,金融数学(地方专项计划),"['金融', '数学', '(', '地方', '专项', '计划', ')']",10
山东财经大学,新闻学(地方专项计划),"['新闻学', '(', '地方', '专项', '计划', ')']",5
山东财经大学,计算机类(地方专项计划),"['计算机', '类', '(', '地方', '专项', '计划', ')']",20
山东财经大学,工商管理类(地方专项计划),"['工商管理', '类', '(', '地方', '专项', '计划', ')']",20
山东财经大学,保险学(地方专项计划),"['保险学', '(', '地方', '专项', '计划', ')']",20
山东财经大学,文化产业管理(地方专项计划),"['文化产业', '管理', '(', '地方', '专项', '计划', ')']",10
山东财经大学,旅游管理(校企合作，与深圳奥雅设计股份有限公司合作),"['旅游', '管理', '(', '校企', '合作', '，', '与', '深圳', '奥雅', '设计', '股份', '有限公司', '合作', ')']",100
山东财经大学,计算机科学与技术(校企合作，与浪潮集团有限公司合作),"['计算机科学', '与', '技术', '(', '校企', '合作', '，', '与', '浪潮集团', '有限公司', '合作', ')']",100
山东财经大学,信息管理与信息系统(校企合作，与浪潮集团有限公司合作),"['信息管理', '与', '信息系统', '(', '校企', '合作', '，', '与', '浪潮集团', '有限公司', '合作', ')']",100
山东财经大学,会计学(校企合作，与信永中和会计事务所合作),"['会计学', '(', '校企', '合作', '，', '与', '信', '永中', '和', '会计', '事务所', '合作', ')']",100
山东财经大学,税收学(校企合作，与山东百丞税务服务股份有限公司合作),"['税收', '学', '(', '校企', '合作', '，', '与', '山东', '百丞', '税务', '服务', '股份', '有限公司', '合作', ')']",100
山东财经大学,保险学(校企合作，与德华安顾人寿保险有限公司合作),"['保险学', '(', '校企', '合作', '，', '与', '德华', '安顾', '人寿保险', '有限公司', '合作', ')']",100
山东体育学院,特殊教育(师范类),"['特殊教育', '(', '师范类', ')']",30
山东体育学院,应用心理学,"['应用', '心理学']",30
山东体育学院,运动康复,"['运动', '康复']",50
山东体育学院,运动人体科学,"['运动', '人体科学']",50
山东体育学院,电子竞技运动与管理(校企合作，与邦尼集团有限公司合作),"['电子竞技', '运动', '与', '管理', '(', '校企', '合作', '，', '与', '邦尼', '集团', '有限公司', '合作', ')']",80
山东体育学院,数据科学与大数据技术(校企合作，与山东骏文信息科技有限公司合作),"['数据', '科学', '与', '大', '数据', '技术', '(', '校企', '合作', '，', '与', '山东', '骏文', '信息', '科技', '有限公司', '合作', ')']",20
山东体育学院,新闻学(校企合作，与山东泰冠实业有限公司合作),"['新闻学', '(', '校企', '合作', '，', '与', '山东', '泰冠', '实业', '有限公司', '合作', ')']",40
山东艺术学院,文化产业管理,"['文化产业', '管理']",47
郑州大学,经济学类,"['经济学', '类']",12
郑州大学,工商管理类,"['工商管理', '类']",9
郑州大学,旅游管理类,"['旅游', '管理', '类']",2
郑州大学,公共管理类,"['公共', '管理', '类']",10
郑州大学,法学,['法学'],6
郑州大学,中国语言文学类,"['中国', '语言', '文学类']",12
郑州大学,新闻传播学类,"['新闻', '传播学', '类']",12
郑州大学,外国语言文学类,"['外国', '语言', '文学类']",12
郑州大学,教育学类,"['教育学', '类']",6
郑州大学,历史学类,"['历史学', '类']",2
郑州大学,图书情报与档案管理类,"['图书', '情报', '与', '档案管理', '类']",8
郑州大学,数学类,"['数学', '类']",10
郑州大学,化学类,"['化学', '类']",2
郑州大学,物理学类,"['物理学', '类']",8
郑州大学,电子信息类,"['电子信息', '类']",12
郑州大学,计算机类,"['计算机', '类']",12
郑州大学,自动化类,"['自动化', '类']",20
郑州大学,机械类,['机械类'],16
郑州大学,土木类,"['土木', '类']",10
郑州大学,管理科学与工程类,"['管理科学', '与', '工程', '类']",7
郑州大学,生物科学类,"['生物科学', '类']",9
郑州大学,环境科学与工程类,"['环境', '科学', '与', '工程', '类']",4
郑州大学,基础医学,['基础医学'],2
郑州大学,医学技术类,"['医学', '技术类']",5
郑州大学,临床医学类,"['临床', '医学类']",20
郑州大学,口腔医学,['口腔医学'],4
郑州大学,预防医学,"['预防', '医学']",12
郑州大学,药学类,"['药学', '类']",6
郑州大学,物联网工程,"['物', '联网', '工程']",7
河南理工大学,自动化类,"['自动化', '类']",2
河南理工大学,电子信息类,"['电子信息', '类']",3
河南理工大学,应用物理学,"['应用', '物理学']",2
河南理工大学,机械类,['机械类'],4
河南理工大学,能源与动力工程,"['能源', '与', '动力工程']",2
河南理工大学,测控技术与仪器,"['测控', '技术', '与', '仪器']",2
河南理工大学,土木类,"['土木', '类']",3
河南理工大学,工程管理,"['工程', '管理']",2
河南理工大学,工程力学,['工程力学'],2
河南理工大学,地质工程,"['地质', '工程']",2
河南理工大学,地球信息科学与技术(地球大数据方向),"['地球', '信息科学', '与', '技术', '(', '地球', '大', '数据', '方向', ')']",2
河南理工大学,环境工程,['环境工程'],2
河南理工大学,水文与水资源工程(智慧水文方向),"['水文', '与', '水资源', '工程', '(', '智慧', '水文', '方向', ')']",2
河南理工大学,测绘工程(导航方向),"['测绘', '工程', '(', '导航', '方向', ')']",2
河南理工大学,遥感科学与技术,"['遥感', '科学', '与', '技术']",2
河南理工大学,土地资源管理,"['土地', '资源管理']",2
河南理工大学,地理信息科学,"['地理信息', '科学']",2
河南理工大学,自然地理与资源环境,"['自然地理', '与', '资源', '环境']",2
河南理工大学,人文地理与城乡规划,"['人文地理', '与', '城乡规划']",2
河南理工大学,智能采矿工程,"['智能', '采矿工程']",4
河南理工大学,新能源科学与工程,"['新', '能源科学', '与', '工程']",2
河南理工大学,安全工程,['安全工程'],3
河南理工大学,消防工程,['消防工程'],2
河南理工大学,材料类,"['材料', '类']",5
河南理工大学,材料成型及控制工程(智能制造方向),"['材料', '成型', '及', '控制工程', '(', '智能', '制造', '方向', ')']",2
河南理工大学,矿物加工工程,"['矿物', '加工', '工程']",2
河南理工大学,化学工程与工艺,"['化学工程', '与', '工艺']",2
河南理工大学,储能科学与工程,"['储能', '科学', '与', '工程']",2
河南理工大学,计算机科学与技术,"['计算机科学', '与', '技术']",1
河南理工大学,物联网工程,"['物', '联网', '工程']",1
河南理工大学,数学类,"['数学', '类']",2
河南理工大学,工商管理类,"['工商管理', '类']",5
河南理工大学,工业工程,"['工业', '工程']",2
河南理工大学,会计学,['会计学'],2
河南理工大学,财务管理,['财务管理'],2
河南理工大学,国际经济与贸易,"['国际', '经济', '与', '贸易']",1
河南理工大学,金融学,['金融学'],2
河南理工大学,建筑类,"['建筑', '类']",2
河南理工大学,汉语言文学,"['汉语言', '文学']",2
河南理工大学,法学,['法学'],2
河南理工大学,公共事业管理,"['公共事业', '管理']",2
河南理工大学,管理科学,['管理科学'],2
河南理工大学,护理学,['护理学'],2
河南理工大学,药学,['药学'],2
郑州轻工业大学,计算机科学与技术,"['计算机科学', '与', '技术']",2
郑州轻工业大学,通信工程,['通信工程'],2
郑州轻工业大学,网络空间安全,"['网络空间', '安全']",4
郑州轻工业大学,物联网工程,"['物', '联网', '工程']",2
郑州轻工业大学,数据科学与大数据技术,"['数据', '科学', '与', '大', '数据', '技术']",2
郑州轻工业大学,电子信息工程,"['电子', '信息工程']",3
郑州轻工业大学,人工智能,['人工智能'],4
郑州轻工业大学,高分子材料与工程,"['高分子', '材料', '与', '工程']",4
郑州轻工业大学,化学工程与工艺,"['化学工程', '与', '工艺']",4
郑州轻工业大学,化妆品技术与工程,"['化妆品', '技术', '与', '工程']",2
郑州轻工业大学,应用化学,['应用化学'],3
郑州轻工业大学,环境工程,['环境工程'],3
郑州轻工业大学,化学,['化学'],3
郑州轻工业大学,食品科学与工程,"['食品科学', '与', '工程']",2
郑州轻工业大学,生物工程,['生物工程'],2
郑州轻工业大学,生物技术,"['生物', '技术']",2
郑州轻工业大学,烟草,['烟草'],3
郑州轻工业大学,能源与动力工程,"['能源', '与', '动力工程']",5
郑州轻工业大学,新能源科学与工程,"['新', '能源科学', '与', '工程']",3
郑州轻工业大学,建筑电气与智能化,"['建筑', '电气', '与', '智能化']",5
郑州轻工业大学,数字媒体技术,"['数字', '媒体', '技术']",2
郑州轻工业大学,电气工程及其自动化,"['电气工程', '及其', '自动化']",6
郑州轻工业大学,微电子科学与工程,"['微电子', '科学', '与', '工程']",3
郑州轻工业大学,机械设计制造及其自动化,"['机械设计', '制造', '及其', '自动化']",8
郑州轻工业大学,智能制造工程,"['智能', '制造', '工程']",4
郑州轻工业大学,数学与应用数学,"['数学', '与', '应用', '数学']",2
郑州轻工业大学,工商管理类,"['工商管理', '类']",4
郑州轻工业大学,物流管理,"['物流', '管理']",3
郑州轻工业大学,社会工作,['社会工作'],2
郑州轻工业大学,法学,['法学'],2
郑州轻工业大学,公共事业管理,"['公共事业', '管理']",3
河南工业大学,材料科学与工程,"['材料科学', '与', '工程']",4
河南工业大学,财政学,['财政学'],2
河南工业大学,测控技术与仪器,"['测控', '技术', '与', '仪器']",4
河南工业大学,道路桥梁与渡河工程,"['道路', '桥梁', '与', '渡河', '工程']",2
河南工业大学,电气工程及其自动化,"['电气工程', '及其', '自动化']",8
河南工业大学,电子商务,['电子商务'],2
河南工业大学,法学,['法学'],2
河南工业大学,翻译,['翻译'],2
河南工业大学,工程管理,"['工程', '管理']",2
河南工业大学,工商管理,['工商管理'],1
河南工业大学,国际经济与贸易,"['国际', '经济', '与', '贸易']",4
河南工业大学,化学,['化学'],8
河南工业大学,化学工程与工艺,"['化学工程', '与', '工艺']",4
河南工业大学,环境工程,['环境工程'],8
河南工业大学,会计学,['会计学'],2
河南工业大学,机械类,['机械类'],8
河南工业大学,机械设计制造及其自动化,"['机械设计', '制造', '及其', '自动化']",8
河南工业大学,建筑环境与能源应用工程,"['建筑', '环境', '与', '能源', '应用', '工程']",2
河南工业大学,建筑学,['建筑学'],2
河南工业大学,金融学,['金融学'],2
河南工业大学,经济学,['经济学'],2
河南工业大学,空间信息与数字技术,"['空间信息', '与', '数字', '技术']",2
河南工业大学,生物工程,['生物工程'],3
河南工业大学,生物技术,"['生物', '技术']",2
河南工业大学,数学与应用数学,"['数学', '与', '应用', '数学']",2
河南工业大学,通信工程,['通信工程'],2
河南工业大学,土木工程,['土木工程'],4
河南工业大学,网络与新媒体,"['网络', '与', '新', '媒体']",2
河南工业大学,无机非金属材料工程,"['无机', '非金属材料', '工程']",4
河南工业大学,物流管理,"['物流', '管理']",1
河南工业大学,新闻传播学类,"['新闻', '传播学', '类']",3
河南工业大学,英语,['英语'],3
河南工业大学,应用化学,['应用化学'],8
河南工业大学,应用统计学,"['应用', '统计学']",1
河南工业大学,应用物理学,"['应用', '物理学']",1
河南工业大学,制药工程,"['制药', '工程']",4
河南工业大学,材料类,"['材料', '类']",4
河南工业大学,食品科学与工程类,"['食品科学', '与', '工程', '类']",16
河南工业大学,机器人工程,"['机器人', '工程']",5
河南工业大学,饲料工程,"['饲料', '工程']",2
河南工业大学,智能建造,"['智能', '建造']",2
河南工业大学,会计学(中外合作办学),"['会计学', '(', '中外合作', '办学', ')']",3
河南工业大学,人力资源管理(中外合作办学),"['人力', '资源管理', '(', '中外合作', '办学', ')']",8
河南工业大学,生物技术(中外合作办学),"['生物', '技术', '(', '中外合作', '办学', ')']",3
河南工业大学,食品科学与工程(中外合作办学),"['食品科学', '与', '工程', '(', '中外合作', '办学', ')']",3
河南工业大学,市场营销(中外合作办学),"['市场营销', '(', '中外合作', '办学', ')']",6
河南工业大学,物联网工程(中外合作办学),"['物', '联网', '工程', '(', '中外合作', '办学', ')']",3
河南科技大学,法学类,['法学类'],6
河南科技大学,英语,['英语'],6
河南科技大学,生物科学类,"['生物科学', '类']",8
河南科技大学,统计学,['统计学'],5
河南科技大学,机械类,['机械类'],11
河南科技大学,材料成型及控制工程,"['材料', '成型', '及', '控制工程']",6
河南科技大学,工业设计,"['工业', '设计']",6
河南科技大学,车辆工程,"['车辆', '工程']",6
河南科技大学,测控技术与仪器,"['测控', '技术', '与', '仪器']",6
河南科技大学,材料类,"['材料', '类']",11
河南科技大学,电气工程及其自动化,"['电气工程', '及其', '自动化']",6
河南科技大学,电子信息类,"['电子信息', '类']",6
河南科技大学,自动化,['自动化'],5
河南科技大学,计算机科学与技术,"['计算机科学', '与', '技术']",5
河南科技大学,化学工程与工艺,"['化学工程', '与', '工艺']",5
河南科技大学,制药工程,"['制药', '工程']",5
河南科技大学,交通运输,['交通运输'],5
河南科技大学,农业工程类,"['农业', '工程', '类']",8
河南科技大学,环境工程,['环境工程'],5
河南科技大学,生物医学工程,"['生物医学', '工程']",5
河南科技大学,生物工程类,"['生物工程', '类']",8
河南科技大学,临床医学,['临床医学'],11
河南科技大学,护理学,['护理学'],8
中原工学院,法学,['法学'],6
中原工学院,汉语国际教育,"['汉语', '国际', '教育']",4
中原工学院,网络与新媒体,"['网络', '与', '新', '媒体']",5
中原工学院,材料类,"['材料', '类']",5
中原工学院,电气工程及其自动化,"['电气工程', '及其', '自动化']",4
中原工学院,人工智能,['人工智能'],4
中原工学院,给排水科学与工程,"['给排水', '科学', '与', '工程']",5
中原工学院,纺织工程,"['纺织', '工程']",6
中原工学院,非织造材料与工程,"['非织造', '材料', '与', '工程']",4
中原工学院,安全工程,['安全工程'],4
中原工学院,工程管理,"['工程', '管理']",4
中原工学院,市场营销,['市场营销'],4
中原工学院,工业工程,"['工业', '工程']",5
河南农业大学,林学类,"['林学', '类']",4
河南农业大学,旅游管理,"['旅游', '管理']",2
河南农业大学,建筑类,"['建筑', '类']",2
河南农业大学,机械设计制造及其自动化,"['机械设计', '制造', '及其', '自动化']",4
河南农业大学,经济学类,"['经济学', '类']",4
河南农业大学,工商管理类,"['工商管理', '类']",4
河南农业大学,轻工类(烟工类),"['轻工', '类', '(', '烟工类', ')']",8
河南农业大学,烟草,['烟草'],6
河南农业大学,植物保护,['植物保护'],4
河南农业大学,植物生产类(园艺类),"['植物', '生产', '类', '(', '园艺', '类', ')']",4
河南农业大学,计算机科学与技术,"['计算机科学', '与', '技术']",3
河南农业大学,管理科学,['管理科学'],2
河南农业大学,生物科学类,"['生物科学', '类']",4
河南农业大学,食品科学与工程类,"['食品科学', '与', '工程', '类']",6
河南农业大学,环境生态工程,"['环境', '生态', '工程']",4
河南农业大学,土地资源管理,"['土地', '资源管理']",2
河南农业大学,法学,['法学'],4
河南农业大学,电子信息科学与技术,"['电子信息', '科学', '与', '技术']",4
河南农业大学,外国语言文学类,"['外国', '语言', '文学类']",4
河南农业大学,环境科学(中外合作办学),"['环境', '科学', '(', '中外合作', '办学', ')']",70
河南科技学院,生物技术,"['生物', '技术']",7
河南科技学院,人力资源管理,"['人力', '资源管理']",3
河南科技学院,汉语言文学(师范类),"['汉语言', '文学', '(', '师范类', ')']",3
河南科技学院,数学与应用数学(师范类),"['数学', '与', '应用', '数学', '(', '师范类', ')']",7
河南科技学院,英语(师范类),"['英语', '(', '师范类', ')']",3
河南科技学院,食品质量与安全,"['食品质量', '与', '安全']",7
河南科技学院,动物医学,"['动物', '医学']",5
河南科技学院,城乡规划,['城乡规划'],6
河南科技学院,环境科学,"['环境', '科学']",7
河南科技学院,应用化学,['应用化学'],7
河南牧业经济学院,财务管理,['财务管理'],3
河南牧业经济学院,金融学,['金融学'],3
河南牧业经济学院,网络与新媒体,"['网络', '与', '新', '媒体']",6
河南牧业经济学院,物流管理,"['物流', '管理']",3
河南牧业经济学院,市场营销,['市场营销'],5
河南牧业经济学院,国际商务,"['国际', '商务']",5
河南中医药大学,预防医学,"['预防', '医学']",3
河南中医药大学,护理学,['护理学'],4
河南中医药大学,外国语言文学类,"['外国', '语言', '文学类']",3
新乡医学院,临床医学,['临床医学'],12
新乡医学院,儿科学,['儿科学'],6
新乡医学院,预防医学,"['预防', '医学']",8
河南大学,经济学类,"['经济学', '类']",6
河南大学,法学,['法学'],4
河南大学,中国语言文学类(师范类),"['中国', '语言', '文学类', '(', '师范类', ')']",5
河南大学,网络工程,['网络工程'],40
河南大学,软件工程,['软件工程'],20
河南大学,思想政治教育(师范类),"['思想', '政治', '教育', '(', '师范类', ')']",5
河南大学,社会工作,['社会工作'],5
河南大学,哲学,['哲学'],5
河南大学,公共管理类,"['公共', '管理', '类']",4
河南大学,历史学类,"['历史学', '类']",6
河南大学,日语,['日语'],3
河南大学,俄语,['俄语'],3
河南大学,英语(师范类),"['英语', '(', '师范类', ')']",2
河南大学,生物科学(师范类),"['生物科学', '(', '师范类', ')']",3
河南大学,植物科学与技术,"['植物', '科学', '与', '技术']",2
河南大学,地理科学类,"['地理', '科学', '类']",5
河南大学,教育学类(师范类),"['教育学', '类', '(', '师范类', ')']",4
河南大学,学前教育(师范类),"['学前教育', '(', '师范类', ')']",5
河南大学,建筑类,"['建筑', '类']",4
河南大学,药学,['药学'],14
河南大学,临床医学类,"['临床', '医学类']",5
河南大学,数学类,"['数学', '类']",5
河南大学,工商管理类,"['工商管理', '类']",3
河南大学,旅游管理类,"['旅游', '管理', '类']",5
河南大学,化学类,"['化学', '类']",4
河南大学,计算机类,"['计算机', '类']",5
河南大学,物理学(师范类),"['物理学', '(', '师范类', ')']",3
河南大学,俄语(中外合作办学)(与俄罗斯南联邦大学合作办学),"['俄语', '(', '中外合作', '办学', ')', '(', '与', '俄罗斯', '南', '联邦', '大学', '合作', '办学', ')']",4
河南大学,计算机科学与技术(中外合作办学)(与澳大利亚维多利亚大学合作办学),"['计算机科学', '与', '技术', '(', '中外合作', '办学', ')', '(', '与', '澳大利亚', '维多利亚', '大学', '合作', '办学', ')']",6
河南大学,国际经济与贸易(中外合作办学)(与澳大利亚维多利亚大学合作办学),"['国际', '经济', '与', '贸易', '(', '中外合作', '办学', ')', '(', '与', '澳大利亚', '维多利亚', '大学', '合作', '办学', ')']",5
河南大学,会计学(中外合作办学)(与澳大利亚维多利亚大学合作办学),"['会计学', '(', '中外合作', '办学', ')', '(', '与', '澳大利亚', '维多利亚', '大学', '合作', '办学', ')']",6
河南大学,学前教育(中外合作办学)(与芬兰图尔库大学合作办学),"['学前教育', '(', '中外合作', '办学', ')', '(', '与', '芬兰', '图尔库', '大学', '合作', '办学', ')']",4
河南大学,国际经济与贸易(中外合作办学)(与德国安哈尔特应用技术大学合作办学),"['国际', '经济', '与', '贸易', '(', '中外合作', '办学', ')', '(', '与', '德国', '安哈尔特', '应用', '技术', '大学', '合作', '办学', ')']",5
河南师范大学,数学与应用数学(师范类),"['数学', '与', '应用', '数学', '(', '师范类', ')']",5
河南师范大学,化学(师范类),"['化学', '(', '师范类', ')']",5
河南师范大学,英语(师范类),"['英语', '(', '师范类', ')']",5
河南师范大学,工商管理类,"['工商管理', '类']",5
河南师范大学,计算机科学与技术(师范类),"['计算机科学', '与', '技术', '(', '师范类', ')']",5
河南师范大学,法学类,['法学类'],5
河南师范大学,水产类,"['水产', '类']",10
河南师范大学,思想政治教育(师范类),"['思想', '政治', '教育', '(', '师范类', ')']",5
河南师范大学,汉语国际教育(师范类),"['汉语', '国际', '教育', '(', '师范类', ')']",5
信阳师范学院,应用化学,['应用化学'],5
信阳师范学院,人文地理与城乡规划,"['人文地理', '与', '城乡规划']",5
信阳师范学院,道路桥梁与渡河工程,"['道路', '桥梁', '与', '渡河', '工程']",5
信阳师范学院,生物技术(中外合作办学),"['生物', '技术', '(', '中外合作', '办学', ')']",10
信阳师范学院,土木工程(中外合作办学),"['土木工程', '(', '中外合作', '办学', ')']",10
周口师范学院,日语,['日语'],2
周口师范学院,数据科学与大数据技术,"['数据', '科学', '与', '大', '数据', '技术']",2
周口师范学院,物流管理,"['物流', '管理']",4
周口师范学院,生物制药,['生物制药'],4
周口师范学院,物联网工程,"['物', '联网', '工程']",2
周口师范学院,网络工程,['网络工程'],2
周口师范学院,食品质量与安全,"['食品质量', '与', '安全']",2
周口师范学院,生物工程,['生物工程'],4
周口师范学院,生物技术,"['生物', '技术']",4
周口师范学院,环境工程,['环境工程'],4
周口师范学院,化学工程与工艺,"['化学工程', '与', '工艺']",4
周口师范学院,材料化学,"['材料', '化学']",4
周口师范学院,应用化学,['应用化学'],4
周口师范学院,机械设计制造及其自动化,"['机械设计', '制造', '及其', '自动化']",2
周口师范学院,电气工程及其自动化,"['电气工程', '及其', '自动化']",2
周口师范学院,光电信息科学与工程,"['光电', '信息科学', '与', '工程']",2
周口师范学院,自动化,['自动化'],2
周口师范学院,电子信息工程,"['电子', '信息工程']",2
周口师范学院,应用统计学,"['应用', '统计学']",2
周口师范学院,信息与计算科学,"['信息', '与', '计算', '科学']",2
周口师范学院,法学,['法学'],3
周口师范学院,电子商务,['电子商务'],4
周口师范学院,人力资源管理,"['人力', '资源管理']",4
周口师范学院,财务管理,['财务管理'],4
周口师范学院,国际经济与贸易,"['国际', '经济', '与', '贸易']",2
周口师范学院,心理学(师范类),"['心理学', '(', '师范类', ')']",2
周口师范学院,生物科学(师范类),"['生物科学', '(', '师范类', ')']",4
周口师范学院,化学(师范类),"['化学', '(', '师范类', ')']",4
周口师范学院,物理学(师范类),"['物理学', '(', '师范类', ')']",2
周口师范学院,数学与应用数学(师范类),"['数学', '与', '应用', '数学', '(', '师范类', ')']",2
周口师范学院,思想政治教育(师范类),"['思想', '政治', '教育', '(', '师范类', ')']",2
周口师范学院,历史学(师范类),"['历史学', '(', '师范类', ')']",2
周口师范学院,汉语言文学(师范类),"['汉语言', '文学', '(', '师范类', ')']",2
周口师范学院,英语(师范类),"['英语', '(', '师范类', ')']",2
周口师范学院,学前教育(师范类),"['学前教育', '(', '师范类', ')']",2
周口师范学院,网络与新媒体,"['网络', '与', '新', '媒体']",7
周口师范学院,智能科学与技术,"['智能科学', '与', '技术']",2
周口师范学院,经济学,['经济学'],2
周口师范学院,机械电子工程,"['机械', '电子', '工程']",2
周口师范学院,小学教育(师范类),"['小学', '教育', '(', '师范类', ')']",2
周口师范学院,计算机科学与技术(师范类),"['计算机科学', '与', '技术', '(', '师范类', ')']",4
周口师范学院,建筑电气与智能化(电气智能控制),"['建筑', '电气', '与', '智能化', '(', '电气', '智能', '控制', ')']",2
周口师范学院,翻译,['翻译'],2
周口师范学院,网络空间安全,"['网络空间', '安全']",2
安阳师范学院,汉语言文学(师范类),"['汉语言', '文学', '(', '师范类', ')']",3
安阳师范学院,历史学类,"['历史学', '类']",4
安阳师范学院,计算机科学与技术,"['计算机科学', '与', '技术']",6
安阳师范学院,化学(师范类),"['化学', '(', '师范类', ')']",4
安阳师范学院,制药工程,"['制药', '工程']",3
安阳师范学院,物理学(师范类),"['物理学', '(', '师范类', ')']",3
安阳师范学院,电气工程及其自动化,"['电气工程', '及其', '自动化']",2
安阳师范学院,思想政治教育(师范类),"['思想', '政治', '教育', '(', '师范类', ')']",4
安阳师范学院,法学,['法学'],4
安阳师范学院,数学与应用数学(师范类),"['数学', '与', '应用', '数学', '(', '师范类', ')']",4
安阳师范学院,国际经济与贸易,"['国际', '经济', '与', '贸易']",2
安阳师范学院,土木工程,['土木工程'],3
安阳师范学院,社会学,['社会学'],3
许昌学院,汉语言文学(师范类),"['汉语言', '文学', '(', '师范类', ')']",5
许昌学院,法学,['法学'],5
许昌学院,英语(师范类),"['英语', '(', '师范类', ')']",10
许昌学院,电子商务,['电子商务'],10
许昌学院,应用心理学,"['应用', '心理学']",5
许昌学院,学前教育(师范类),"['学前教育', '(', '师范类', ')']",5
许昌学院,小学教育(师范类),"['小学', '教育', '(', '师范类', ')']",5
许昌学院,数学与应用数学(师范类),"['数学', '与', '应用', '数学', '(', '师范类', ')']",8
许昌学院,电子信息工程,"['电子', '信息工程']",5
许昌学院,纳米材料与技术,"['纳米材料', '与', '技术']",8
许昌学院,地理科学(师范类),"['地理', '科学', '(', '师范类', ')']",5
许昌学院,风景园林,['风景园林'],5
许昌学院,数字媒体技术,"['数字', '媒体', '技术']",5
许昌学院,物联网工程,"['物', '联网', '工程']",10
许昌学院,数据科学与大数据技术,"['数据', '科学', '与', '大', '数据', '技术']",10
许昌学院,食品科学与工程,"['食品科学', '与', '工程']",5
许昌学院,工程造价,['工程造价'],5
南阳师范学院,法学,['法学'],10
南阳师范学院,政治学与行政学,"['政治学', '与', '行政', '学']",5
南阳师范学院,制药工程,"['制药', '工程']",8
南阳师范学院,机械类,['机械类'],14
南阳师范学院,自动化,['自动化'],8
南阳师范学院,软件工程(软件开发方向),"['软件工程', '(', '软件开发', '方向', ')']",16
南阳师范学院,计算机类,"['计算机', '类']",14
南阳师范学院,国际经济与贸易,"['国际', '经济', '与', '贸易']",10
南阳师范学院,生物工程,['生物工程'],6
南阳师范学院,农学,['农学'],8
南阳师范学院,统计学,['统计学'],10
南阳师范学院,环境科学与工程,"['环境', '科学', '与', '工程']",6
南阳师范学院,土木类,"['土木', '类']",14
南阳师范学院,汉语言文学(师范类),"['汉语言', '文学', '(', '师范类', ')']",4
南阳师范学院,电子信息类,"['电子信息', '类']",12
南阳师范学院,智能感知工程,"['智能', '感知', '工程']",5
南阳师范学院,新闻学,['新闻学'],8
洛阳师范学院,思想政治教育(师范类),"['思想', '政治', '教育', '(', '师范类', ')']",6
洛阳师范学院,汉语言文学(师范类),"['汉语言', '文学', '(', '师范类', ')']",6
洛阳师范学院,历史学(师范类),"['历史学', '(', '师范类', ')']",6
洛阳师范学院,英语(师范类),"['英语', '(', '师范类', ')']",6
洛阳师范学院,日语,['日语'],6
洛阳师范学院,数学与应用数学(师范类),"['数学', '与', '应用', '数学', '(', '师范类', ')']",6
洛阳师范学院,应用统计学,"['应用', '统计学']",6
洛阳师范学院,化学(师范类),"['化学', '(', '师范类', ')']",6
洛阳师范学院,教育学(师范类),"['教育学', '(', '师范类', ')']",6
洛阳师范学院,生物科学(师范类),"['生物科学', '(', '师范类', ')']",6
洛阳师范学院,国际经济与贸易,"['国际', '经济', '与', '贸易']",6
洛阳师范学院,会计学,['会计学'],6
洛阳师范学院,土地资源管理,"['土地', '资源管理']",6
洛阳师范学院,地理科学(师范类),"['地理', '科学', '(', '师范类', ')']",6
商丘师范学院,汉语言文学(师范类),"['汉语言', '文学', '(', '师范类', ')']",3
商丘师范学院,文化产业管理,"['文化产业', '管理']",2
商丘师范学院,历史学(师范类),"['历史学', '(', '师范类', ')']",2
商丘师范学院,秘书学,['秘书学'],2
商丘师范学院,金融数学,"['金融', '数学']",1
商丘师范学院,统计学,['统计学'],2
商丘师范学院,数学与应用数学(师范类),"['数学', '与', '应用', '数学', '(', '师范类', ')']",3
商丘师范学院,物理学(师范类),"['物理学', '(', '师范类', ')']",2
商丘师范学院,通信工程,['通信工程'],2
商丘师范学院,汽车服务工程,"['汽车', '服务', '工程']",2
商丘师范学院,电气工程及其自动化,"['电气工程', '及其', '自动化']",2
商丘师范学院,电子信息工程,"['电子', '信息工程']",2
商丘师范学院,自动化,['自动化'],2
商丘师范学院,新能源科学与工程,"['新', '能源科学', '与', '工程']",3
商丘师范学院,制药工程,"['制药', '工程']",2
商丘师范学院,化学(师范类),"['化学', '(', '师范类', ')']",2
商丘师范学院,材料科学与工程,"['材料科学', '与', '工程']",3
商丘师范学院,英语(师范类),"['英语', '(', '师范类', ')']",3
商丘师范学院,翻译,['翻译'],2
商丘师范学院,商务英语,['商务英语'],1
商丘师范学院,法学,['法学'],2
商丘师范学院,社会工作,['社会工作'],3
商丘师范学院,生物科学(师范类),"['生物科学', '(', '师范类', ')']",2
商丘师范学院,生物工程,['生物工程'],4
商丘师范学院,食品科学与工程,"['食品科学', '与', '工程']",2
商丘师范学院,电子商务,['电子商务'],2
商丘师范学院,物联网工程,"['物', '联网', '工程']",2
商丘师范学院,人工智能,['人工智能'],2
商丘师范学院,学前教育(师范类),"['学前教育', '(', '师范类', ')']",2
商丘师范学院,教育学(师范类),"['教育学', '(', '师范类', ')']",2
商丘师范学院,城乡规划,['城乡规划'],2
商丘师范学院,园林,['园林'],2
商丘师范学院,测绘工程,"['测绘', '工程']",2
商丘师范学院,地理科学(师范类),"['地理', '科学', '(', '师范类', ')']",3
商丘师范学院,广播电视学,"['广播电视', '学']",2
商丘师范学院,网络与新媒体,"['网络', '与', '新', '媒体']",2
商丘师范学院,物流管理,"['物流', '管理']",1
商丘师范学院,经济学,['经济学'],2
商丘师范学院,财务管理,['财务管理'],1
商丘师范学院,国际经济与贸易,"['国际', '经济', '与', '贸易']",1
商丘师范学院,投资学,"['投资', '学']",2
商丘师范学院,建筑电气与智能化,"['建筑', '电气', '与', '智能化']",3
商丘师范学院,建筑学,['建筑学'],3
商丘师范学院,土木工程,['土木工程'],2
河南财经政法大学,管理科学与工程类,"['管理科学', '与', '工程', '类']",2
河南财经政法大学,房地产开发与管理,"['房地产', '开发', '与', '管理']",2
河南财经政法大学,金融学类,"['金融学', '类']",2
河南财经政法大学,财务管理,['财务管理'],2
河南财经政法大学,会计学,['会计学'],2
河南财经政法大学,经济学类,"['经济学', '类']",2
河南财经政法大学,外国语言文学类,"['外国', '语言', '文学类']",2
河南财经政法大学,法学,['法学'],7
河南财经政法大学,财政学类,"['财政学', '类']",2
河南财经政法大学,社会学类,"['社会学', '类']",2
河南财经政法大学,金融学(中外合作办学),"['金融学', '(', '中外合作', '办学', ')']",6
河南财经政法大学,人文地理与城乡规划(中外合作办学),"['人文地理', '与', '城乡规划', '(', '中外合作', '办学', ')']",4
郑州航空工业管理学院,工商管理类,"['工商管理', '类']",8
郑州航空工业管理学院,工业工程类,"['工业', '工程', '类']",3
郑州航空工业管理学院,物流管理与工程类,"['物流', '管理', '与', '工程', '类']",3
郑州航空工业管理学院,金融学类,"['金融学', '类']",3
郑州航空工业管理学院,信息管理与信息系统,"['信息管理', '与', '信息系统']",2
郑州航空工业管理学院,机械类,['机械类'],4
郑州航空工业管理学院,电气工程及其自动化,"['电气工程', '及其', '自动化']",2
郑州航空工业管理学院,数学与应用数学,"['数学', '与', '应用', '数学']",2
郑州航空工业管理学院,安全工程,['安全工程'],2
郑州航空工业管理学院,计算机类,"['计算机', '类']",2
郑州航空工业管理学院,电子信息类,"['电子信息', '类']",2
郑州航空工业管理学院,材料类,"['材料', '类']",2
郑州航空工业管理学院,土木类,"['土木', '类']",2
郑州航空工业管理学院,工程管理,"['工程', '管理']",2
郑州航空工业管理学院,中国语言文学类,"['中国', '语言', '文学类']",4
郑州航空工业管理学院,外国语言文学类,"['外国', '语言', '文学类']",2
郑州航空工业管理学院,飞行器质量与可靠性,"['飞行器', '质量', '与', '可靠性']",2
郑州航空工业管理学院,无人驾驶航空器系统工程,"['无人驾驶', '航空器', '系统工程']",2
郑州航空工业管理学院,人工智能,['人工智能'],3
郑州航空工业管理学院,飞行器设计与工程(中外合作办学),"['飞行器', '设计', '与', '工程', '(', '中外合作', '办学', ')']",6
郑州航空工业管理学院,质量管理工程(中外合作办学),"['质量', '管理', '工程', '(', '中外合作', '办学', ')']",3
郑州航空工业管理学院,信息管理与信息系统(中外合作办学),"['信息管理', '与', '信息系统', '(', '中外合作', '办学', ')']",3
郑州航空工业管理学院,自动化(中外合作办学),"['自动化', '(', '中外合作', '办学', ')']",3
郑州航空工业管理学院,材料成型及控制工程(中外合作办学),"['材料', '成型', '及', '控制工程', '(', '中外合作', '办学', ')']",3
武汉大学,中国语言文学类(含中国语言文学国家拔尖学生培养基地),"['中国', '语言', '文学类', '(', '含', '中国', '语言文学', '国家', '拔尖', '学生', '培养', '基地', ')']",5
武汉大学,社会学(知行试验班),"['社会学', '(', '知', '行', '试验班', ')']",2
武汉大学,物理学类(含物理学国家拔尖学生培养基地),"['物理学', '类', '(', '含', '物理学', '国家', '拔尖', '学生', '培养', '基地', ')']",9
武汉大学,理科试验班(弘毅学堂),"['理科', '试验班', '(', '弘毅', '学堂', ')']",3
武汉大学,哲学类(含哲学国家拔尖学生培养基地),"['哲学', '类', '(', '含', '哲学', '国家', '拔尖', '学生', '培养', '基地', ')']",2
武汉大学,理科试验班(空间信息与资源环境类),"['理科', '试验班', '(', '空间信息', '与', '资源', '环境', '类', ')']",4
武汉大学,信息管理与信息系统,"['信息管理', '与', '信息系统']",3
武汉大学,口腔医学(八年制),"['口腔医学', '(', '八年', '制', ')']",2
武汉大学,口腔医学(五年制),"['口腔医学', '(', '五年制', ')']",2
武汉大学,测绘类(含卓越工程师教育培养计划),"['测绘', '类', '(', '含', '卓越', '工程师', '教育培养', '计划', ')']",10
武汉大学,国际经济与贸易(弘毅学堂数字贸易与金融试验班),"['国际', '经济', '与', '贸易', '(', '弘毅', '学堂', '数字', '贸易', '与', '金融', '试验班', ')']",2
武汉大学,临床医学(八年制，弘毅学堂),"['临床医学', '(', '八年', '制', '，', '弘毅', '学堂', ')']",2
武汉大学,文科试验班类(弘毅学堂PLE试验班),"['文科', '试验班', '类', '(', '弘毅', '学堂', 'PLE', '试验班', ')']",2
武汉大学,工科试验班(弘毅学堂),"['工科', '试验班', '(', '弘毅', '学堂', ')']",2
武汉大学,外国语言文学类,"['外国', '语言', '文学类']",2
武汉大学,经济学类(含经济学国家拔尖学生培养基地),"['经济学', '类', '(', '含', '经济学', '国家', '拔尖', '学生', '培养', '基地', ')']",8
武汉大学,工商管理类,"['工商管理', '类']",8
武汉大学,公共管理类,"['公共', '管理', '类']",2
武汉大学,数学类(含数学国家拔尖学生培养基地),"['数学', '类', '(', '含', '数学', '国家', '拔尖', '学生', '培养', '基地', ')']",6
武汉大学,化学类(含化学国家拔尖学生培养基地),"['化学', '类', '(', '含', '化学', '国家', '拔尖', '学生', '培养', '基地', ')']",7
武汉大学,生物科学类(含生物国家拔尖学生培养基地),"['生物科学', '类', '(', '含', '生物', '国家', '拔尖', '学生', '培养', '基地', ')']",6
武汉大学,计算机类(国家网络安全学院),"['计算机', '类', '(', '国家', '网络安全', '学院', ')']",13
武汉大学,新闻传播学类(含卓越新闻传播人才教育培养计划),"['新闻', '传播学', '类', '(', '含', '卓越', '新闻', '传播', '人才', '教育培养', '计划', ')']",4
武汉大学,法学(含国际法试验班),"['法学', '(', '含', '国际法', '试验班', ')']",10
武汉大学,人文科学试验班(弘毅学堂),"['人文科学', '试验班', '(', '弘毅', '学堂', ')']",2
武汉大学,金融学类(弘毅学堂数理经济与数理金融试验班),"['金融学', '类', '(', '弘毅', '学堂', '数理经济', '与', '数理', '金融', '试验班', ')']",2
武汉大学,临床医学(八年制),"['临床医学', '(', '八年', '制', ')']",2
武汉大学,临床医学(5+3一体化),"['临床医学', '(', '5', '+', '3', '一体化', ')']",7
武汉大学,计算机类(计算机学院),"['计算机', '类', '(', '计算机', '学院', ')']",14
武汉大学,电子信息类(含卓越工程师教育培养计划),"['电子信息', '类', '(', '含', '卓越', '工程师', '教育培养', '计划', ')']",14
武汉大学,遥感科学与技术,"['遥感', '科学', '与', '技术']",12
武汉大学,工科试验班(包含卓越工程师教育培养计划),"['工科', '试验班', '(', '包含', '卓越', '工程师', '教育培养', '计划', ')']",22
华中科技大学,物理学类,"['物理学', '类']",5
华中科技大学,机械类,['机械类'],14
华中科技大学,材料类,"['材料', '类']",12
华中科技大学,能源动力类,"['能源动力', '类']",10
华中科技大学,航空航天类,"['航空航天', '类']",4
华中科技大学,电气工程及其自动化,"['电气工程', '及其', '自动化']",12
华中科技大学,生物医学工程类(国家生命科学与技术人才试验班),"['生物医学', '工程', '类', '(', '国家', '生命科学', '与', '技术', '人才', '试验班', ')']",7
华中科技大学,电子信息类(电信学院),"['电子信息', '类', '(', '电信', '学院', ')']",15
华中科技大学,电子信息类(光电学院),"['电子信息', '类', '(', '光电', '学院', ')']",10
华中科技大学,计算机类(计算机学院),"['计算机', '类', '(', '计算机', '学院', ')']",21
华中科技大学,自动化类,"['自动化', '类']",11
华中科技大学,工商管理类,"['工商管理', '类']",5
华中科技大学,管理科学与工程类(大数据管理与供应链优化试验班),"['管理科学', '与', '工程', '类', '(', '大', '数据管理', '与', '供应链', '优化', '试验班', ')']",5
华中科技大学,经济学类,"['经济学', '类']",8
华中科技大学,公共管理类,"['公共', '管理', '类']",2
华中科技大学,电子信息类(启明光电信息本硕博实验班),"['电子信息', '类', '(', '启明', '光电', '信息', '本硕博', '实验班', ')']",5
华中科技大学,临床医学(本博贯通培养),"['临床医学', '(', '本博', '贯通', '培养', ')']",3
华中科技大学,临床医学类,"['临床', '医学类']",14
华中科技大学,数学类,"['数学', '类']",2
华中科技大学,经济学(经济学创新实验班),"['经济学', '(', '经济学', '创新', '实验班', ')']",2
华中科技大学,光电信息科学与工程(未来技术学院),"['光电', '信息科学', '与', '工程', '(', '未来', '技术', '学院', ')']",2
华中科技大学,生物科学(中外合作办学),"['生物科学', '(', '中外合作', '办学', ')']",10
武汉科技大学,机械类,['机械类'],8
武汉科技大学,计算机类,"['计算机', '类']",6
武汉科技大学,自动化类,"['自动化', '类']",13
武汉科技大学,土木类,"['土木', '类']",4
武汉科技大学,材料类,"['材料', '类']",18
武汉科技大学,应用化学,['应用化学'],2
武汉科技大学,化工与制药类,"['化工', '与', '制药', '类']",4
武汉科技大学,临床医学,['临床医学'],4
武汉科技大学,工商管理类,"['工商管理', '类']",8
武汉科技大学,外国语言文学类,"['外国', '语言', '文学类']",4
武汉科技大学,德语,['德语'],4
武汉科技大学,经济与贸易类,"['经济', '与', '贸易', '类']",5
武汉科技大学,行政管理,"['行政', '管理']",2
长江大学,新闻传播学类,"['新闻', '传播学', '类']",1
长江大学,历史学(师范),"['历史学', '(', '师范', ')']",1
长江大学,中国语言文学类(师范类),"['中国', '语言', '文学类', '(', '师范类', ')']",3
长江大学,外国语言文学类(师范类),"['外国', '语言', '文学类', '(', '师范类', ')']",2
长江大学,日语(语言、商务),"['日语', '(', '语言', '、', '商务', ')']",3
长江大学,教育学类(师范类),"['教育学', '类', '(', '师范类', ')']",4
长江大学,经济学类,"['经济学', '类']",5
长江大学,金融学(含荆楚卓越人才协同育人计划),"['金融学', '(', '含', '荆楚', '卓越', '人才', '协同', '育人', '计划', ')']",2
长江大学,工商管理类,"['工商管理', '类']",14
长江大学,信息管理与信息系统,"['信息管理', '与', '信息系统']",4
长江大学,法学类,['法学类'],2
长江大学,思想政治教育(师范),"['思想', '政治', '教育', '(', '师范', ')']",2
长江大学,数学类(师范),"['数学', '类', '(', '师范', ')']",3
长江大学,光电信息科学与工程,"['光电', '信息科学', '与', '工程']",3
长江大学,化学类(师范类),"['化学', '类', '(', '师范类', ')']",6
长江大学,环境工程,['环境工程'],5
长江大学,工业设计(智能化产品),"['工业', '设计', '(', '智能化', '产品', ')']",2
长江大学,机械类(教育部卓越工程师、省支柱产业人才培养计划),"['机械类', '(', '教育部', '卓越', '工程师', '、', '省', '支柱产业', '人才培养', '计划', ')']",6
长江大学,电子信息类(教育部卓越工程师、省支柱产业人才培养计划),"['电子信息', '类', '(', '教育部', '卓越', '工程师', '、', '省', '支柱产业', '人才培养', '计划', ')']",4
长江大学,测控技术与仪器(智能感知),"['测控', '技术', '与', '仪器', '(', '智能', '感知', ')']",2
长江大学,计算机类,"['计算机', '类']",8
长江大学,信息安全,['信息安全'],2
长江大学,土木类,"['土木', '类']",10
长江大学,建筑类,"['建筑', '类']",4
长江大学,环境科学与工程类,"['环境', '科学', '与', '工程', '类']",7
长江大学,地球物理学类(国家特色专业，含教育部卓越工程师培养计划),"['地球', '物理学', '类', '(', '国家', '特色', '专业', '，', '含', '教育部', '卓越', '工程师', '培养', '计划', ')']",12
长江大学,数据科学与大数据技术,"['数据', '科学', '与', '大', '数据', '技术']",2
长江大学,资源勘查工程(石油勘探、新能源、油气测录工程),"['资源', '勘查', '工程', '(', '石油勘探', '、', '新能源', '、', '油气', '测录', '工程', ')']",7
长江大学,地质学,['地质学'],5
长江大学,地球信息科学与技术,"['地球', '信息科学', '与', '技术']",7
长江大学,海洋油气工程,"['海洋', '油气', '工程']",8
长江大学,石油工程(含中俄能源方向、教育部卓越工程师培养计划),"['石油', '工程', '(', '含中', '俄', '能源', '方向', '、', '教育部', '卓越', '工程师', '培养', '计划', ')']",14
长江大学,油气储运工程(含中俄能源方向),"['油气', '储运', '工程', '(', '含中', '俄', '能源', '方向', ')']",8
长江大学,植物生产类(含教育部卓越农林、省支柱产业人才培养计划),"['植物', '生产', '类', '(', '含', '教育部', '卓越', '农林', '、', '省', '支柱产业', '人才培养', '计划', ')']",11
长江大学,农业资源与环境(生态农业),"['农业', '资源', '与', '环境', '(', '生态农业', ')']",4
长江大学,园艺(教育部卓越农林、省荆楚卓越人才计划),"['园艺', '(', '教育部', '卓越', '农林', '、', '省', '荆楚', '卓越', '人才', '计划', ')']",6
长江大学,风景园林,['风景园林'],5
长江大学,动物医学类(含教育部卓越农林人才教育培养计划),"['动物', '医学类', '(', '含', '教育部', '卓越', '农林', '人才', '教育培养', '计划', ')']",11
长江大学,生物科学类,"['生物科学', '类']",5
长江大学,食品科学与工程类,"['食品科学', '与', '工程', '类']",4
长江大学,临床医学(含教育部卓越医生、省荆楚卓越人才育人计划),"['临床医学', '(', '含', '教育部', '卓越', '医生', '、', '省', '荆楚', '卓越', '人才', '育人', '计划', ')']",2
长江大学,中西医临床医学,"['中西医', '临床医学']",1
长江大学,医学技术类,"['医学', '技术类']",2
长江大学,护理学,['护理学'],7
长江大学,园林(教育部卓越农林培养计划),"['园林', '(', '教育部', '卓越', '农林', '培养', '计划', ')']",2
长江大学,地理信息科学(含省支柱产业人才计划),"['地理信息', '科学', '(', '含省', '支柱产业', '人才', '计划', ')']",6
长江大学,化工与制药类,"['化工', '与', '制药', '类']",6
长江大学,土木工程(中外合作办学),"['土木工程', '(', '中外合作', '办学', ')']",13
武汉工程大学,化学工程与工艺(智能化工、精细化学品、电子化学品材料方向),"['化学工程', '与', '工艺', '(', '智能', '化工', '、', '精细', '化学品', '、', '电子', '化学品', '材料', '方向', ')']",2
武汉工程大学,制药工程,"['制药', '工程']",3
武汉工程大学,药物制剂,['药物制剂'],3
武汉工程大学,机器人工程,"['机器人', '工程']",2
武汉工程大学,机械电子工程(半导体芯片方向),"['机械', '电子', '工程', '(', '半导体芯片', '方向', ')']",2
武汉工程大学,机械设计制造及其自动化(智能制造方向),"['机械设计', '制造', '及其', '自动化', '(', '智能', '制造', '方向', ')']",4
武汉工程大学,过程装备与控制工程(含智能装备与控制、新能源装备方向),"['过程', '装备', '与', '控制工程', '(', '含', '智能', '装备', '与', '控制', '、', '新能源', '装备', '方向', ')']",4
武汉工程大学,材料成型及控制工程(智能成型与增材制造方向),"['材料', '成型', '及', '控制工程', '(', '智能', '成型', '与', '增材', '制造', '方向', ')']",3
武汉工程大学,电气工程及其自动化,"['电气工程', '及其', '自动化']",5
武汉工程大学,电子信息工程(含集成电路设计、模式识别与智能系统方向),"['电子', '信息工程', '(', '含', '集成电路', '设计', '、', '模式识别', '与', '智能', '系统', '方向', ')']",3
武汉工程大学,通信工程(融合通信与智慧互联方向),"['通信工程', '(', '融合', '通信', '与', '智慧', '互联', '方向', ')']",3
武汉工程大学,信息工程(含智能信息处理、信息系统工程方向),"['信息工程', '(', '含', '智能', '信息处理', '、', '信息系统', '工程', '方向', ')']",4
武汉工程大学,测控技术与仪器(智能传感器及智能化工程方向),"['测控', '技术', '与', '仪器', '(', '智能', '传感器', '及', '智能化', '工程', '方向', ')']",4
武汉工程大学,自动化(含智能机器人、智能控制与技术方向),"['自动化', '(', '含', '智能', '机器人', '、', '智能', '控制', '与', '技术', '方向', ')']",3
武汉工程大学,建筑类,"['建筑', '类']",3
武汉工程大学,材料类,"['材料', '类']",3
武汉工程大学,材料物理(半导体芯片制造方向),"['材料', '物理', '(', '半导体芯片', '制造', '方向', ')']",2
武汉工程大学,新能源材料与器件(光电与智能材料方向),"['新能源', '材料', '与', '器件', '(', '光电', '与', '智能', '材料', '方向', ')']",2
武汉工程大学,电子商务(国家级一流本科专业),"['电子商务', '(', '国家级', '一流', '本科专业', ')']",2
武汉工程大学,会计学(含大数据会计、智能财务方向),"['会计学', '(', '含大', '数据', '会计', '、', '智能', '财务', '方向', ')']",4
武汉工程大学,会计学(辅修英语专业双学位),"['会计学', '(', '辅修', '英语专业', '双学位', ')']",2
武汉工程大学,信息管理与信息系统(商务智能决策方向),"['信息管理', '与', '信息系统', '(', '商务', '智能', '决策', '方向', ')']",2
武汉工程大学,计算机类,"['计算机', '类']",5
武汉工程大学,软件工程,['软件工程'],2
武汉工程大学,人工智能,['人工智能'],2
武汉工程大学,人工智能(机器人方向特色班),"['人工智能', '(', '机器人', '方向', '特色', '班', ')']",3
武汉工程大学,人工智能(深度学习方向特色班),"['人工智能', '(', '深度', '学习', '方向', '特色', '班', ')']",2
武汉工程大学,法学类,['法学类'],3
武汉工程大学,知识产权(大数据与网络法学方向),"['知识产权', '(', '大', '数据', '与', '网络', '法学', '方向', ')']",2
武汉工程大学,环境工程,['环境工程'],3
武汉工程大学,应用化学,['应用化学'],5
武汉工程大学,光电信息科学与工程(含微电子、光器件方向),"['光电', '信息科学', '与', '工程', '(', '含', '微电子', '、', '光', '器件', '方向', ')']",4
武汉工程大学,能源与动力工程,"['能源', '与', '动力工程']",5
武汉工程大学,信息与计算科学,"['信息', '与', '计算', '科学']",3
武汉工程大学,数据科学与大数据技术,"['数据', '科学', '与', '大', '数据', '技术']",3
武汉工程大学,英语(含文化传播、英语教育、商务方向),"['英语', '(', '含', '文化', '传播', '、', '英语教育', '、', '商务', '方向', ')']",4
武汉工程大学,英语(辅修法学专业双学位),"['英语', '(', '辅修', '法学专业', '双学位', ')']",2
武汉工程大学,汉语国际教育(含文化传播、智慧教学方向),"['汉语', '国际', '教育', '(', '含', '文化', '传播', '、', '智慧', '教学', '方向', ')']",3
武汉工程大学,工业设计,"['工业', '设计']",3
武汉工程大学,应急技术与管理,"['应急', '技术', '与', '管理']",3
武汉工程大学,化学工程与工艺(辅修英语专业双学位),"['化学工程', '与', '工艺', '(', '辅修', '英语专业', '双学位', ')']",2
武汉工程大学,生物科学类,"['生物科学', '类']",3
武汉工程大学,化学工程与工艺(中外合作办学),"['化学工程', '与', '工艺', '(', '中外合作', '办学', ')']",5
中国地质大学(武汉),地质学类(国家拔尖计划，国家理科基地班),"['地质学', '类', '(', '国家', '拔尖', '计划', '，', '国家', '理科', '基地', '班', ')']",6
中国地质大学(武汉),地质学类,"['地质学', '类']",3
中国地质大学(武汉),材料类,"['材料', '类']",9
中国地质大学(武汉),大气科学,"['大气', '科学']",5
中国地质大学(武汉),地球物理学(国家拔尖计划),"['地球', '物理学', '(', '国家', '拔尖', '计划', ')']",5
中国地质大学(武汉),电子信息类,"['电子信息', '类']",21
中国地质大学(武汉),经济学类,"['经济学', '类']",14
中国地质大学(武汉),地理科学类,"['地理', '科学', '类']",9
中国地质大学(武汉),测绘类(测绘与信息类),"['测绘', '类', '(', '测绘', '与', '信息', '类', ')']",16
中国地质大学(武汉),数学类,"['数学', '类']",8
中国地质大学(武汉),宝石及材料工艺学,"['宝石', '及', '材料', '工艺学']",6
中国地质大学(武汉),公共管理类(文法),"['公共', '管理', '类', '(', '文法', ')']",6
中国地质大学(武汉),广播电视学,"['广播电视', '学']",4
中国地质大学(武汉),地质类(资源能源),"['地质', '类', '(', '资源', '能源', ')']",13
中国地质大学(武汉),应用化学,['应用化学'],5
中国地质大学(武汉),环境科学与工程类(环境地球科学类),"['环境', '科学', '与', '工程', '类', '(', '环境', '地球科学', '类', ')']",14
中国地质大学(武汉),海洋科学类,"['海洋', '科学', '类']",7
中国地质大学(武汉),自动化类,"['自动化', '类']",13
中国地质大学(武汉),英语,['英语'],8
中国地质大学(武汉),计算机类,"['计算机', '类']",20
中国地质大学(武汉),思想政治教育,"['思想', '政治', '教育']",3
中国地质大学(武汉),地下水科学与工程(中外合作办学),"['地下水', '科学', '与', '工程', '(', '中外合作', '办学', ')']",6
中国地质大学(武汉),计算机科学与技术(中外合作办学)(大数据方向),"['计算机科学', '与', '技术', '(', '中外合作', '办学', ')', '(', '大', '数据', '方向', ')']",6
武汉纺织大学,服装设计与工程,"['服装设计', '与', '工程']",4
武汉纺织大学,纺织类,"['纺织', '类']",6
武汉纺织大学,工商管理类,"['工商管理', '类']",4
武汉纺织大学,化学类,"['化学', '类']",4
武汉纺织大学,计算机类,"['计算机', '类']",5
武汉纺织大学,大数据管理与应用,"['大', '数据管理', '与', '应用']",2
武汉轻工大学,食品科学与工程类,"['食品科学', '与', '工程', '类']",3
武汉轻工大学,机械类,['机械类'],3
武汉轻工大学,电子信息类,"['电子信息', '类']",4
武汉轻工大学,计算机类,"['计算机', '类']",3
武汉轻工大学,工商管理类,"['工商管理', '类']",3
武汉轻工大学,金融学(大数据金融实验班),"['金融学', '(', '大', '数据', '金融', '实验班', ')']",3
武汉理工大学,材料类,"['材料', '类']",25
武汉理工大学,交通运输类,"['交通运输', '类']",12
武汉理工大学,机械设计制造及其自动化,"['机械设计', '制造', '及其', '自动化']",13
武汉理工大学,机械类(车辆),"['机械类', '(', '车辆', ')']",31
武汉理工大学,材料成型及控制工程,"['材料', '成型', '及', '控制工程']",9
武汉理工大学,土木类,"['土木', '类']",30
武汉理工大学,建筑类,"['建筑', '类']",4
武汉理工大学,地理信息科学,"['地理信息', '科学']",6
武汉理工大学,环境科学与工程类,"['环境', '科学', '与', '工程', '类']",10
武汉理工大学,电子信息类,"['电子信息', '类']",30
武汉理工大学,计算机类,"['计算机', '类']",24
武汉理工大学,自动化类,"['自动化', '类']",28
武汉理工大学,导航工程,"['导航', '工程']",6
武汉理工大学,应用化学,['应用化学'],6
武汉理工大学,化工与制药类(含生物方向),"['化工', '与', '制药', '类', '(', '含', '生物', '方向', ')']",28
武汉理工大学,信息管理与信息系统,"['信息管理', '与', '信息系统']",4
武汉理工大学,工商管理类,"['工商管理', '类']",22
武汉理工大学,经济学类,"['经济学', '类']",10
武汉理工大学,电子商务,['电子商务'],5
武汉理工大学,工业设计,"['工业', '设计']",3
武汉理工大学,外国语言文学类,"['外国', '语言', '文学类']",13
武汉理工大学,思想政治教育,"['思想', '政治', '教育']",5
武汉理工大学,法学类,['法学类'],15
武汉理工大学,新闻传播学类,"['新闻', '传播学', '类']",4
武汉理工大学,电子信息类(微电子本硕实验班),"['电子信息', '类', '(', '微电子', '本硕', '实验班', ')']",3
武汉理工大学,电子信息类(通信本硕实验班),"['电子信息', '类', '(', '通信', '本硕', '实验班', ')']",4
武汉理工大学,交通运输类(本硕实验班),"['交通运输', '类', '(', '本硕', '实验班', ')']",3
武汉理工大学,机械工程(智能制造本硕实验班),"['机械工程', '(', '智能', '制造', '本硕', '实验班', ')']",4
武汉理工大学,物流管理与工程类,"['物流', '管理', '与', '工程', '类']",10
武汉理工大学,海洋工程类,"['海洋工程', '类']",16
武汉理工大学,机械类(智能制造),"['机械类', '(', '智能', '制造', ')']",25
武汉理工大学,数学类,"['数学', '类']",19
武汉理工大学,管理科学与工程类(大数据管理与安全科学),"['管理科学', '与', '工程', '类', '(', '大', '数据管理', '与', '安全', '科学', ')']",11
武汉理工大学,车辆工程(中外合作办学),"['车辆', '工程', '(', '中外合作', '办学', ')']",15
武汉理工大学,金融学(中外合作办学),"['金融学', '(', '中外合作', '办学', ')']",5
武汉理工大学,生物科学类(中外合作办学),"['生物科学', '类', '(', '中外合作', '办学', ')']",12
湖北工业大学,机械设计制造及其自动化,"['机械设计', '制造', '及其', '自动化']",4
湖北工业大学,电气工程及其自动化,"['电气工程', '及其', '自动化']",5
湖北工业大学,轻化工程,"['轻化', '工程']",3
湖北工业大学,生物技术,"['生物', '技术']",3
湖北工业大学,土木工程,['土木工程'],4
湖北工业大学,城乡规划,['城乡规划'],2
湖北工业大学,环境工程,['环境工程'],2
湖北工业大学,工商管理类,"['工商管理', '类']",5
湖北工业大学,能源经济,['能源经济'],2
湖北工业大学,机械设计制造及其自动化(中外合作办学)(中美合作办学),"['机械设计', '制造', '及其', '自动化', '(', '中外合作', '办学', ')', '(', '中美合作', '办学', ')']",15
湖北工业大学,电气工程及其自动化(中外合作办学)(中美合作办学),"['电气工程', '及其', '自动化', '(', '中外合作', '办学', ')', '(', '中美合作', '办学', ')']",15
湖北工业大学,环境工程(中外合作办学)(中美合作办学),"['环境工程', '(', '中外合作', '办学', ')', '(', '中美合作', '办学', ')']",12
湖北工业大学,软件工程(中外合作办学)(中美合作办学),"['软件工程', '(', '中外合作', '办学', ')', '(', '中美合作', '办学', ')']",13
华中农业大学,生物科学类,"['生物科学', '类']",9
华中农业大学,生物工程,['生物工程'],5
华中农业大学,应用化学,['应用化学'],10
华中农业大学,信息与计算科学,"['信息', '与', '计算', '科学']",8
华中农业大学,光电信息科学与工程,"['光电', '信息科学', '与', '工程']",3
华中农业大学,生物信息学,"['生物', '信息学']",3
华中农业大学,计算机类,"['计算机', '类']",10
华中农业大学,食品科学与工程类,"['食品科学', '与', '工程', '类']",12
华中农业大学,农业工程类,"['农业', '工程', '类']",4
华中农业大学,机械类,['机械类'],25
华中农业大学,园林(国家卓越农林人才计划),"['园林', '(', '国家', '卓越', '农林', '人才', '计划', ')']",1
华中农业大学,园艺(国家卓越农林人才计划),"['园艺', '(', '国家', '卓越', '农林', '人才', '计划', ')']",3
华中农业大学,林学,['林学'],4
华中农业大学,茶学,['茶学'],3
华中农业大学,风景园林,['风景园林'],2
华中农业大学,设施农业科学与工程,"['设施', '农业', '科学', '与', '工程']",1
华中农业大学,水产类,"['水产', '类']",18
华中农业大学,动物科学(国家卓越农林人才计划),"['动物', '科学', '(', '国家', '卓越', '农林', '人才', '计划', ')']",8
华中农业大学,动物医学,"['动物', '医学']",11
华中农业大学,植物生产类,"['植物', '生产', '类']",14
华中农业大学,智慧农业,"['智慧', '农业']",20
华中农业大学,环境科学与工程类,"['环境', '科学', '与', '工程', '类']",16
华中农业大学,地理信息科学,"['地理信息', '科学']",3
华中农业大学,社会学类,"['社会学', '类']",5
华中农业大学,法学,['法学'],2
华中农业大学,广告学,['广告学'],7
华中农业大学,经济学类,"['经济学', '类']",23
华中农业大学,工商管理类,"['工商管理', '类']",10
华中农业大学,外国语言文学类,"['外国', '语言', '文学类']",14
华中农业大学,公共管理类,"['公共', '管理', '类']",7
华中农业大学,管理科学与工程类,"['管理科学', '与', '工程', '类']",6
湖北中医药大学,中医学,['中医学'],2
湖北中医药大学,中医学(美容与康复方向),"['中医学', '(', '美容', '与', '康复', '方向', ')']",3
湖北中医药大学,针灸推拿学,"['针灸', '推拿学']",3
湖北中医药大学,针灸推拿学(针刀方向),"['针灸', '推拿学', '(', '针刀', '方向', ')']",3
湖北中医药大学,康复治疗学,"['康复', '治疗学']",2
湖北中医药大学,中西医临床医学,"['中西医', '临床医学']",2
湖北中医药大学,医学影像技术,"['医学影像', '技术']",3
湖北中医药大学,医学实验技术,"['医学', '实验', '技术']",2
湖北中医药大学,中药学,['中药学'],3
湖北中医药大学,药学,['药学'],3
湖北中医药大学,制药工程,"['制药', '工程']",3
湖北中医药大学,药物制剂,['药物制剂'],3
湖北中医药大学,中药资源与开发,"['中药', '资源', '与', '开发']",3
湖北中医药大学,中药制药,"['中药', '制药']",3
湖北中医药大学,医学检验技术,"['医学', '检验', '技术']",3
湖北中医药大学,生物技术,"['生物', '技术']",2
湖北中医药大学,卫生检验与检疫,"['卫生', '检验', '与', '检疫']",3
湖北中医药大学,食品质量与安全,"['食品质量', '与', '安全']",3
湖北中医药大学,护理学,['护理学'],2
湖北中医药大学,助产学,"['助产', '学']",2
湖北中医药大学,市场营销,['市场营销'],2
湖北中医药大学,公共事业管理,"['公共事业', '管理']",3
湖北中医药大学,国际商务,"['国际', '商务']",2
湖北中医药大学,物流管理,"['物流', '管理']",3
湖北中医药大学,保险学,['保险学'],2
湖北中医药大学,信息管理与信息系统,"['信息管理', '与', '信息系统']",3
湖北中医药大学,医学信息工程,"['医学', '信息工程']",3
湖北中医药大学,物联网工程,"['物', '联网', '工程']",3
湖北中医药大学,公共事业管理(医事法学方向),"['公共事业', '管理', '(', '医事', '法学', '方向', ')']",2
湖北中医药大学,应用心理学,"['应用', '心理学']",2
湖北中医药大学,汉语国际教育,"['汉语', '国际', '教育']",2
湖北中医药大学,药事管理,"['药事', '管理']",1
湖北中医药大学,英语,['英语'],2
湖北中医药大学,商务英语,['商务英语'],2
湖北中医药大学,运动康复,"['运动', '康复']",3
湖北中医药大学,健康服务与管理,"['健康', '服务', '与', '管理']",2
华中师范大学,教育学类,"['教育学', '类']",4
华中师范大学,日语,['日语'],3
华中师范大学,俄语,['俄语'],3
华中师范大学,历史学类,"['历史学', '类']",2
华中师范大学,数学类,"['数学', '类']",1
华中师范大学,物理学类,"['物理学', '类']",2
华中师范大学,电子信息类,"['电子信息', '类']",5
华中师范大学,化学类,"['化学', '类']",9
华中师范大学,生物科学类,"['生物科学', '类']",2
华中师范大学,新闻传播学类,"['新闻', '传播学', '类']",2
华中师范大学,计算机类,"['计算机', '类']",2
华中师范大学,管理科学与工程类,"['管理科学', '与', '工程', '类']",5
华中师范大学,信息资源管理,['信息资源管理'],2
华中师范大学,社会学类,"['社会学', '类']",7
华中师范大学,公共管理类,"['公共', '管理', '类']",4
华中师范大学,政治学类,"['政治学', '类']",2
华中师范大学,经济学类,"['经济学', '类']",4
湖北大学,工商管理类,"['工商管理', '类']",3
湖北大学,经济学类,"['经济学', '类']",3
湖北大学,公共管理类,"['公共', '管理', '类']",4
湖北大学,中国语言文学类,"['中国', '语言', '文学类']",2
湖北大学,心理学,['心理学'],2
湖北大学,外国语言文学类,"['外国', '语言', '文学类']",3
湖北大学,法语,['法语'],4
湖北大学,葡萄牙语,['葡萄牙语'],2
湖北大学,物理学,['物理学'],3
湖北大学,电子信息类(物电),"['电子信息', '类', '(', '物电', ')']",4
湖北大学,生物科学类,"['生物科学', '类']",3
湖北大学,生物工程,['生物工程'],2
湖北大学,化学类,"['化学', '类']",4
湖北大学,地理科学类,"['地理', '科学', '类']",3
湖北大学,材料类,"['材料', '类']",3
湖北大学,新闻传播学类,"['新闻', '传播学', '类']",3
湖北大学,计算机类,"['计算机', '类']",4
湖北大学,思想政治教育(师范类),"['思想', '政治', '教育', '(', '师范类', ')']",4
湖北大学,历史学(师范类),"['历史学', '(', '师范类', ')']",3
湖北大学,材料科学与工程(中外合作办学),"['材料科学', '与', '工程', '(', '中外合作', '办学', ')']",12
湖北大学,软件工程(中外合作办学),"['软件工程', '(', '中外合作', '办学', ')']",12
湖北大学,电子信息工程(中外合作办学),"['电子', '信息工程', '(', '中外合作', '办学', ')']",12
湖北师范大学,经济学类,"['经济学', '类']",2
湖北师范大学,财务管理,['财务管理'],2
湖北师范大学,财务会计教育(师范类),"['财务会计', '教育', '(', '师范类', ')']",2
湖北师范大学,法学,['法学'],2
湖北师范大学,行政管理,"['行政', '管理']",2
湖北师范大学,应用心理学(师范类),"['应用', '心理学', '(', '师范类', ')']",2
湖北师范大学,教育学类(师范类),"['教育学', '类', '(', '师范类', ')']",2
湖北师范大学,学前教育(师范类),"['学前教育', '(', '师范类', ')']",2
湖北师范大学,日语(师范类),"['日语', '(', '师范类', ')']",4
湖北师范大学,历史学(师范类),"['历史学', '(', '师范类', ')']",1
湖北师范大学,旅游管理与服务教育,"['旅游', '管理', '与', '服务', '教育']",1
湖北师范大学,思想政治教育(师范类),"['思想', '政治', '教育', '(', '师范类', ')']",2
湖北师范大学,汉语言文学(师范类),"['汉语言', '文学', '(', '师范类', ')']",2
湖北师范大学,汉语国际教育(师范类),"['汉语', '国际', '教育', '(', '师范类', ')']",2
湖北师范大学,广播电视学,"['广播电视', '学']",2
湖北师范大学,数学与应用数学(师范类),"['数学', '与', '应用', '数学', '(', '师范类', ')']",3
湖北师范大学,物理学(师范类),"['物理学', '(', '师范类', ')']",8
湖北师范大学,集成电路设计与集成系统,"['集成电路', '设计', '与', '集成系统']",4
湖北师范大学,化学类,"['化学', '类']",3
湖北师范大学,化学工程与工艺,"['化学工程', '与', '工艺']",3
湖北师范大学,地理科学类,"['地理', '科学', '类']",4
湖北师范大学,环境工程,['环境工程'],3
湖北师范大学,生物科学类,"['生物科学', '类']",3
湖北师范大学,食品科学与工程,"['食品科学', '与', '工程']",2
湖北师范大学,电气工程及其自动化,"['电气工程', '及其', '自动化']",2
湖北师范大学,自动化类,"['自动化', '类']",2
湖北师范大学,教育技术学(师范类),"['教育', '技术', '学', '(', '师范类', ')']",2
湖北师范大学,电子信息工程(中外合作办学),"['电子', '信息工程', '(', '中外合作', '办学', ')']",12
黄冈师范学院,思想政治教育(师范类),"['思想', '政治', '教育', '(', '师范类', ')']",4
黄冈师范学院,汉语言文学(师范类),"['汉语言', '文学', '(', '师范类', ')']",4
黄冈师范学院,历史学(师范类),"['历史学', '(', '师范类', ')']",4
黄冈师范学院,英语(师范类),"['英语', '(', '师范类', ')']",4
黄冈师范学院,电子信息类,"['电子信息', '类']",5
黄冈师范学院,计算机类,"['计算机', '类']",5
黄冈师范学院,机械类,['机械类'],5
黄冈师范学院,飞行器制造工程,"['飞行器', '制造', '工程']",5
湖北民族大学,汉语言文学,"['汉语言', '文学']",2
湖北民族大学,医学影像技术,"['医学影像', '技术']",2
湖北民族大学,化学,['化学'],2
湖北民族大学,城乡规划,['城乡规划'],2
湖北民族大学,日语,['日语'],2
湖北民族大学,临床医学,['临床医学'],2
湖北民族大学,食品科学与工程,"['食品科学', '与', '工程']",2
汉江师范学院,化学(师范类),"['化学', '(', '师范类', ')']",1
湖北文理学院,汉语言文学,"['汉语言', '文学']",2
湖北文理学院,计算机类,"['计算机', '类']",2
中南财经政法大学,国际政治,"['国际', '政治']",4
中南财经政法大学,社会学,['社会学'],1
中南财经政法大学,经济学类,"['经济学', '类']",11
中南财经政法大学,国际商务,"['国际', '商务']",3
中南财经政法大学,财政学类,"['财政学', '类']",14
中南财经政法大学,金融学类,"['金融学', '类']",12
中南财经政法大学,管理科学与工程类,"['管理科学', '与', '工程', '类']",1
中南财经政法大学,外国语言文学类,"['外国', '语言', '文学类']",6
中南财经政法大学,日语,['日语'],2
中南财经政法大学,法语,['法语'],4
中南财经政法大学,新闻传播学类,"['新闻', '传播学', '类']",2
中南财经政法大学,汉语言文学,"['汉语言', '文学']",2
中南财经政法大学,经济与贸易类,"['经济', '与', '贸易', '类']",11
中南财经政法大学,工商管理类(会计学院),"['工商管理', '类', '(', '会计学院', ')']",10
中南财经政法大学,劳动关系,"['劳动', '关系']",2
中南财经政法大学,金融数学,"['金融', '数学']",4
中南财经政法大学,环境工程,['环境工程'],1
中南财经政法大学,经济管理试验班,"['经济', '管理', '试验班']",10
中南财经政法大学,金融学类(保险精算),"['金融学', '类', '(', '保险', '精算', ')']",4
中南财经政法大学,法学类,['法学类'],26
中南财经政法大学,工商管理类,"['工商管理', '类']",10
中南财经政法大学,公共管理类,"['公共', '管理', '类']",7
中南财经政法大学,统计学类,"['统计学', '类']",11
中南财经政法大学,计算机类,"['计算机', '类']",13
中南民族大学,思想政治教育,"['思想', '政治', '教育']",3
中南民族大学,社会学类,"['社会学', '类']",3
中南民族大学,经济学类,"['经济学', '类']",5
中南民族大学,外国语言文学类,"['外国', '语言', '文学类']",4
中南民族大学,日语,['日语'],3
中南民族大学,工商管理类,"['工商管理', '类']",4
中南民族大学,公共管理类,"['公共', '管理', '类']",4
中南民族大学,教育学类,"['教育学', '类']",7
中南民族大学,数学类,"['数学', '类']",8
中南民族大学,电子信息类,"['电子信息', '类']",12
中南民族大学,自动化类,"['自动化', '类']",4
中南民族大学,计算机类,"['计算机', '类']",10
中南民族大学,生物医学工程类,"['生物医学', '工程', '类']",8
中南民族大学,管理科学与工程类,"['管理科学', '与', '工程', '类']",6
中南民族大学,材料类,"['材料', '类']",6
中南民族大学,环境科学与工程类,"['环境', '科学', '与', '工程', '类']",9
中南民族大学,化学类,"['化学', '类']",6
中南民族大学,药学类,"['药学', '类']",9
中南民族大学,生物科学类,"['生物科学', '类']",9
湖北汽车工业学院,车辆工程,"['车辆', '工程']",2
湖北汽车工业学院,车辆工程(中外合作办学)(中英合作),"['车辆', '工程', '(', '中外合作', '办学', ')', '(', '中', '英', '合作', ')']",4
湖北工程学院,英语,['英语'],1
湖北工程学院,经济学,['经济学'],1
湖北工程学院,金融工程,"['金融', '工程']",2
湖北工程学院,数据科学与大数据技术,"['数据', '科学', '与', '大', '数据', '技术']",1
湖北工程学院,机械设计制造及其自动化,"['机械设计', '制造', '及其', '自动化']",1
湖北工程学院,电子信息类,"['电子信息', '类']",1
湖北工程学院,计算机类,"['计算机', '类']",1
湖北工程学院,自动化类,"['自动化', '类']",1
湘潭大学,哲学,['哲学'],3
湘潭大学,社会学,['社会学'],3
湘潭大学,历史学,['历史学'],4
湘潭大学,中国共产党历史,"['中国共产党', '历史']",3
湘潭大学,思想政治教育,"['思想', '政治', '教育']",3
湘潭大学,马克思主义理论,"['马克思主义', '理论']",3
湘潭大学,经济学,['经济学'],4
湘潭大学,经济学类(韶峰班),"['经济学', '类', '(', '韶峰', '班', ')']",2
湘潭大学,金融学,['金融学'],3
湘潭大学,国际经济与贸易,"['国际', '经济', '与', '贸易']",4
湘潭大学,工商管理,['工商管理'],4
湘潭大学,会计学,['会计学'],4
湘潭大学,旅游管理,"['旅游', '管理']",4
湘潭大学,信息管理与信息系统,"['信息管理', '与', '信息系统']",4
湘潭大学,应急管理,"['应急', '管理']",3
湘潭大学,行政管理,"['行政', '管理']",3
湘潭大学,法学(卓越班),"['法学', '(', '卓越', '班', ')']",2
湘潭大学,法学,['法学'],3
湘潭大学,知识产权,['知识产权'],4
湘潭大学,信用风险管理与法律防控,"['信用风险', '管理', '与', '法律', '防控']",4
湘潭大学,汉语言文学,"['汉语言', '文学']",4
湘潭大学,新闻学,['新闻学'],4
湘潭大学,广告学,['广告学'],3
湘潭大学,英语,['英语'],5
湘潭大学,德语,['德语'],4
湘潭大学,日语,['日语'],4
湘潭大学,数学类,"['数学', '类']",4
湘潭大学,数学类(韶峰班),"['数学', '类', '(', '韶峰', '班', ')']",2
湘潭大学,数据科学与大数据技术,"['数据', '科学', '与', '大', '数据', '技术']",4
湘潭大学,物理学,['物理学'],3
湘潭大学,微电子科学与工程,"['微电子', '科学', '与', '工程']",4
湘潭大学,光电信息科学与工程,"['光电', '信息科学', '与', '工程']",4
湘潭大学,材料科学与工程,"['材料科学', '与', '工程']",5
湘潭大学,新能源材料与器件,"['新能源', '材料', '与', '器件']",5
湘潭大学,化学类(韶峰班),"['化学', '类', '(', '韶峰', '班', ')']",2
湘潭大学,化学,['化学'],4
湘潭大学,应用化学,['应用化学'],4
湘潭大学,高分子材料与工程,"['高分子', '材料', '与', '工程']",3
湘潭大学,化学工程与工艺,"['化学工程', '与', '工艺']",4
湘潭大学,化学工程与工艺(韶峰班),"['化学工程', '与', '工艺', '(', '韶峰', '班', ')']",2
湘潭大学,制药工程,"['制药', '工程']",3
湘潭大学,机械设计制造及其自动化,"['机械设计', '制造', '及其', '自动化']",5
湘潭大学,工业设计,"['工业', '设计']",4
湘潭大学,智能制造工程,"['智能', '制造', '工程']",3
湘潭大学,能源与动力工程,"['能源', '与', '动力工程']",3
湘潭大学,通信工程,['通信工程'],5
湘潭大学,人工智能,['人工智能'],5
湘潭大学,自动化,['自动化'],4
湘潭大学,计算机科学与技术,"['计算机科学', '与', '技术']",4
湘潭大学,软件工程,['软件工程'],3
湘潭大学,网络空间安全,"['网络空间', '安全']",3
湘潭大学,土木工程,['土木工程'],6
湘潭大学,环境工程,['环境工程'],4
湘潭大学,机械设计制造及其自动化(中外合作办学),"['机械设计', '制造', '及其', '自动化', '(', '中外合作', '办学', ')']",3
吉首大学,旅游管理,"['旅游', '管理']",2
吉首大学,电子商务,['电子商务'],2
吉首大学,电气工程及其自动化,"['电气工程', '及其', '自动化']",2
吉首大学,网络与新媒体,"['网络', '与', '新', '媒体']",2
吉首大学,英语(师范类),"['英语', '(', '师范类', ')']",3
吉首大学,国际经济与贸易,"['国际', '经济', '与', '贸易']",2
吉首大学,数学与应用数学(师范类),"['数学', '与', '应用', '数学', '(', '师范类', ')']",2
吉首大学,环境工程,['环境工程'],2
吉首大学,软件工程,['软件工程'],2
吉首大学,化学工程与工艺,"['化学工程', '与', '工艺']",2
吉首大学,汉语言文学(师范类),"['汉语言', '文学', '(', '师范类', ')']",2
湖南大学,测控技术与仪器,"['测控', '技术', '与', '仪器']",1
湖南大学,电气工程及其自动化,"['电气工程', '及其', '自动化']",11
湖南大学,电子信息工程,"['电子', '信息工程']",2
湖南大学,法学,['法学'],6
湖南大学,工商管理,['工商管理'],7
湖南大学,会计学,['会计学'],7
湖南大学,电子商务,['电子商务'],4
湖南大学,化学类,"['化学', '类']",5
湖南大学,化学工程与工艺,"['化学工程', '与', '工艺']",1
湖南大学,环境科学与工程类,"['环境', '科学', '与', '工程', '类']",3
湖南大学,人工智能,['人工智能'],3
湖南大学,机器人工程,"['机器人', '工程']",3
湖南大学,机械类,['机械类'],18
湖南大学,工程力学(力学实验班),"['工程力学', '(', '力学', '实验班', ')']",2
湖南大学,能源与动力工程,"['能源', '与', '动力工程']",2
湖南大学,智能制造工程,"['智能', '制造', '工程']",2
湖南大学,建筑学,['建筑学'],6
湖南大学,城乡规划,['城乡规划'],2
湖南大学,金融学,['金融学'],11
湖南大学,保险学(风险管理实验班),"['保险学', '(', '风险管理', '实验班', ')']",1
湖南大学,精算学,['精算学'],1
湖南大学,本科预科班（招收边防军人子女）,"['本科', '预科班', '（', '招收', '边防军', '人', '子女', '）']",1
湖南大学,统计学类,"['统计学', '类']",2
湖南大学,经济学类,"['经济学', '类']",3
湖南大学,数字经济,"['数字', '经济']",3
湖南大学,国际经济与贸易(实验班),"['国际', '经济', '与', '贸易', '(', '实验班', ')']",6
湖南大学,工业设计,"['工业', '设计']",5
湖南大学,生物技术,"['生物', '技术']",2
湖南大学,生物医学工程,"['生物医学', '工程']",3
湖南大学,数学类,"['数学', '类']",6
湖南大学,土木类,"['土木', '类']",18
湖南大学,土木工程(智能土木实验班),"['土木工程', '(', '智能', '土木', '实验班', ')']",2
湖南大学,建筑环境与能源应用工程(低碳建筑实验班),"['建筑', '环境', '与', '能源', '应用', '工程', '(', '低碳', '建筑', '实验班', ')']",3
湖南大学,给排水科学与工程,"['给排水', '科学', '与', '工程']",2
湖南大学,英语(语言智能实验班),"['英语', '(', '语言', '智能', '实验班', ')']",2
湖南大学,日语,['日语'],5
湖南大学,汉语言文学,"['汉语言', '文学']",3
湖南大学,应用物理学,"['应用', '物理学']",5
湖南大学,电子科学与技术,"['电子', '科学', '与', '技术']",5
湖南大学,新闻传播学类,"['新闻', '传播学', '类']",3
湖南大学,计算机科学与技术,"['计算机科学', '与', '技术']",3
湖南大学,计算机科学与技术(智能班),"['计算机科学', '与', '技术', '(', '智能', '班', ')']",7
湖南大学,软件工程,['软件工程'],6
湖南大学,信息安全,['信息安全'],5
湖南大学,历史学,['历史学'],1
湖南大学,材料科学与工程,"['材料科学', '与', '工程']",5
湖南大学,自动化,['自动化'],3
湖南大学,行政管理,"['行政', '管理']",3
湖南大学,通信工程,['通信工程'],4
中南大学,临床医学(八年制),"['临床医学', '(', '八年', '制', ')']",3
中南大学,口腔医学(5+3一体化),"['口腔医学', '(', '5', '+', '3', '一体化', ')']",2
中南大学,金融学类(经济管理类),"['金融学', '类', '(', '经济', '管理', '类', ')']",11
中南大学,法学类,['法学类'],7
中南大学,中国语言文学类,"['中国', '语言', '文学类']",10
中南大学,外国语言文学类,"['外国', '语言', '文学类']",7
中南大学,建筑类(建筑城规类),"['建筑', '类', '(', '建筑', '城规类', ')']",4
中南大学,数学类(数学物理类),"['数学', '类', '(', '数学', '物理', '类', ')']",12
中南大学,化工与制药类(化学生物环境类),"['化工', '与', '制药', '类', '(', '化学', '生物', '环境', '类', ')']",15
中南大学,材料类(冶金材料类),"['材料', '类', '(', '冶金', '材料', '类', ')']",33
中南大学,土木类(土木安全类),"['土木', '类', '(', '土木', '安全类', ')']",35
中南大学,交通运输类,"['交通运输', '类']",15
中南大学,机械类,['机械类'],26
中南大学,能源动力类(能源类),"['能源动力', '类', '(', '能源', '类', ')']",14
中南大学,电子信息类,"['电子信息', '类']",10
中南大学,自动化类(自动化与电气类),"['自动化', '类', '(', '自动化', '与', '电气', '类', ')']",32
中南大学,计算机类(计算机与通信类),"['计算机', '类', '(', '计算机', '与', '通信', '类', ')']",23
中南大学,航空航天类,"['航空航天', '类']",3
中南大学,临床医学类(临床及口腔五年制医学类),"['临床', '医学类', '(', '临床', '及', '口腔', '五年制', '医学类', ')']",16
中南大学,公共卫生与预防医学类(非临床五年制医学类),"['公共卫生', '与', '预防', '医学类', '(', '非', '临床', '五年制', '医学类', ')']",8
中南大学,医学技术类(医学四年类),"['医学', '技术类', '(', '医学', '四年', '类', ')']",8
中南大学,软件工程,['软件工程'],10
中南大学,材料科学与工程(中外合作办学)(与蒙纳士大学中外合作办学项目),"['材料科学', '与', '工程', '(', '中外合作', '办学', ')', '(', '与', '蒙纳士', '大学', '中外合作', '办学', '项目', ')']",6
中南大学,土木工程(中外合作办学)(与蒙纳士大学中外合作办学项目),"['土木工程', '(', '中外合作', '办学', ')', '(', '与', '蒙纳士', '大学', '中外合作', '办学', '项目', ')']",10
湖南科技大学,采矿工程,['采矿工程'],5
湖南科技大学,安全工程,['安全工程'],5
湖南科技大学,勘查技术与工程,"['勘查', '技术', '与', '工程']",3
湖南科技大学,测绘工程,"['测绘', '工程']",2
湖南科技大学,土木工程,['土木工程'],9
湖南科技大学,给排水科学与工程,"['给排水', '科学', '与', '工程']",2
湖南科技大学,工程力学,['工程力学'],2
湖南科技大学,工程管理,"['工程', '管理']",2
湖南科技大学,建筑环境与能源应用工程,"['建筑', '环境', '与', '能源', '应用', '工程']",2
湖南科技大学,机械设计制造及其自动化,"['机械设计', '制造', '及其', '自动化']",3
湖南科技大学,车辆工程,"['车辆', '工程']",2
湖南科技大学,机械电子工程,"['机械', '电子', '工程']",3
湖南科技大学,机械设计制造及其自动化(卓越工程师班),"['机械设计', '制造', '及其', '自动化', '(', '卓越', '工程师', '班', ')']",1
湖南科技大学,工业工程,"['工业', '工程']",3
湖南科技大学,电气工程及其自动化,"['电气工程', '及其', '自动化']",1
湖南科技大学,自动化,['自动化'],1
湖南科技大学,电子信息工程,"['电子', '信息工程']",1
湖南科技大学,通信工程,['通信工程'],2
湖南科技大学,机器人工程,"['机器人', '工程']",2
湖南科技大学,计算机科学与技术,"['计算机科学', '与', '技术']",2
湖南科技大学,信息安全,['信息安全'],1
湖南科技大学,物联网工程,"['物', '联网', '工程']",2
湖南科技大学,软件工程,['软件工程'],1
湖南科技大学,化学(师范类),"['化学', '(', '师范类', ')']",2
湖南科技大学,应用化学,['应用化学'],5
湖南科技大学,化学工程与工艺,"['化学工程', '与', '工艺']",4
湖南科技大学,环境工程,['环境工程'],3
湖南科技大学,制药工程,"['制药', '工程']",2
湖南科技大学,能源化学工程,"['能源', '化学工程']",2
湖南科技大学,数学与应用数学(师范类),"['数学', '与', '应用', '数学', '(', '师范类', ')']",2
湖南科技大学,信息与计算科学,"['信息', '与', '计算', '科学']",4
湖南科技大学,应用统计学,"['应用', '统计学']",3
湖南科技大学,电子信息科学与技术,"['电子信息', '科学', '与', '技术']",1
湖南科技大学,光电信息科学与工程,"['光电', '信息科学', '与', '工程']",3
湖南科技大学,生物工程,['生物工程'],3
湖南科技大学,建筑学,['建筑学'],2
湖南科技大学,风景园林,['风景园林'],1
湖南科技大学,汉语言文学(师范类),"['汉语言', '文学', '(', '师范类', ')']",1
湖南科技大学,历史学(师范类),"['历史学', '(', '师范类', ')']",1
湖南科技大学,新闻学,['新闻学'],2
湖南科技大学,思想政治教育(师范类),"['思想', '政治', '教育', '(', '师范类', ')']",2
湖南科技大学,汉语国际教育,"['汉语', '国际', '教育']",1
湖南科技大学,日语,['日语'],2
湖南科技大学,教育学(师范类),"['教育学', '(', '师范类', ')']",2
湖南科技大学,教育技术学(师范类),"['教育', '技术', '学', '(', '师范类', ')']",2
湖南科技大学,小学教育(师范类),"['小学', '教育', '(', '师范类', ')']",4
湖南科技大学,经济学,['经济学'],2
湖南科技大学,会计学,['会计学'],2
湖南科技大学,人力资源管理,"['人力', '资源管理']",2
湖南科技大学,电子商务,['电子商务'],2
湖南科技大学,材料成型及控制工程,"['材料', '成型', '及', '控制工程']",2
湖南科技大学,法学,['法学'],2
湖南科技大学,公共事业管理,"['公共事业', '管理']",2
湖南科技大学,化学工程与工艺(卓越工程师班),"['化学工程', '与', '工艺', '(', '卓越', '工程师', '班', ')']",1
湖南科技大学,材料科学与工程,"['材料科学', '与', '工程']",8
湖南科技大学,数据科学与大数据技术,"['数据', '科学', '与', '大', '数据', '技术']",1
湖南科技大学,智能制造工程,"['智能', '制造', '工程']",2
湖南科技大学,集成电路设计与集成系统,"['集成电路', '设计', '与', '集成系统']",2
湖南科技大学,应急技术与管理,"['应急', '技术', '与', '管理']",1
湖南科技大学,智能材料与结构,"['智能', '材料', '与', '结构']",2
湖南科技大学,应用心理学(师范类),"['应用', '心理学', '(', '师范类', ')']",2
长沙理工大学,会计学,['会计学'],2
长沙理工大学,法学,['法学'],2
长沙理工大学,汉语言文学,"['汉语言', '文学']",2
长沙理工大学,新闻学,['新闻学'],2
长沙理工大学,英语,['英语'],2
长沙理工大学,翻译,['翻译'],2
长沙理工大学,数学与应用数学,"['数学', '与', '应用', '数学']",2
长沙理工大学,信息与计算科学,"['信息', '与', '计算', '科学']",2
长沙理工大学,应用统计学,"['应用', '统计学']",2
长沙理工大学,物理学,['物理学'],2
长沙理工大学,化工与制药类,"['化工', '与', '制药', '类']",2
长沙理工大学,环境工程,['环境工程'],2
长沙理工大学,土木工程,['土木工程'],7
长沙理工大学,国际经济与贸易,"['国际', '经济', '与', '贸易']",2
长沙理工大学,测控技术与仪器,"['测控', '技术', '与', '仪器']",2
长沙理工大学,能源与动力工程,"['能源', '与', '动力工程']",3
长沙理工大学,新能源科学与工程,"['新', '能源科学', '与', '工程']",3
长沙理工大学,自动化,['自动化'],2
长沙理工大学,电气工程及其自动化,"['电气工程', '及其', '自动化']",4
长沙理工大学,电子信息工程,"['电子', '信息工程']",2
长沙理工大学,轨道交通信号与控制,"['轨道交通', '信号', '与', '控制']",2
长沙理工大学,通信工程,['通信工程'],2
长沙理工大学,计算机科学与技术,"['计算机科学', '与', '技术']",2
长沙理工大学,道路桥梁与渡河工程,"['道路', '桥梁', '与', '渡河', '工程']",5
长沙理工大学,交通运输类,"['交通运输', '类']",3
长沙理工大学,工程管理,"['工程', '管理']",2
长沙理工大学,给排水科学与工程,"['给排水', '科学', '与', '工程']",2
长沙理工大学,船舶与海洋工程,"['船舶', '与', '海洋工程']",6
长沙理工大学,金融学,['金融学'],2
长沙理工大学,材料类,"['材料', '类']",5
长沙理工大学,机械类,['机械类'],6
长沙理工大学,建筑类,"['建筑', '类']",2
长沙理工大学,水利类,"['水利', '类']",3
长沙理工大学,电子信息类,"['电子信息', '类']",2
长沙理工大学,生物工程类,"['生物工程', '类']",4
长沙理工大学,数字经济,"['数字', '经济']",2
长沙理工大学,网络与新媒体,"['网络', '与', '新', '媒体']",2
长沙理工大学,智能电网信息工程,"['智能', '电网', '信息工程']",2
长沙理工大学,机器人工程,"['机器人', '工程']",2
长沙理工大学,城市地下空间工程,"['城市', '地下', '空间', '工程']",2
长沙理工大学,地理信息科学,"['地理信息', '科学']",2
长沙理工大学,新闻学(卓越班),"['新闻学', '(', '卓越', '班', ')']",1
长沙理工大学,会计学(卓越班),"['会计学', '(', '卓越', '班', ')']",1
长沙理工大学,电气工程及其自动化(创新人才培养班),"['电气工程', '及其', '自动化', '(', '创新', '人才培养', '班', ')']",1
长沙理工大学,电气工程及其自动化(卓越班),"['电气工程', '及其', '自动化', '(', '卓越', '班', ')']",1
长沙理工大学,计算机科学与技术(卓越班),"['计算机科学', '与', '技术', '(', '卓越', '班', ')']",1
长沙理工大学,港口航道与海岸工程(卓越班),"['港口', '航道', '与', '海岸', '工程', '(', '卓越', '班', ')']",4
长沙理工大学,水利水电工程(卓越班),"['水利水电', '工程', '(', '卓越', '班', ')']",1
长沙理工大学,道路桥梁与渡河工程(智慧道路卓越班),"['道路', '桥梁', '与', '渡河', '工程', '(', '智慧', '道路', '卓越', '班', ')']",1
长沙理工大学,土木工程(智能土木卓越班),"['土木工程', '(', '智能', '土木', '卓越', '班', ')']",1
长沙理工大学,土木工程(创新人才培养班),"['土木工程', '(', '创新', '人才培养', '班', ')']",1
长沙理工大学,土木工程(中外合作办学),"['土木工程', '(', '中外合作', '办学', ')']",2
长沙理工大学,电气工程及其自动化(中外合作办学),"['电气工程', '及其', '自动化', '(', '中外合作', '办学', ')']",5
长沙理工大学,机械设计制造及其自动化(中外合作办学),"['机械设计', '制造', '及其', '自动化', '(', '中外合作', '办学', ')']",3
湖南农业大学,动物科学,"['动物', '科学']",4
湖南农业大学,植物保护,['植物保护'],3
湖南农业大学,农业机械化及其自动化,"['农业', '机械化', '及其', '自动化']",2
湖南农业大学,水利水电工程,"['水利水电', '工程']",4
湖南农业大学,工程管理,"['工程', '管理']",3
湖南农业大学,土木工程,['土木工程'],4
湖南农业大学,农学,['农学'],3
湖南农业大学,生物工程,['生物工程'],2
湖南农业大学,生态学,['生态学'],3
湖南农业大学,材料化学,"['材料', '化学']",2
湖南农业大学,园艺,['园艺'],2
湖南农业大学,中药资源与开发,"['中药', '资源', '与', '开发']",2
湖南农业大学,计算机科学与技术,"['计算机科学', '与', '技术']",2
湖南农业大学,电子信息工程,"['电子', '信息工程']",2
湖南农业大学,物联网工程,"['物', '联网', '工程']",2
湖南农业大学,会计学,['会计学'],3
湖南农业大学,英语,['英语'],5
湖南农业大学,日语,['日语'],2
湖南农业大学,公共管理类,"['公共', '管理', '类']",4
湖南农业大学,土地资源管理,"['土地', '资源管理']",2
湖南农业大学,思想政治教育,"['思想', '政治', '教育']",3
湖南农业大学,工商管理类,"['工商管理', '类']",4
湖南农业大学,机械类,['机械类'],2
湖南农业大学,机器人工程,"['机器人', '工程']",3
湖南农业大学,水产类,"['水产', '类']",4
湖南农业大学,食品科学与工程类,"['食品科学', '与', '工程', '类']",5
湖南农业大学,生物科学类,"['生物科学', '类']",3
湖南农业大学,动植物检疫,"['动植物', '检疫']",2
湖南农业大学,动物医学,"['动物', '医学']",2
中南林业科技大学,园艺,['园艺'],4
中南林业科技大学,林学类,"['林学', '类']",10
中南林业科技大学,土地资源管理,"['土地', '资源管理']",4
中南林业科技大学,材料类,"['材料', '类']",4
中南林业科技大学,化学工程与工艺,"['化学工程', '与', '工艺']",3
中南林业科技大学,木材科学与工程,"['木材', '科学', '与', '工程']",4
中南林业科技大学,林产化工,"['林产', '化工']",2
中南林业科技大学,机械类,['机械类'],6
中南林业科技大学,能源动力类,"['能源动力', '类']",6
中南林业科技大学,物流工程,"['物流', '工程']",3
中南林业科技大学,供应链管理,"['供应链', '管理']",3
中南林业科技大学,建筑类,"['建筑', '类']",2
中南林业科技大学,园林,['园林'],3
中南林业科技大学,家具设计与工程,"['家具', '设计', '与', '工程']",2
中南林业科技大学,电子信息类,"['电子信息', '类']",2
中南林业科技大学,计算机类,"['计算机', '类']",3
中南林业科技大学,土木类,"['土木', '类']",6
中南林业科技大学,测绘工程,"['测绘', '工程']",2
中南林业科技大学,工程管理,"['工程', '管理']",2
中南林业科技大学,食品科学与工程类,"['食品科学', '与', '工程', '类']",6
中南林业科技大学,环境科学与工程类,"['环境', '科学', '与', '工程', '类']",6
中南林业科技大学,地理信息科学,"['地理信息', '科学']",4
中南林业科技大学,工商管理类,"['工商管理', '类']",4
中南林业科技大学,金融学类,"['金融学', '类']",4
中南林业科技大学,外国语言文学类,"['外国', '语言', '文学类']",3
中南林业科技大学,日语,['日语'],2
中南林业科技大学,旅游管理类,"['旅游', '管理', '类']",5
中南林业科技大学,人工智能,['人工智能'],2
中南林业科技大学,会计学,['会计学'],2
湖南中医药大学,中医学(5+3一体化，卓越1班),"['中医学', '(', '5', '+', '3', '一体化', '，', '卓越', '1', '班', ')']",2
湖南中医药大学,中医学,['中医学'],13
湖南中医药大学,中西医临床医学,"['中西医', '临床医学']",2
湖南中医药大学,针灸推拿学,"['针灸', '推拿学']",3
湖南中医药大学,康复治疗学,"['康复', '治疗学']",2
湖南中医药大学,临床医学,['临床医学'],3
湖南中医药大学,医学影像学,"['医学', '影像学']",1
湖南中医药大学,口腔医学,['口腔医学'],8
湖南中医药大学,护理学,['护理学'],8
湖南中医药大学,药学,['药学'],4
湖南中医药大学,制药工程,"['制药', '工程']",1
湖南中医药大学,食品科学与工程,"['食品科学', '与', '工程']",3
湖南中医药大学,生物工程,['生物工程'],3
湖南中医药大学,运动康复,"['运动', '康复']",1
湖南中医药大学,应用心理学,"['应用', '心理学']",3
湖南中医药大学,计算机科学与技术,"['计算机科学', '与', '技术']",5
湖南中医药大学,信息管理与信息系统,"['信息管理', '与', '信息系统']",1
湖南中医药大学,市场营销,['市场营销'],1
湖南中医药大学,中医养生学,"['中医', '养生学']",3
湖南中医药大学,中医康复学,"['中医', '康复', '学']",1
湖南中医药大学,中医学(5+3一体化，卓越2班),"['中医学', '(', '5', '+', '3', '一体化', '，', '卓越', '2', '班', ')']",1
湖南中医药大学,中医学(5+3一体化，卓越3班),"['中医学', '(', '5', '+', '3', '一体化', '，', '卓越', '3', '班', ')']",2
湖南中医药大学,中医儿科学,"['中医', '儿科学']",2
湖南中医药大学,中医骨伤科学,"['中医', '骨伤', '科学']",2
湖南中医药大学,中医学(5+3一体化，中医儿科班),"['中医学', '(', '5', '+', '3', '一体化', '，', '中医', '儿', '科班', ')']",1
湖南师范大学,教育学(师范类),"['教育学', '(', '师范类', ')']",2
湖南师范大学,汉语国际教育(师范类),"['汉语', '国际', '教育', '(', '师范类', ')']",4
湖南师范大学,汉语言文学(师范类),"['汉语言', '文学', '(', '师范类', ')']",4
湖南师范大学,文化产业管理,"['文化产业', '管理']",4
湖南师范大学,法学,['法学'],8
湖南师范大学,知识产权,['知识产权'],2
湖南师范大学,行政管理,"['行政', '管理']",4
湖南师范大学,社会学,['社会学'],6
湖南师范大学,思想政治教育(师范类),"['思想', '政治', '教育', '(', '师范类', ')']",3
湖南师范大学,哲学,['哲学'],5
湖南师范大学,政治学与行政学,"['政治学', '与', '行政', '学']",2
湖南师范大学,旅游管理类,"['旅游', '管理', '类']",12
湖南师范大学,外国语言文学类,"['外国', '语言', '文学类']",5
湖南师范大学,数学类,"['数学', '类']",4
湖南师范大学,统计学,['统计学'],2
湖南师范大学,数据科学与大数据技术,"['数据', '科学', '与', '大', '数据', '技术']",2
湖南师范大学,电子信息科学与技术,"['电子信息', '科学', '与', '技术']",2
湖南师范大学,物理学类,"['物理学', '类']",2
湖南师范大学,化学(师范类),"['化学', '(', '师范类', ')']",2
湖南师范大学,化工与制药类,"['化工', '与', '制药', '类']",9
湖南师范大学,生物科学类,"['生物科学', '类']",2
湖南师范大学,地理信息科学,"['地理信息', '科学']",4
湖南师范大学,人文地理与城乡规划,"['人文地理', '与', '城乡规划']",4
湖南师范大学,土地资源管理,"['土地', '资源管理']",2
湖南师范大学,机械设计制造及其自动化,"['机械设计', '制造', '及其', '自动化']",2
湖南师范大学,临床医学,['临床医学'],8
湖南师范大学,药学,['药学'],8
湖南师范大学,医学检验技术,"['医学', '检验', '技术']",6
湖南师范大学,预防医学,"['预防', '医学']",4
湖南师范大学,计算机科学与技术,"['计算机科学', '与', '技术']",3
湖南师范大学,软件工程,['软件工程'],4
湖南师范大学,通信工程,['通信工程'],4
湖南师范大学,物联网工程,"['物', '联网', '工程']",2
湖南师范大学,人工智能,['人工智能'],4
湖南师范大学,新闻传播学类,"['新闻', '传播学', '类']",8
湖南理工学院,法学,['法学'],3
湖南理工学院,朝鲜语,['朝鲜语'],3
湖南理工学院,机械设计制造及其自动化,"['机械设计', '制造', '及其', '自动化']",3
湖南理工学院,通信工程,['通信工程'],2
湖南理工学院,土木工程,['土木工程'],2
湖南理工学院,应用化学(中外合作办学),"['应用化学', '(', '中外合作', '办学', ')']",2
湘南学院,金融工程,"['金融', '工程']",2
湘南学院,数学与应用数学(师范类),"['数学', '与', '应用', '数学', '(', '师范类', ')']",3
湘南学院,汉语言文学(师范类),"['汉语言', '文学', '(', '师范类', ')']",3
湘南学院,新闻学,['新闻学'],2
湘南学院,翻译,['翻译'],2
湘南学院,商务英语,['商务英语'],2
湘南学院,财务管理,['财务管理'],2
湘南学院,国际经济与贸易,"['国际', '经济', '与', '贸易']",2
湘南学院,电气工程及其自动化,"['电气工程', '及其', '自动化']",4
湘南学院,环境生态工程,"['环境', '生态', '工程']",2
湘南学院,计算机科学与技术,"['计算机科学', '与', '技术']",4
湘南学院,物联网工程,"['物', '联网', '工程']",2
湘南学院,预防医学,"['预防', '医学']",2
湘南学院,卫生检验与检疫,"['卫生', '检验', '与', '检疫']",2
湘南学院,针灸推拿学,"['针灸', '推拿学']",2
湘南学院,康复治疗学,"['康复', '治疗学']",2
湘南学院,医学影像学,"['医学', '影像学']",3
湘南学院,医学检验技术,"['医学', '检验', '技术']",2
湘南学院,医学影像技术,"['医学影像', '技术']",2
湘南学院,临床医学,['临床医学'],6
衡阳师范学院,经济学,['经济学'],1
衡阳师范学院,国际经济与贸易,"['国际', '经济', '与', '贸易']",2
衡阳师范学院,电子商务,['电子商务'],1
衡阳师范学院,法学,['法学'],1
衡阳师范学院,知识产权,['知识产权'],2
衡阳师范学院,思想政治教育(师范类),"['思想', '政治', '教育', '(', '师范类', ')']",1
衡阳师范学院,历史学(师范类),"['历史学', '(', '师范类', ')']",1
衡阳师范学院,汉语言文学(师范类),"['汉语言', '文学', '(', '师范类', ')']",1
衡阳师范学院,汉语国际教育(师范类),"['汉语', '国际', '教育', '(', '师范类', ')']",1
衡阳师范学院,新闻学,['新闻学'],2
衡阳师范学院,广告学,['广告学'],1
衡阳师范学院,网络与新媒体,"['网络', '与', '新', '媒体']",1
衡阳师范学院,英语(师范类),"['英语', '(', '师范类', ')']",1
衡阳师范学院,商务英语,['商务英语'],1
衡阳师范学院,地理科学(师范类),"['地理', '科学', '(', '师范类', ')']",1
衡阳师范学院,旅游管理,"['旅游', '管理']",2
衡阳师范学院,电子信息科学与技术,"['电子信息', '科学', '与', '技术']",1
衡阳师范学院,化学(师范类),"['化学', '(', '师范类', ')']",2
衡阳师范学院,应用化学,['应用化学'],1
衡阳师范学院,高分子材料与工程,"['高分子', '材料', '与', '工程']",1
衡阳师范学院,软件工程,['软件工程'],2
衡阳师范学院,物联网工程,"['物', '联网', '工程']",2
衡阳师范学院,学前教育(师范类),"['学前教育', '(', '师范类', ')']",2
衡阳师范学院,应用心理学(师范类),"['应用', '心理学', '(', '师范类', ')']",1
衡阳师范学院,生物科学(师范类),"['生物科学', '(', '师范类', ')']",1
衡阳师范学院,电子信息工程,"['电子', '信息工程']",1
衡阳师范学院,计算机科学与技术,"['计算机科学', '与', '技术']",1
邵阳学院,金融工程,"['金融', '工程']",3
邵阳学院,法学,['法学'],3
邵阳学院,思想政治教育(师范类),"['思想', '政治', '教育', '(', '师范类', ')']",3
邵阳学院,英语(师范类),"['英语', '(', '师范类', ')']",3
邵阳学院,商务英语,['商务英语'],2
邵阳学院,食品质量与安全,"['食品质量', '与', '安全']",3
邵阳学院,城乡规划,['城乡规划'],3
邵阳学院,机械设计制造及其自动化,"['机械设计', '制造', '及其', '自动化']",3
邵阳学院,能源与动力工程,"['能源', '与', '动力工程']",3
邵阳学院,自动化,['自动化'],3
邵阳学院,电子信息工程,"['电子', '信息工程']",3
邵阳学院,计算机科学与技术,"['计算机科学', '与', '技术']",3
邵阳学院,物联网工程,"['物', '联网', '工程']",3
邵阳学院,临床医学,['临床医学'],4
邵阳学院,医学影像技术,"['医学影像', '技术']",2
邵阳学院,护理学,['护理学'],3
邵阳学院,通信工程(中外合作办学),"['通信工程', '(', '中外合作', '办学', ')']",3
邵阳学院,机械设计制造及其自动化(中外合作办学),"['机械设计', '制造', '及其', '自动化', '(', '中外合作', '办学', ')']",3
怀化学院,国际经济与贸易,"['国际', '经济', '与', '贸易']",2
怀化学院,法学,['法学'],1
怀化学院,英语(师范类),"['英语', '(', '师范类', ')']",3
怀化学院,机械设计制造及其自动化,"['机械设计', '制造', '及其', '自动化']",2
怀化学院,材料化学,"['材料', '化学']",2
怀化学院,电子信息科学与技术,"['电子信息', '科学', '与', '技术']",3
怀化学院,计算机科学与技术,"['计算机科学', '与', '技术']",3
怀化学院,食品质量与安全,"['食品质量', '与', '安全']",2
怀化学院,生物工程,['生物工程'],4
怀化学院,园林,['园林'],3
怀化学院,机器人工程,"['机器人', '工程']",3
怀化学院,历史学(师范类),"['历史学', '(', '师范类', ')']",3
湖南文理学院,新闻学,['新闻学'],2
湖南文理学院,商务英语,['商务英语'],2
湖南文理学院,水产养殖学,"['水产', '养殖', '学']",2
湖南文理学院,自动化,['自动化'],2
湖南文理学院,机械电子工程,"['机械', '电子', '工程']",2
湖南文理学院,机械设计制造及其自动化(中外合作办学),"['机械设计', '制造', '及其', '自动化', '(', '中外合作', '办学', ')']",2
湖南文理学院,信息管理与信息系统(中外合作办学),"['信息管理', '与', '信息系统', '(', '中外合作', '办学', ')']",4
湖南科技学院,日语,['日语'],3
湖南科技学院,化学(师范类),"['化学', '(', '师范类', ')']",2
湖南科技学院,电子信息工程,"['电子', '信息工程']",2
湖南科技学院,土木工程,['土木工程'],2
湖南科技学院,测绘工程,"['测绘', '工程']",2
湖南科技学院,国际经济与贸易,"['国际', '经济', '与', '贸易']",2
湖南科技学院,跨境电子商务,"['跨境', '电子商务']",2
湖南科技学院,智能制造工程,"['智能', '制造', '工程']",2
湖南人文科技学院,法学,['法学'],3
湖南人文科技学院,社会工作,['社会工作'],8
湖南人文科技学院,思想政治教育(师范类),"['思想', '政治', '教育', '(', '师范类', ')']",3
湖南人文科技学院,机械设计制造及其自动化,"['机械设计', '制造', '及其', '自动化']",4
湖南人文科技学院,食品科学与工程,"['食品科学', '与', '工程']",4
湖南人文科技学院,园艺,['园艺'],4
湖南人文科技学院,电子商务,['电子商务'],4
湖南人文科技学院,数学与应用数学(师范类),"['数学', '与', '应用', '数学', '(', '师范类', ')']",3
湖南人文科技学院,商务英语,['商务英语'],5
湖南人文科技学院,电子信息工程,"['电子', '信息工程']",4
湖南人文科技学院,计算机科学与技术,"['计算机科学', '与', '技术']",4
湖南人文科技学院,学前教育(中外合作办学)(师范类),"['学前教育', '(', '中外合作', '办学', ')', '(', '师范类', ')']",4
湖南工商大学,金融学类,"['金融学', '类']",5
湖南工商大学,工商管理类,"['工商管理', '类']",8
湖南工商大学,财务管理,['财务管理'],3
湖南工商大学,健康服务与管理,"['健康', '服务', '与', '管理']",5
湖南工商大学,旅游管理类,"['旅游', '管理', '类']",4
湖南工商大学,电子信息工程,"['电子', '信息工程']",3
湖南工商大学,人工智能,['人工智能'],4
湖南工商大学,智能制造工程,"['智能', '制造', '工程']",4
湖南工商大学,通信工程,['通信工程'],5
南华大学,机械类,['机械类'],25
南华大学,能源与动力工程,"['能源', '与', '动力工程']",5
南华大学,电气工程及其自动化,"['电气工程', '及其', '自动化']",5
南华大学,自动化类,"['自动化', '类']",4
南华大学,电子信息类,"['电子信息', '类']",4
南华大学,核工程类,"['核工程', '类']",4
南华大学,核物理,['核物理'],2
南华大学,矿业类,"['矿业', '类']",10
南华大学,城市地下空间工程,"['城市', '地下', '空间', '工程']",8
南华大学,环境工程,['环境工程'],8
南华大学,安全工程(含卓越工程师班),"['安全工程', '(', '含', '卓越', '工程师', '班', ')']",5
南华大学,计算机类,"['计算机', '类']",4
南华大学,土木类,"['土木', '类']",20
南华大学,风景园林,['风景园林'],3
南华大学,化工与制药类,"['化工', '与', '制药', '类']",4
南华大学,材料类,"['材料', '类']",5
南华大学,信息与计算科学,"['信息', '与', '计算', '科学']",4
南华大学,临床医学类,"['临床', '医学类']",5
南华大学,生物技术,"['生物', '技术']",2
南华大学,药学,['药学'],5
南华大学,预防医学,"['预防', '医学']",2
南华大学,护理学,['护理学'],9
南华大学,物流工程,"['物流', '工程']",8
南华大学,电子商务,['电子商务'],8
南华大学,法学,['法学'],6
南华大学,经济学,['经济学'],2
南华大学,外国语言文学类,"['外国', '语言', '文学类']",8
中山大学,汉语言文学(广州),"['汉语言', '文学', '(', '广州', ')']",5
中山大学,历史学(广州),"['历史学', '(', '广州', ')']",5
中山大学,哲学类(广州),"['哲学', '类', '(', '广州', ')']",5
中山大学,外国语言文学类(广州),"['外国', '语言', '文学类', '(', '广州', ')']",5
中山大学,法学,['法学'],5
中山大学,公共管理类,"['公共', '管理', '类']",5
中山大学,工商管理类(广州),"['工商管理', '类', '(', '广州', ')']",10
中山大学,心理学,['心理学'],4
中山大学,数学类(广州),"['数学', '类', '(', '广州', ')']",6
中山大学,化学类,"['化学', '类']",10
中山大学,电子信息类(广州),"['电子信息', '类', '(', '广州', ')']",20
中山大学,计算机类(广州),"['计算机', '类', '(', '广州', ')']",12
中山大学,临床医学(八年制),"['临床医学', '(', '八年', '制', ')']",2
中山大学,临床医学(广州),"['临床医学', '(', '广州', ')']",20
中山大学,物理学类(珠海),"['物理学', '类', '(', '珠海', ')']",15
中山大学,计算机类(深圳),"['计算机', '类', '(', '深圳', ')']",18
中山大学,航空航天类,"['航空航天', '类']",15
中山大学,网络空间安全,"['网络空间', '安全']",10
暨南大学,汉语言文学,"['汉语言', '文学']",2
暨南大学,广告学,['广告学'],2
暨南大学,网络与新媒体,"['网络', '与', '新', '媒体']",2
暨南大学,英语,['英语'],3
暨南大学,西班牙语,['西班牙语'],2
暨南大学,财政学,['财政学'],2
暨南大学,税收学,"['税收', '学']",2
暨南大学,市场营销,['市场营销'],2
暨南大学,法学,['法学'],2
暨南大学,知识产权,['知识产权'],2
暨南大学,国际政治,"['国际', '政治']",2
暨南大学,国际事务与国际关系,"['国际事务', '与', '国际', '关系']",2
暨南大学,数学与应用数学,"['数学', '与', '应用', '数学']",2
暨南大学,软件工程,['软件工程'],2
暨南大学,信息管理与信息系统,"['信息管理', '与', '信息系统']",2
暨南大学,电子信息工程,"['电子', '信息工程']",2
暨南大学,计算机科学与技术,"['计算机科学', '与', '技术']",2
暨南大学,网络空间安全,"['网络空间', '安全']",2
暨南大学,生物科学,['生物科学'],3
暨南大学,口腔医学,['口腔医学'],2
暨南大学,中药学,['中药学'],2
暨南大学,国际经济与贸易,"['国际', '经济', '与', '贸易']",2
暨南大学,药学,['药学'],2
暨南大学,临床医学,['临床医学'],2
暨南大学,文化产业管理,"['文化产业', '管理']",2
暨南大学,国际商务,"['国际', '商务']",2
暨南大学,工商管理,['工商管理'],2
暨南大学,翻译,['翻译'],2
暨南大学,电气工程及其自动化,"['电气工程', '及其', '自动化']",2
暨南大学,包装工程,"['包装', '工程']",2
暨南大学,物联网工程,"['物', '联网', '工程']",2
暨南大学,人工智能,['人工智能'],3
暨南大学,汉语国际教育,"['汉语', '国际', '教育']",2
暨南大学,旅游管理,"['旅游', '管理']",2
暨南大学,风景园林,['风景园林'],2
暨南大学,电子商务,['电子商务'],2
暨南大学,商务英语,['商务英语'],2
暨南大学,经济学,['经济学'],2
暨南大学,应急管理,"['应急', '管理']",2
暨南大学,化学,['化学'],2
暨南大学,金融工程,"['金融', '工程']",3
暨南大学,数学与应用数学(中外合作办学),"['数学', '与', '应用', '数学', '(', '中外合作', '办学', ')']",4
暨南大学,信息与计算科学(中外合作办学),"['信息', '与', '计算', '科学', '(', '中外合作', '办学', ')']",4
暨南大学,经济统计学(中外合作办学),"['经济', '统计学', '(', '中外合作', '办学', ')']",4
暨南大学,经济学(中外合作办学),"['经济学', '(', '中外合作', '办学', ')']",4
汕头大学,汉语言文学,"['汉语言', '文学']",3
汕头大学,英语,['英语'],2
汕头大学,光电信息科学与工程,"['光电', '信息科学', '与', '工程']",3
汕头大学,应用化学,['应用化学'],4
汕头大学,生物技术,"['生物', '技术']",4
汕头大学,机械设计制造及其自动化,"['机械设计', '制造', '及其', '自动化']",2
汕头大学,数据科学与大数据技术,"['数据', '科学', '与', '大', '数据', '技术']",3
汕头大学,土木工程,['土木工程'],4
汕头大学,生物医学工程,"['生物医学', '工程']",3
汕头大学,法学,['法学'],4
汕头大学,法学(涉外法务英语特色班),"['法学', '(', '涉外', '法务', '英语', '特色', '班', ')']",2
汕头大学,行政管理,"['行政', '管理']",2
汕头大学,工商管理(创业与创新管理),"['工商管理', '(', '创业', '与', '创新', '管理', ')']",3
汕头大学,网络与新媒体,"['网络', '与', '新', '媒体']",3
汕头大学,临床医学(5+3一体化，全英预备班),"['临床医学', '(', '5', '+', '3', '一体化', '，', '全英', '预备班', ')']",3
汕头大学,临床医学(5+3一体化),"['临床医学', '(', '5', '+', '3', '一体化', ')']",1
汕头大学,临床医学,['临床医学'],1
华南理工大学,工科试验班(智能装备与先进制造),"['工科', '试验班', '(', '智能', '装备', '与', '先进', '制造', ')']",5
华南理工大学,建筑学,['建筑学'],2
华南理工大学,城乡规划,['城乡规划'],2
华南理工大学,风景园林,['风景园林'],1
华南理工大学,工程力学(创新班),"['工程力学', '(', '创新', '班', ')']",1
华南理工大学,土木工程(卓越全英班),"['土木工程', '(', '卓越', '全英班', ')']",1
华南理工大学,工科试验班(智慧土木与数字建造),"['工科', '试验班', '(', '智慧', '土木', '与', '数字', '建造', ')']",2
华南理工大学,交通运输类,"['交通运输', '类']",2
华南理工大学,电气工程及其自动化(卓越班),"['电气工程', '及其', '自动化', '(', '卓越', '班', ')']",2
华南理工大学,电气类,"['电气', '类']",6
华南理工大学,信息工程(创新班),"['信息工程', '(', '创新', '班', ')']",1
华南理工大学,信息工程,['信息工程'],5
华南理工大学,自动化类,"['自动化', '类']",4
华南理工大学,材料类,"['材料', '类']",3
华南理工大学,化工与制药类,"['化工', '与', '制药', '类']",1
华南理工大学,食品科学与工程类,"['食品科学', '与', '工程', '类']",2
华南理工大学,数学类,"['数学', '类']",3
华南理工大学,物理学类,"['物理学', '类']",2
华南理工大学,工商管理(全英班),"['工商管理', '(', '全英班', ')']",1
华南理工大学,工商管理类,"['工商管理', '类']",3
华南理工大学,会计学,['会计学'],1
华南理工大学,商务英语,['商务英语'],2
华南理工大学,计算机类,"['计算机', '类']",4
华南理工大学,软件工程,['软件工程'],4
华南理工大学,环境科学与工程类,"['环境', '科学', '与', '工程', '类']",2
华南理工大学,生物科学类,"['生物科学', '类']",2
华南理工大学,工业设计,"['工业', '设计']",2
华南理工大学,传播学(2加2联合班),"['传播学', '(', '2', '加', '2', '联合', '班', ')']",2
华南理工大学,新闻传播学类,"['新闻', '传播学', '类']",3
华南理工大学,经济学类,"['经济学', '类']",4
华南理工大学,电子商务类,"['电子商务', '类']",2
华南理工大学,临床医学,['临床医学'],2
华南理工大学,行政管理,"['行政', '管理']",1
华南农业大学,电子信息工程,"['电子', '信息工程']",1
华南农业大学,机械设计制造及其自动化,"['机械设计', '制造', '及其', '自动化']",1
华南农业大学,土木工程,['土木工程'],1
华南农业大学,材料科学与工程,"['材料科学', '与', '工程']",1
华南农业大学,生物工程,['生物工程'],2
华南农业大学,食品科学与工程,"['食品科学', '与', '工程']",1
华南农业大学,食品质量与安全,"['食品质量', '与', '安全']",1
华南农业大学,农学,['农学'],2
华南农业大学,园艺,['园艺'],3
华南农业大学,植物保护,['植物保护'],1
华南农业大学,农业资源与环境(低碳农业),"['农业', '资源', '与', '环境', '(', '低碳', '农业', ')']",2
华南农业大学,动物科学,"['动物', '科学']",2
华南农业大学,动物医学,"['动物', '医学']",2
华南农业大学,海洋科学,"['海洋', '科学']",2
华南农业大学,水产养殖学,"['水产', '养殖', '学']",4
华南农业大学,工商管理类,"['工商管理', '类']",1
华南农业大学,植物保护(智慧植保),"['植物保护', '(', '智慧', '植保', ')']",1
华南农业大学,水产养殖学(智慧渔业),"['水产', '养殖', '学', '(', '智慧', '渔业', ')']",4
华南农业大学,生物科学(中外合作办学)(与爱尔兰都柏林大学合作办学),"['生物科学', '(', '中外合作', '办学', ')', '(', '与', '爱尔兰', '都柏林', '大学', '合作', '办学', ')']",2
华南农业大学,食品质量与安全(中外合作办学)(与爱尔兰都柏林大学合作办学),"['食品质量', '与', '安全', '(', '中外合作', '办学', ')', '(', '与', '爱尔兰', '都柏林', '大学', '合作', '办学', ')']",2
华南农业大学,园艺(中外合作办学)(与爱尔兰都柏林大学合作办学),"['园艺', '(', '中外合作', '办学', ')', '(', '与', '爱尔兰', '都柏林', '大学', '合作', '办学', ')']",2
广东海洋大学,国际经济与贸易,"['国际', '经济', '与', '贸易']",2
广东海洋大学,汉语言文学,"['汉语言', '文学']",2
广东海洋大学,日语,['日语'],2
广东海洋大学,应用化学,['应用化学'],1
广东海洋大学,大气科学,"['大气', '科学']",4
广东海洋大学,应用气象学,"['应用', '气象学']",3
广东海洋大学,海洋科学,"['海洋', '科学']",6
广东海洋大学,生物科学,['生物科学'],1
广东海洋大学,自动化,['自动化'],3
广东海洋大学,港口航道与海岸工程,"['港口', '航道', '与', '海岸', '工程']",4
广东海洋大学,制药工程,"['制药', '工程']",4
广东海洋大学,船舶与海洋工程,"['船舶', '与', '海洋工程']",2
广东海洋大学,食品科学与工程,"['食品科学', '与', '工程']",5
广东海洋大学,食品质量与安全,"['食品质量', '与', '安全']",4
广东海洋大学,生物工程,['生物工程'],3
广东海洋大学,农学,['农学'],3
广东海洋大学,园艺,['园艺'],2
广东海洋大学,动物医学,"['动物', '医学']",3
广东海洋大学,林学,['林学'],2
广东海洋大学,园林,['园林'],2
广东海洋大学,水产养殖学,"['水产', '养殖', '学']",6
广东海洋大学,海洋渔业科学与技术,"['海洋渔业', '科学', '与', '技术']",4
广东海洋大学,水生动物医学,"['水生动物', '医学']",4
广东海洋大学,工程管理,"['工程', '管理']",1
广东海洋大学,工业工程,"['工业', '工程']",2
广东海洋大学,计算机科学与技术,"['计算机科学', '与', '技术']",2
广东海洋大学,工商管理,['工商管理'],2
广东医科大学,临床医学,['临床医学'],6
广东医科大学,麻醉学,['麻醉学'],3
广东医科大学,医学影像学,"['医学', '影像学']",3
广东医科大学,口腔医学,['口腔医学'],2
广东医科大学,法医学,['法医学'],3
广东医科大学,医学检验技术,"['医学', '检验', '技术']",3
广东医科大学,预防医学,"['预防', '医学']",3
广州中医药大学,中医学(5+3一体化),"['中医学', '(', '5', '+', '3', '一体化', ')']",2
广州中医药大学,中医学,['中医学'],3
广州中医药大学,中医骨伤科学,"['中医', '骨伤', '科学']",1
广州中医药大学,中西医临床医学,"['中西医', '临床医学']",1
广州中医药大学,临床医学,['临床医学'],2
广州中医药大学,医学影像学,"['医学', '影像学']",1
广州中医药大学,眼视光学,"['眼视', '光学']",2
广州中医药大学,针灸推拿学,"['针灸', '推拿学']",2
广州中医药大学,康复治疗学,"['康复', '治疗学']",1
广州中医药大学,中医养生学,"['中医', '养生学']",1
广州中医药大学,中药学类,"['中药学', '类']",4
广州中医药大学,药学类,"['药学', '类']",3
广州中医药大学,临床药学,"['临床', '药学']",1
广州中医药大学,应用心理学,"['应用', '心理学']",3
广州中医药大学,健康服务与管理,"['健康', '服务', '与', '管理']",2
广州中医药大学,护理学,['护理学'],3
广州中医药大学,助产学,"['助产', '学']",1
广东药科大学,生物科学类,"['生物科学', '类']",4
广东药科大学,制药工程,"['制药', '工程']",4
广东药科大学,生物工程类,"['生物工程', '类']",3
广东药科大学,临床医学,['临床医学'],5
广东药科大学,预防医学,"['预防', '医学']",5
广东药科大学,中医学,['中医学'],4
广东药科大学,药学类,"['药学', '类']",4
广东药科大学,临床药学,"['临床', '药学']",4
广东药科大学,海洋药学,"['海洋', '药学']",3
广东药科大学,中药学类,"['中药学', '类']",4
华南师范大学,汉语言文学(师范类),"['汉语言', '文学', '(', '师范类', ')']",6
华南师范大学,人力资源管理,"['人力', '资源管理']",4
华南师范大学,旅游管理,"['旅游', '管理']",4
华南师范大学,法学,['法学'],5
华南师范大学,光电信息科学与工程,"['光电', '信息科学', '与', '工程']",6
华南师范大学,环境工程,['环境工程'],5
华南师范大学,社会工作,['社会工作'],4
华南师范大学,历史学(师范类),"['历史学', '(', '师范类', ')']",7
华南师范大学,学前教育(师范类),"['学前教育', '(', '师范类', ')']",3
华南师范大学,计算机科学与技术(师范类),"['计算机科学', '与', '技术', '(', '师范类', ')']",4
华南师范大学,网络工程,['网络工程'],4
华南师范大学,生物科学(师范类),"['生物科学', '(', '师范类', ')']",5
华南师范大学,人文地理与城乡规划,"['人文地理', '与', '城乡规划']",3
华南师范大学,心理学(师范类),"['心理学', '(', '师范类', ')']",6
韶关学院,新闻学,['新闻学'],2
韶关学院,英语(师范类),"['英语', '(', '师范类', ')']",2
韶关学院,护理学,['护理学'],2
韩山师范学院,无机非金属材料工程,"['无机', '非金属材料', '工程']",1
韩山师范学院,物联网工程,"['物', '联网', '工程']",1
韩山师范学院,经济学,['经济学'],1
韩山师范学院,法学,['法学'],1
岭南师范学院,汉语言文学(师范类),"['汉语言', '文学', '(', '师范类', ')']",1
岭南师范学院,社会工作,['社会工作'],2
岭南师范学院,应用化学,['应用化学'],1
岭南师范学院,生物技术,"['生物', '技术']",2
岭南师范学院,汽车服务工程(师范类),"['汽车', '服务', '工程', '(', '师范类', ')']",2
肇庆学院,汉语言文学(师范类),"['汉语言', '文学', '(', '师范类', ')']",5
肇庆学院,日语,['日语'],5
肇庆学院,食品科学与工程类,"['食品科学', '与', '工程', '类']",5
广州体育学院,新闻学,['新闻学'],1
星海音乐学院,艺术管理,"['艺术', '管理']",2
广东技术师范大学,智能科学与技术,"['智能科学', '与', '技术']",3
广东技术师范大学,人工智能,['人工智能'],3
广东技术师范大学,数学与应用数学(师范类),"['数学', '与', '应用', '数学', '(', '师范类', ')']",6
广东技术师范大学,教育技术学(师范类),"['教育', '技术', '学', '(', '师范类', ')']",5
广东技术师范大学,国际经济与贸易,"['国际', '经济', '与', '贸易']",5
广东技术师范大学,日语,['日语'],5
广东技术师范大学,汉语言文学(师范类),"['汉语言', '文学', '(', '师范类', ')']",5
广东技术师范大学,网络空间安全,"['网络空间', '安全']",5
广东技术师范大学,数据科学与大数据技术,"['数据', '科学', '与', '大', '数据', '技术']",5
海南大学,食品科学与工程类,"['食品科学', '与', '工程', '类']",12
海南大学,旅游管理类,"['旅游', '管理', '类']",5
海南大学,电子信息类,"['电子信息', '类']",12
海南大学,材料类,"['材料', '类']",12
海南大学,英语,['英语'],14
海南大学,动物医学,"['动物', '医学']",2
海南大学,海洋科学,"['海洋', '科学']",5
海南大学,自动化,['自动化'],5
海南大学,水产养殖学,"['水产', '养殖', '学']",4
海南大学,机械设计制造及其自动化,"['机械设计', '制造', '及其', '自动化']",3
海南大学,设施农业科学与工程,"['设施', '农业', '科学', '与', '工程']",9
海南大学,软件工程(NIIT),"['软件工程', '(', 'NIIT', ')']",8
海南大学,物流管理,"['物流', '管理']",2
海南大学,农学,['农学'],2
海南大学,应用化学,['应用化学'],4
海南大学,俄语,['俄语'],3
海南大学,生态学,['生态学'],5
海南大学,农业资源与环境,"['农业', '资源', '与', '环境']",2
海南大学,生物医学工程,"['生物医学', '工程']",4
海南大学,环境科学,"['环境', '科学']",5
海南大学,风景园林,['风景园林'],2
海南大学,农林经济管理,"['农林', '经济', '管理']",4
海南大学,生物技术,"['生物', '技术']",4
海南大学,数学与应用数学,"['数学', '与', '应用', '数学']",6
海南大学,药学,['药学'],5
海南大学,计算机科学与技术,"['计算机科学', '与', '技术']",7
海南大学,应用物理学,"['应用', '物理学']",6
海南大学,车辆工程,"['车辆', '工程']",3
海南大学,生物科学,['生物科学'],5
海南大学,人工智能,['人工智能'],6
海南大学,信息安全,['信息安全'],7
海南大学,法学,['法学'],7
海南大学,密码科学与技术,"['密码', '科学', '与', '技术']",7
海南大学,林学,['林学'],8
海南大学,金融学,['金融学'],4
海南大学,园艺,['园艺'],8
海南大学,土木工程,['土木工程'],8
海南大学,思想政治教育,"['思想', '政治', '教育']",2
海南大学,植物保护,['植物保护'],5
海南大学,国际经济与贸易,"['国际', '经济', '与', '贸易']",4
海南大学,会计学,['会计学'],7
海南大学,行政管理,"['行政', '管理']",2
海南大学,土地资源管理,"['土地', '资源管理']",2
海南大学,工商管理,['工商管理'],6
海南大学,戏剧影视文学,"['戏剧', '影视', '文学']",5
海南大学,传播学,['传播学'],2
海南大学,化学工程与工艺,"['化学工程', '与', '工艺']",5
海南大学,汉语言文学,"['汉语言', '文学']",2
海南大学,建筑学,['建筑学'],4
海南大学,海洋工程与技术,"['海洋工程', '与', '技术']",4
海南大学,动物科学,"['动物', '科学']",2
海南大学,园林,['园林'],4
海南大学,日语,['日语'],3
海南大学,数据科学与大数据技术,"['数据', '科学', '与', '大', '数据', '技术']",7
海南大学,人文地理与城乡规划(中外合作办学),"['人文地理', '与', '城乡规划', '(', '中外合作', '办学', ')']",7
海南大学,行政管理(中外合作办学),"['行政', '管理', '(', '中外合作', '办学', ')']",5
海南大学,酒店管理(中外合作办学),"['酒店', '管理', '(', '中外合作', '办学', ')']",14
海南大学,会展经济与管理(中外合作办学),"['会展经济', '与', '管理', '(', '中外合作', '办学', ')']",9
深圳大学,材料科学与工程,"['材料科学', '与', '工程']",3
深圳大学,新闻学,['新闻学'],3
深圳大学,电子信息工程,"['电子', '信息工程']",3
深圳大学,通信工程,['通信工程'],1
深圳大学,法学,['法学'],3
深圳大学,工商管理,['工商管理'],2
深圳大学,电子商务,['电子商务'],2
深圳大学,自动化,['自动化'],3
深圳大学,机器人工程,"['机器人', '工程']",1
深圳大学,计算机科学与技术,"['计算机科学', '与', '技术']",5
深圳大学,地理空间信息工程(智慧城市),"['地理', '空间', '信息工程', '(', '智慧', '城市', ')']",1
深圳大学,建筑学,['建筑学'],2
深圳大学,金融学,['金融学'],2
深圳大学,国际经济与贸易,"['国际', '经济', '与', '贸易']",2
深圳大学,会计学,['会计学'],2
深圳大学,哲学,['哲学'],1
深圳大学,汉语言文学,"['汉语言', '文学']",1
深圳大学,生物技术,"['生物', '技术']",1
深圳大学,数学与应用数学,"['数学', '与', '应用', '数学']",2
深圳大学,土木工程(卓越班),"['土木工程', '(', '卓越', '班', ')']",1
深圳大学,德语(德英),"['德语', '(', '德英', ')']",1
深圳大学,金融科技,"['金融', '科技']",1
深圳大学,光电信息科学与工程,"['光电', '信息科学', '与', '工程']",2
深圳大学,临床医学,['临床医学'],1
深圳大学,临床医学(卓越班),"['临床医学', '(', '卓越', '班', ')']",2
深圳大学,药学,['药学'],1
深圳大学,行政管理,"['行政', '管理']",1
深圳大学,金融科技(中外合作办学),"['金融', '科技', '(', '中外合作', '办学', ')']",3
深圳大学,电子商务(中外合作办学),"['电子商务', '(', '中外合作', '办学', ')']",3
广东财经大学,国际经济与贸易,"['国际', '经济', '与', '贸易']",1
广东财经大学,国际商务,"['国际', '商务']",1
广东财经大学,商务英语,['商务英语'],1
广东财经大学,汉语言文学,"['汉语言', '文学']",1
广东财经大学,供应链管理,"['供应链', '管理']",1
广西大学,数学类,"['数学', '类']",10
广西大学,土木工程,['土木工程'],20
广西大学,化学类,"['化学', '类']",20
广西大学,海洋科学,"['海洋', '科学']",10
广西大学,电子信息类,"['电子信息', '类']",10
广西大学,轻工类,"['轻工', '类']",20
广西大学,汉语言文学,"['汉语言', '文学']",10
广西大学,外国语言文学类,"['外国', '语言', '文学类']",10
广西大学,日语,['日语'],10
广西大学,新闻传播学类,"['新闻', '传播学', '类']",10
广西大学,工商管理类,"['工商管理', '类']",10
广西大学,公共事业管理,"['公共事业', '管理']",15
广西大学,法学,['法学'],20
广西大学,思想政治教育,"['思想', '政治', '教育']",5
广西大学,电子科学与技术,"['电子', '科学', '与', '技术']",10
广西大学,机械类,['机械类'],20
广西大学,电气类,"['电气', '类']",20
广西大学,计算机类,"['计算机', '类']",10
广西科技大学,测控技术与仪器,"['测控', '技术', '与', '仪器']",4
广西科技大学,电气工程及其自动化,"['电气工程', '及其', '自动化']",4
广西科技大学,通信工程,['通信工程'],3
广西科技大学,数据科学与大数据技术,"['数据', '科学', '与', '大', '数据', '技术']",4
广西科技大学,土木工程,['土木工程'],3
广西科技大学,食品科学与工程,"['食品科学', '与', '工程']",4
广西科技大学,物流管理,"['物流', '管理']",3
广西科技大学,工业工程,"['工业', '工程']",4
广西科技大学,软件工程(启迪数字学院),"['软件工程', '(', '启迪', '数字', '学院', ')']",4
广西科技大学,新媒体技术(虚拟现实方向),"['新', '媒体', '技术', '(', '虚拟现实', '方向', ')']",6
广西科技大学,康复治疗学,"['康复', '治疗学']",4
广西科技大学,软件工程(中外合作办学),"['软件工程', '(', '中外合作', '办学', ')']",8
广西科技大学,机械工程(中外合作办学),"['机械工程', '(', '中外合作', '办学', ')']",7
桂林电子科技大学,机械类,['机械类'],5
桂林电子科技大学,电子封装技术,"['电子', '封装', '技术']",2
桂林电子科技大学,车辆工程,"['车辆', '工程']",2
桂林电子科技大学,电气工程及其自动化,"['电气工程', '及其', '自动化']",2
桂林电子科技大学,智能制造工程,"['智能', '制造', '工程']",2
桂林电子科技大学,电子信息类,"['电子信息', '类']",7
桂林电子科技大学,电子科学与技术,"['电子', '科学', '与', '技术']",2
桂林电子科技大学,导航工程,"['导航', '工程']",2
桂林电子科技大学,计算机类,"['计算机', '类']",4
桂林电子科技大学,信息安全,['信息安全'],2
桂林电子科技大学,物联网工程,"['物', '联网', '工程']",2
桂林电子科技大学,智能科学与技术,"['智能科学', '与', '技术']",2
桂林电子科技大学,网络空间安全,"['网络空间', '安全']",2
桂林电子科技大学,财务管理,['财务管理'],2
桂林电子科技大学,会计学,['会计学'],2
桂林电子科技大学,工业工程,"['工业', '工程']",2
桂林电子科技大学,人力资源管理,"['人力', '资源管理']",2
桂林电子科技大学,电子商务,['电子商务'],3
桂林电子科技大学,本科预科班（招收边防军人子女）,"['本科', '预科班', '（', '招收', '边防军', '人', '子女', '）']",7
桂林电子科技大学,英语,['英语'],3
桂林电子科技大学,日语,['日语'],3
桂林电子科技大学,汉语国际教育,"['汉语', '国际', '教育']",3
桂林电子科技大学,应用统计学,"['应用', '统计学']",5
桂林电子科技大学,自动化类,"['自动化', '类']",3
桂林电子科技大学,仪器类,"['仪器', '类']",3
桂林电子科技大学,法学类,['法学类'],4
桂林电子科技大学,材料类,"['材料', '类']",5
桂林电子科技大学,材料成型及控制工程,"['材料', '成型', '及', '控制工程']",3
桂林电子科技大学,环境工程,['环境工程'],4
桂林电子科技大学,生物医学工程,"['生物医学', '工程']",2
桂林电子科技大学,交通工程,"['交通', '工程']",2
桂林电子科技大学,土木工程,['土木工程'],2
桂林电子科技大学,建筑环境与能源应用工程,"['建筑', '环境', '与', '能源', '应用', '工程']",2
桂林电子科技大学,建筑电气与智能化,"['建筑', '电气', '与', '智能化']",2
桂林电子科技大学,人工智能,['人工智能'],2
桂林电子科技大学,电子信息工程(中外合作办学),"['电子', '信息工程', '(', '中外合作', '办学', ')']",8
桂林理工大学,地质工程,"['地质', '工程']",2
桂林理工大学,资源勘查工程,"['资源', '勘查', '工程']",4
桂林理工大学,给排水科学与工程,"['给排水', '科学', '与', '工程']",3
桂林理工大学,环境工程,['环境工程'],2
桂林理工大学,材料类,"['材料', '类']",6
桂林理工大学,化工与制药类,"['化工', '与', '制药', '类']",4
桂林理工大学,建筑类,"['建筑', '类']",3
桂林理工大学,地理信息科学,"['地理信息', '科学']",3
桂林理工大学,遥感科学与技术,"['遥感', '科学', '与', '技术']",4
桂林理工大学,电子信息类,"['电子信息', '类']",4
桂林理工大学,计算机类,"['计算机', '类']",6
桂林理工大学,机械类,['机械类'],3
桂林理工大学,房地产开发与管理,"['房地产', '开发', '与', '管理']",3
桂林理工大学,国际经济与贸易,"['国际', '经济', '与', '贸易']",4
桂林理工大学,会计学,['会计学'],3
桂林理工大学,物流管理,"['物流', '管理']",3
桂林理工大学,新闻传播学类,"['新闻', '传播学', '类']",4
桂林理工大学,行政管理,"['行政', '管理']",2
桂林理工大学,日语,['日语'],2
桂林理工大学,英语,['英语'],2
桂林理工大学,信息与计算科学,"['信息', '与', '计算', '科学']",3
桂林理工大学,水利类,"['水利', '类']",3
桂林理工大学,土木工程,['土木工程'],4
桂林理工大学,工程管理,"['工程', '管理']",2
桂林理工大学,自动化类,"['自动化', '类']",3
桂林理工大学,智能建造,"['智能', '建造']",4
桂林理工大学,机械设计制造及其自动化(中外合作办学),"['机械设计', '制造', '及其', '自动化', '(', '中外合作', '办学', ')']",6
广西医科大学,临床医学(5+3一体化),"['临床医学', '(', '5', '+', '3', '一体化', ')']",2
广西医科大学,临床医学,['临床医学'],2
广西医科大学,儿科学,['儿科学'],2
广西医科大学,口腔医学,['口腔医学'],2
广西医科大学,预防医学,"['预防', '医学']",2
广西医科大学,临床药学,"['临床', '药学']",2
广西医科大学,医学检验技术,"['医学', '检验', '技术']",2
广西医科大学,药学,['药学'],2
广西医科大学,生物技术,"['生物', '技术']",2
广西医科大学,信息管理与信息系统,"['信息管理', '与', '信息系统']",2
广西医科大学,护理学,['护理学'],4
广西医科大学,养老服务管理,"['养老', '服务', '管理']",2
广西中医药大学,针灸推拿学,"['针灸', '推拿学']",2
广西中医药大学,临床医学,['临床医学'],2
广西中医药大学,医学影像技术,"['医学影像', '技术']",1
广西中医药大学,医学检验技术,"['医学', '检验', '技术']",1
广西中医药大学,药学,['药学'],2
广西中医药大学,中药学,['中药学'],1
广西中医药大学,中医学,['中医学'],3
广西中医药大学,护理学,['护理学'],2
广西中医药大学,中医学(5+3一体化),"['中医学', '(', '5', '+', '3', '一体化', ')']",1
桂林医学院,临床医学,['临床医学'],6
桂林医学院,口腔医学,['口腔医学'],1
桂林医学院,儿科学,['儿科学'],1
桂林医学院,预防医学,"['预防', '医学']",2
桂林医学院,医学影像学,"['医学', '影像学']",2
桂林医学院,医学检验技术,"['医学', '检验', '技术']",2
桂林医学院,药学,['药学'],2
桂林医学院,康复治疗学,"['康复', '治疗学']",2
广西师范大学,汉语言文学(师范类),"['汉语言', '文学', '(', '师范类', ')']",6
广西师范大学,历史学(师范类),"['历史学', '(', '师范类', ')']",4
广西师范大学,文化产业管理,"['文化产业', '管理']",2
广西师范大学,旅游管理,"['旅游', '管理']",2
广西师范大学,思想政治教育(师范类),"['思想', '政治', '教育', '(', '师范类', ')']",2
广西师范大学,法学,['法学'],2
广西师范大学,经济学,['经济学'],2
广西师范大学,工商管理,['工商管理'],2
广西师范大学,会计学,['会计学'],3
广西师范大学,人力资源管理,"['人力', '资源管理']",3
广西师范大学,教育技术学(师范类),"['教育', '技术', '学', '(', '师范类', ')']",2
广西师范大学,小学教育(师范类),"['小学', '教育', '(', '师范类', ')']",2
广西师范大学,英语(师范类),"['英语', '(', '师范类', ')']",5
广西师范大学,日语,['日语'],3
广西师范大学,商务英语,['商务英语'],2
广西师范大学,数学与应用数学(师范类),"['数学', '与', '应用', '数学', '(', '师范类', ')']",5
广西师范大学,信息与计算科学,"['信息', '与', '计算', '科学']",1
广西师范大学,统计学,['统计学'],1
广西师范大学,科学教育(师范类),"['科学', '教育', '(', '师范类', ')']",2
广西师范大学,物理学(师范类),"['物理学', '(', '师范类', ')']",3
广西师范大学,化学(师范类),"['化学', '(', '师范类', ')']",4
广西师范大学,应用化学,['应用化学'],2
广西师范大学,生物科学(师范类),"['生物科学', '(', '师范类', ')']",3
广西师范大学,生物技术,"['生物', '技术']",2
广西师范大学,地理科学(师范类),"['地理', '科学', '(', '师范类', ')']",3
广西师范大学,计算机科学与技术,"['计算机科学', '与', '技术']",2
广西师范大学,软件工程,['软件工程'],2
广西师范大学,电子科学与技术,"['电子', '科学', '与', '技术']",2
广西师范大学,通信工程,['通信工程'],2
南宁师范大学,汉语言文学(师范类),"['汉语言', '文学', '(', '师范类', ')']",3
南宁师范大学,数学与应用数学(师范类),"['数学', '与', '应用', '数学', '(', '师范类', ')']",3
南宁师范大学,电子信息工程,"['电子', '信息工程']",3
南宁师范大学,计算机科学与技术(师范类),"['计算机科学', '与', '技术', '(', '师范类', ')']",3
南宁师范大学,软件工程,['软件工程'],2
南宁师范大学,英语,['英语'],2
南宁师范大学,地理科学类,"['地理', '科学', '类']",4
南宁师范大学,工商管理类,"['工商管理', '类']",3
南宁师范大学,公共事业管理,"['公共事业', '管理']",3
河池学院,思想政治教育(师范类),"['思想', '政治', '教育', '(', '师范类', ')']",3
河池学院,学前教育(师范类),"['学前教育', '(', '师范类', ')']",3
河池学院,汉语言文学(师范类),"['汉语言', '文学', '(', '师范类', ')']",3
河池学院,应用化学,['应用化学'],3
河池学院,电气工程及其自动化,"['电气工程', '及其', '自动化']",3
河池学院,旅游管理,"['旅游', '管理']",3
玉林师范学院,信息与计算科学,"['信息', '与', '计算', '科学']",5
玉林师范学院,信息安全,['信息安全'],5
玉林师范学院,数据科学与大数据技术,"['数据', '科学', '与', '大', '数据', '技术']",5
玉林师范学院,机械电子工程,"['机械', '电子', '工程']",5
玉林师范学院,智能制造工程,"['智能', '制造', '工程']",5
广西艺术学院,美术学,['美术学'],2
广西艺术学院,艺术设计学,"['艺术设计', '学']",2
广西艺术学院,艺术史论,"['艺术', '史论']",8
广西艺术学院,艺术与科技,"['艺术', '与', '科技']",3
广西艺术学院,戏剧影视文学,"['戏剧', '影视', '文学']",3
广西艺术学院,风景园林,['风景园林'],3
广西艺术学院,广播电视学,"['广播电视', '学']",3
广西艺术学院,广告学,['广告学'],4
广西艺术学院,文化产业管理,"['文化产业', '管理']",9
广西民族大学,政治学与行政学,"['政治学', '与', '行政', '学']",2
广西民族大学,中国共产党历史,"['中国共产党', '历史']",2
广西民族大学,行政管理,"['行政', '管理']",2
广西民族大学,税收学,"['税收', '学']",2
广西民族大学,国际经济与贸易,"['国际', '经济', '与', '贸易']",2
广西民族大学,工商管理,['工商管理'],2
广西民族大学,市场营销,['市场营销'],2
广西民族大学,旅游管理,"['旅游', '管理']",1
广西民族大学,法学,['法学'],1
广西民族大学,应用心理学(师范类),"['应用', '心理学', '(', '师范类', ')']",2
广西民族大学,汉语言文学(师范类),"['汉语言', '文学', '(', '师范类', ')']",2
广西民族大学,社会学,['社会学'],2
广西民族大学,英语,['英语'],3
广西民族大学,翻译,['翻译'],3
广西民族大学,数学与应用数学(师范类),"['数学', '与', '应用', '数学', '(', '师范类', ')']",2
广西民族大学,信息与计算科学,"['信息', '与', '计算', '科学']",2
广西民族大学,电子信息工程,"['电子', '信息工程']",3
广西民族大学,计算机科学与技术,"['计算机科学', '与', '技术']",1
广西民族大学,化学(师范类),"['化学', '(', '师范类', ')']",1
广西民族大学,应用化学,['应用化学'],2
广西民族大学,化学工程与工艺,"['化学工程', '与', '工艺']",1
广西民族大学,智能制造工程,"['智能', '制造', '工程']",2
广西民族大学,海洋科学,"['海洋', '科学']",4
广西民族大学,生物技术,"['生物', '技术']",2
广西民族大学,工程管理,"['工程', '管理']",3
广西民族大学,新闻学,['新闻学'],1
广西民族大学,国际商务,"['国际', '商务']",2
广西民族大学,非物质文化遗产保护,"['非', '物质', '文化遗产', '保护']",2
广西民族大学,金融学(中澳学分互认联合培养项目),"['金融学', '(', '中澳', '学分', '互认', '联合', '培养', '项目', ')']",8
广西民族大学,人工智能(中澳学分互认联合培养项目),"['人工智能', '(', '中澳', '学分', '互认', '联合', '培养', '项目', ')']",7
广西民族大学,会计学(中外合作办学),"['会计学', '(', '中外合作', '办学', ')']",10
百色学院,化学(师范类),"['化学', '(', '师范类', ')']",2
百色学院,生物技术,"['生物', '技术']",2
百色学院,材料成型及控制工程,"['材料', '成型', '及', '控制工程']",2
百色学院,通信工程,['通信工程'],2
百色学院,食品科学与工程,"['食品科学', '与', '工程']",2
百色学院,设施农业科学与工程,"['设施', '农业', '科学', '与', '工程']",2
百色学院,市场营销,['市场营销'],2
百色学院,审计学,['审计学'],2
百色学院,电子商务,['电子商务'],2
百色学院,英语(师范类，英语教育),"['英语', '(', '师范类', '，', '英语教育', ')']",2
百色学院,跨境电子商务,"['跨境', '电子商务']",2
百色学院,小学教育(师范类),"['小学', '教育', '(', '师范类', ')']",2
四川大学,美术学(理论研究),"['美术学', '(', '理论', '研究', ')']",3
四川大学,金融学类,"['金融学', '类']",5
四川大学,经济学类,"['经济学', '类']",7
四川大学,新闻传播学类,"['新闻', '传播学', '类']",4
四川大学,日语,['日语'],2
四川大学,历史学类,"['历史学', '类']",1
四川大学,旅游管理类,"['旅游', '管理', '类']",4
四川大学,哲学,['哲学'],2
四川大学,档案学,['档案学'],2
四川大学,信息资源管理,['信息资源管理'],2
四川大学,管理科学与工程类,"['管理科学', '与', '工程', '类']",4
四川大学,数学与应用数学(基地班),"['数学', '与', '应用', '数学', '(', '基地', '班', ')']",2
四川大学,数学与应用数学(数学经济学双学士学位),"['数学', '与', '应用', '数学', '(', '数学', '经济学', '双', '学士学位', ')']",2
四川大学,数学类,"['数学', '类']",2
四川大学,物理学类,"['物理学', '类']",3
四川大学,核工程与核技术,"['核工程', '与', '核技术']",4
四川大学,化学类,"['化学', '类']",12
四川大学,生物科学类,"['生物科学', '类']",6
四川大学,电子信息类,"['电子信息', '类']",10
四川大学,高分子材料与工程,"['高分子', '材料', '与', '工程']",9
四川大学,材料类(新能源与纳米材料),"['材料', '类', '(', '新能源', '与', '纳米材料', ')']",12
四川大学,生物医学工程,"['生物医学', '工程']",5
四川大学,医学信息工程,"['医学', '信息工程']",3
四川大学,工科试验班(智能制造),"['工科', '试验班', '(', '智能', '制造', ')']",10
四川大学,电气类,"['电气', '类']",14
四川大学,计算机类,"['计算机', '类']",11
四川大学,建筑学,['建筑学'],3
四川大学,土木工程,['土木工程'],5
四川大学,工程力学,['工程力学'],2
四川大学,工科试验班(先进低碳材料),"['工科', '试验班', '(', '先进', '低碳', '材料', ')']",3
四川大学,工科试验班(食品健康与安全),"['工科', '试验班', '(', '食品', '健康', '与', '安全', ')']",6
四川大学,软件工程,['软件工程'],8
四川大学,网络空间安全,"['网络空间', '安全']",4
四川大学,法医学,['法医学'],3
四川大学,临床医学(五年),"['临床医学', '(', '五年', ')']",3
四川大学,临床医学(八年),"['临床医学', '(', '八年', ')']",2
四川大学,医学技术类,"['医学', '技术类']",3
四川大学,口腔医学(五年),"['口腔医学', '(', '五年', ')']",3
四川大学,口腔医学(八年),"['口腔医学', '(', '八年', ')']",2
四川大学,预防医学,"['预防', '医学']",3
四川大学,药学,['药学'],6
四川大学,临床药学,"['临床', '药学']",2
四川大学,法学,['法学'],3
四川大学,英语,['英语'],5
四川大学,公共管理类,"['公共', '管理', '类']",3
四川大学,工业工程(中外合作办学),"['工业', '工程', '(', '中外合作', '办学', ')']",4
四川大学,机械设计制造及其自动化(中外合作办学),"['机械设计', '制造', '及其', '自动化', '(', '中外合作', '办学', ')']",4
四川大学,材料科学与工程(中外合作办学),"['材料科学', '与', '工程', '(', '中外合作', '办学', ')']",2
四川大学,电气工程及其自动化(中外合作办学),"['电气工程', '及其', '自动化', '(', '中外合作', '办学', ')']",3
四川大学,计算机科学与技术(中外合作办学),"['计算机科学', '与', '技术', '(', '中外合作', '办学', ')']",4
四川大学,电子信息工程(中外合作办学),"['电子', '信息工程', '(', '中外合作', '办学', ')']",2
重庆大学,临床医学(五年制),"['临床医学', '(', '五年制', ')']",4
重庆大学,管理科学与工程类,"['管理科学', '与', '工程', '类']",4
重庆大学,经济学类,"['经济学', '类']",3
重庆大学,人文科学试验班(法学新闻类),"['人文科学', '试验班', '(', '法学', '新闻', '类', ')']",5
重庆大学,建筑类,"['建筑', '类']",7
重庆大学,外国语言文学类,"['外国', '语言', '文学类']",3
重庆大学,人文科学试验班(博雅类),"['人文科学', '试验班', '(', '博雅', '类', ')']",2
重庆大学,工商管理类,"['工商管理', '类']",8
重庆大学,理科试验班(数学物理类),"['理科', '试验班', '(', '数学', '物理', '类', ')']",5
重庆大学,工科试验班(环化健康类),"['工科', '试验班', '(', '环化', '健康', '类', ')']",20
重庆大学,工科试验班(工程能源类),"['工科', '试验班', '(', '工程', '能源', '类', ')']",60
重庆大学,工科试验班(电气信息类),"['工科', '试验班', '(', '电气', '信息', '类', ')']",50
重庆大学,本科预科班（招收边防军人子女）,"['本科', '预科班', '（', '招收', '边防军', '人', '子女', '）']",3
重庆大学,电气工程及其自动化(中外合作办学),"['电气工程', '及其', '自动化', '(', '中外合作', '办学', ')']",2
重庆大学,机械设计制造及其自动化(中外合作办学),"['机械设计', '制造', '及其', '自动化', '(', '中外合作', '办学', ')']",3
西南交通大学,土木工程,['土木工程'],13
西南交通大学,城市地下空间工程,"['城市', '地下', '空间', '工程']",2
西南交通大学,机械类,['机械类'],14
西南交通大学,车辆工程,"['车辆', '工程']",5
西南交通大学,能源动力类,"['能源动力', '类']",3
西南交通大学,电气工程及其自动化,"['电气工程', '及其', '自动化']",15
西南交通大学,电子信息工程,"['电子', '信息工程']",9
西南交通大学,通信工程,['通信工程'],6
西南交通大学,自动化,['自动化'],4
西南交通大学,轨道交通信号与控制,"['轨道交通', '信号', '与', '控制']",4
西南交通大学,人工智能,['人工智能'],5
西南交通大学,计算机类,"['计算机', '类']",4
西南交通大学,交通运输类,"['交通运输', '类']",8
西南交通大学,安全工程,['安全工程'],3
西南交通大学,工程力学,['工程力学'],3
西南交通大学,飞行器设计与工程,"['飞行器', '设计', '与', '工程']",3
西南交通大学,汉语言文学,"['汉语言', '文学']",3
西南交通大学,新闻传播学类,"['新闻', '传播学', '类']",3
西南交通大学,制药工程,"['制药', '工程']",8
西南交通大学,生物工程,['生物工程'],4
西南交通大学,数学与应用数学,"['数学', '与', '应用', '数学']",2
西南交通大学,统计学,['统计学'],4
西南交通大学,数据科学与大数据技术,"['数据', '科学', '与', '大', '数据', '技术']",1
西南交通大学,建筑类,"['建筑', '类']",4
西南交通大学,建筑学,['建筑学'],4
西南交通大学,测绘类,"['测绘', '类']",12
西南交通大学,地质工程,"['地质', '工程']",6
西南交通大学,环境科学与工程类,"['环境', '科学', '与', '工程', '类']",7
西南交通大学,应用物理学,"['应用', '物理学']",14
西南交通大学,电子信息科学与技术,"['电子信息', '科学', '与', '技术']",3
西南交通大学,材料类,"['材料', '类']",19
西南交通大学,生物医学工程,"['生物医学', '工程']",2
西南交通大学,汉语国际教育,"['汉语', '国际', '教育']",1
西南交通大学,外国语言文学类,"['外国', '语言', '文学类']",10
西南交通大学,经济与贸易类,"['经济', '与', '贸易', '类']",3
西南交通大学,工商管理类,"['工商管理', '类']",18
西南交通大学,法学,['法学'],1
西南交通大学,政治学与行政学,"['政治学', '与', '行政', '学']",1
西南交通大学,公共事业管理,"['公共事业', '管理']",2
西南交通大学,智能制造工程,"['智能', '制造', '工程']",8
西南交通大学,新能源科学与工程,"['新', '能源科学', '与', '工程']",8
西南交通大学,智能建造,"['智能', '建造']",4
西南交通大学,城市设计,"['城市', '设计']",1
西南交通大学,智慧交通,"['智慧', '交通']",3
西南交通大学,电子信息类,"['电子信息', '类']",3
西南交通大学,物流管理与工程类,"['物流', '管理', '与', '工程', '类']",3
西南交通大学,生物工程(中外合作办学),"['生物工程', '(', '中外合作', '办学', ')']",4
西南交通大学,安全工程(中外合作办学),"['安全工程', '(', '中外合作', '办学', ')']",4
西南交通大学,环境工程(中外合作办学),"['环境工程', '(', '中外合作', '办学', ')']",4
西南交通大学,机械设计制造及其自动化(中外合作办学),"['机械设计', '制造', '及其', '自动化', '(', '中外合作', '办学', ')']",5
西南交通大学,电子信息工程(中外合作办学),"['电子', '信息工程', '(', '中外合作', '办学', ')']",5
西南交通大学,计算机科学与技术(中外合作办学),"['计算机科学', '与', '技术', '(', '中外合作', '办学', ')']",5
西南交通大学,土木工程(中外合作办学),"['土木工程', '(', '中外合作', '办学', ')']",5
电子科技大学,电子信息类(成电英才计划拔尖创新人才实验班),"['电子信息', '类', '(', '成电', '英才', '计划', '拔尖', '创新', '人才', '实验班', ')']",3
电子科技大学,计算机科学与技术(智能金融与区块链金融双A联合学位实验班),"['计算机科学', '与', '技术', '(', '智能', '金融', '与', '区块', '链', '金融', '双', 'A', '联合', '学位', '实验班', ')']",2
电子科技大学,物联网工程(互联网交叉复合型精英人才双学位培养计划),"['物', '联网', '工程', '(', '互联网', '交叉', '复合型', '精英', '人才', '双学位', '培养', '计划', ')']",3
电子科技大学,计算机科学与技术(互联网交叉复合型精英人才双学位培养计划),"['计算机科学', '与', '技术', '(', '互联网', '交叉', '复合型', '精英', '人才', '双学位', '培养', '计划', ')']",5
电子科技大学,数据科学与大数据技术(互联网交叉复合型精英人才双学位培养计划),"['数据', '科学', '与', '大', '数据', '技术', '(', '互联网', '交叉', '复合型', '精英', '人才', '双学位', '培养', '计划', ')']",4
电子科技大学,电子信息类(信息与通信),"['电子信息', '类', '(', '信息', '与', '通信', ')']",16
电子科技大学,工科试验班(电子工程类),"['工科', '试验班', '(', '电子', '工程', '类', ')']",18
电子科技大学,计算机类,"['计算机', '类']",12
电子科技大学,工科试验班(机器人、电气信息、智能制造),"['工科', '试验班', '(', '机器人', '、', '电气', '信息', '、', '智能', '制造', ')']",20
电子科技大学,电子信息类(光电集成与光网络),"['电子信息', '类', '(', '光电', '集成', '与', '光', '网络', ')']",11
西南石油大学,石油工程,"['石油', '工程']",9
西南石油大学,油气储运工程,"['油气', '储运', '工程']",4
西南石油大学,海洋油气工程,"['海洋', '油气', '工程']",2
西南石油大学,资源勘查工程,"['资源', '勘查', '工程']",4
西南石油大学,勘查技术与工程,"['勘查', '技术', '与', '工程']",4
西南石油大学,地质学,['地质学'],4
西南石油大学,地理信息科学,"['地理信息', '科学']",3
西南石油大学,城市地下空间工程,"['城市', '地下', '空间', '工程']",3
西南石油大学,机械工程,['机械工程'],5
西南石油大学,过程装备与控制工程,"['过程', '装备', '与', '控制工程']",6
西南石油大学,机械设计制造及其自动化,"['机械设计', '制造', '及其', '自动化']",3
西南石油大学,测控技术与仪器,"['测控', '技术', '与', '仪器']",3
西南石油大学,工业设计,"['工业', '设计']",3
西南石油大学,智能感知工程,"['智能', '感知', '工程']",4
西南石油大学,应用化学,['应用化学'],3
西南石油大学,化学工程与工艺,"['化学工程', '与', '工艺']",4
西南石油大学,环境工程,['环境工程'],4
西南石油大学,化学,['化学'],3
西南石油大学,安全工程,['安全工程'],2
西南石油大学,新能源材料与器件,"['新能源', '材料', '与', '器件']",6
西南石油大学,材料科学与工程,"['材料科学', '与', '工程']",5
西南石油大学,高分子材料与工程,"['高分子', '材料', '与', '工程']",3
西南石油大学,材料成型及控制工程,"['材料', '成型', '及', '控制工程']",3
西南石油大学,新能源科学与工程,"['新', '能源科学', '与', '工程']",3
西南石油大学,储能科学与工程,"['储能', '科学', '与', '工程']",4
西南石油大学,计算机类,"['计算机', '类']",14
西南石油大学,电气工程及其自动化,"['电气工程', '及其', '自动化']",4
西南石油大学,自动化类,"['自动化', '类']",7
西南石油大学,通信工程,['通信工程'],4
西南石油大学,土木工程,['土木工程'],6
西南石油大学,测绘工程,"['测绘', '工程']",4
西南石油大学,工程管理,"['工程', '管理']",4
西南石油大学,信息与计算科学,"['信息', '与', '计算', '科学']",4
西南石油大学,数学与应用数学,"['数学', '与', '应用', '数学']",4
西南石油大学,人工智能,['人工智能'],2
西南石油大学,工商管理类,"['工商管理', '类']",2
西南石油大学,经济学,['经济学'],2
西南石油大学,国际经济与贸易,"['国际', '经济', '与', '贸易']",2
西南石油大学,会计学,['会计学'],2
西南石油大学,社会工作,['社会工作'],2
西南石油大学,法学,['法学'],2
西南石油大学,思想政治教育,"['思想', '政治', '教育']",2
西南石油大学,俄语,['俄语'],3
成都理工大学,地质学类,"['地质学', '类']",6
成都理工大学,测绘工程,"['测绘', '工程']",2
成都理工大学,资源勘查工程,"['资源', '勘查', '工程']",3
成都理工大学,地理信息科学,"['地理信息', '科学']",6
成都理工大学,石油工程,"['石油', '工程']",6
成都理工大学,土木工程,['土木工程'],8
成都理工大学,地质工程,"['地质', '工程']",8
成都理工大学,地下水科学与工程,"['地下水', '科学', '与', '工程']",4
成都理工大学,勘查技术与工程,"['勘查', '技术', '与', '工程']",5
成都理工大学,地球物理学,"['地球', '物理学']",8
成都理工大学,核工程类,"['核工程', '类']",4
成都理工大学,测控技术与仪器,"['测控', '技术', '与', '仪器']",12
成都理工大学,电气工程及其自动化,"['电气工程', '及其', '自动化']",4
成都理工大学,工业设计,"['工业', '设计']",2
成都理工大学,电子信息类,"['电子信息', '类']",5
成都理工大学,应用物理学,"['应用', '物理学']",4
成都理工大学,电子商务,['电子商务'],4
成都理工大学,工商管理,['工商管理'],4
成都理工大学,人文地理与城乡规划,"['人文地理', '与', '城乡规划']",5
成都理工大学,材料科学与工程,"['材料科学', '与', '工程']",4
成都理工大学,应用化学,['应用化学'],4
成都理工大学,计算机类,"['计算机', '类']",4
成都理工大学,思想政治教育,"['思想', '政治', '教育']",4
成都理工大学,翻译,['翻译'],4
成都理工大学,日语,['日语'],5
成都理工大学,投资学,"['投资', '学']",3
成都理工大学,环境科学与工程类,"['环境', '科学', '与', '工程', '类']",2
成都理工大学,新闻传播学类,"['新闻', '传播学', '类']",4
成都理工大学,信息与计算科学,"['信息', '与', '计算', '科学']",2
成都理工大学,环境科学与工程,"['环境', '科学', '与', '工程']",2
成都理工大学,新能源科学与工程,"['新', '能源科学', '与', '工程']",2
成都理工大学,新能源材料与器件,"['新能源', '材料', '与', '器件']",2
成都理工大学,油气储运工程,"['油气', '储运', '工程']",2
成都理工大学,电子信息工程,"['电子', '信息工程']",4
成都理工大学,工商管理类,"['工商管理', '类']",4
成都理工大学,物流管理,"['物流', '管理']",4
成都理工大学,工程管理,"['工程', '管理']",2
成都理工大学,行星科学,"['行星', '科学']",2
重庆邮电大学,电子信息类(通信与信息类),"['电子信息', '类', '(', '通信', '与', '信息', '类', ')']",12
重庆邮电大学,数字媒体技术,"['数字', '媒体', '技术']",2
重庆邮电大学,计算机类(计算机与智能科学类),"['计算机', '类', '(', '计算机', '与', '智能科学', '类', ')']",12
重庆邮电大学,自动化类(自动化与电气工程类),"['自动化', '类', '(', '自动化', '与', '电气工程', '类', ')']",15
重庆邮电大学,机械类(智能制造与机器人类),"['机械类', '(', '智能', '制造', '与', '机器', '人类', ')']",9
重庆邮电大学,电子信息类(集成电路与电子工程类),"['电子信息', '类', '(', '集成电路', '与', '电子', '工程', '类', ')']",16
重庆邮电大学,生物医学工程,"['生物医学', '工程']",3
重庆邮电大学,数学类(数学与信息科学类),"['数学', '类', '(', '数学', '与', '信息科学', '类', ')']",5
重庆邮电大学,工商管理类,"['工商管理', '类']",2
重庆邮电大学,工程管理,"['工程', '管理']",2
重庆邮电大学,信息管理与信息系统,"['信息管理', '与', '信息系统']",2
重庆邮电大学,大数据管理与应用,"['大', '数据管理', '与', '应用']",2
重庆邮电大学,电子商务类,"['电子商务', '类']",3
重庆邮电大学,计算机类(网络安全类),"['计算机', '类', '(', '网络安全', '类', ')']",5
重庆邮电大学,法学类,['法学类'],2
重庆邮电大学,软件工程,['软件工程'],15
重庆邮电大学,电子信息工程(中外合作办学),"['电子', '信息工程', '(', '中外合作', '办学', ')']",12
重庆邮电大学,软件工程(中外合作办学),"['软件工程', '(', '中外合作', '办学', ')']",15
重庆交通大学,土木类,"['土木', '类']",6
重庆交通大学,水利类,"['水利', '类']",4
重庆交通大学,地质工程,"['地质', '工程']",3
重庆交通大学,给排水科学与工程,"['给排水', '科学', '与', '工程']",3
重庆交通大学,交通运输类,"['交通运输', '类']",4
重庆交通大学,机械类,['机械类'],6
重庆交通大学,电气工程及其自动化,"['电气工程', '及其', '自动化']",3
重庆交通大学,船舶与海洋工程,"['船舶', '与', '海洋工程']",4
重庆交通大学,建筑类,"['建筑', '类']",3
重庆交通大学,电子信息类,"['电子信息', '类']",3
重庆交通大学,计算机类,"['计算机', '类']",3
重庆交通大学,数据科学与大数据技术,"['数据', '科学', '与', '大', '数据', '技术']",3
重庆交通大学,材料类,"['材料', '类']",3
重庆交通大学,应用化学,['应用化学'],3
重庆交通大学,飞行器制造工程,"['飞行器', '制造', '工程']",3
重庆交通大学,飞行器动力工程,"['飞行器', '动力工程']",3
重庆交通大学,管理科学与工程类,"['管理科学', '与', '工程', '类']",3
重庆交通大学,物流管理,"['物流', '管理']",3
重庆交通大学,工商管理类,"['工商管理', '类']",3
重庆交通大学,数学类,"['数学', '类']",3
重庆交通大学,外国语言文学类,"['外国', '语言', '文学类']",3
重庆交通大学,旅游管理,"['旅游', '管理']",3
重庆交通大学,机械设计制造及其自动化(中外合作办学),"['机械设计', '制造', '及其', '自动化', '(', '中外合作', '办学', ')']",6
西南科技大学,电气工程及其自动化,"['电气工程', '及其', '自动化']",5
西南科技大学,电子信息类,"['电子信息', '类']",5
西南科技大学,测绘工程,"['测绘', '工程']",5
西南科技大学,矿业类,"['矿业', '类']",5
西南科技大学,交通工程,"['交通', '工程']",4
西南科技大学,材料类,"['材料', '类']",9
西南科技大学,能源化学工程,"['能源', '化学工程']",4
西南科技大学,机械类,['机械类'],5
西南科技大学,工业工程,"['工业', '工程']",4
西南科技大学,土木类,"['土木', '类']",5
西南科技大学,管理科学与工程类,"['管理科学', '与', '工程', '类']",4
西南科技大学,计算机类,"['计算机', '类']",5
西南科技大学,工商管理类,"['工商管理', '类']",3
西南科技大学,公共事业管理,"['公共事业', '管理']",3
西南科技大学,法学类,['法学类'],4
西南科技大学,中国语言文学类,"['中国', '语言', '文学类']",4
西南科技大学,广播电视学,"['广播电视', '学']",3
西南科技大学,西班牙语,['西班牙语'],3
西南科技大学,外国语言文学类,"['外国', '语言', '文学类']",3
西南科技大学,思想政治教育,"['思想', '政治', '教育']",3
成都信息工程大学,大气科学类,"['大气', '科学', '类']",5
成都信息工程大学,电子信息工程,"['电子', '信息工程']",3
成都信息工程大学,通信工程,['通信工程'],3
成都信息工程大学,光电信息科学与工程,"['光电', '信息科学', '与', '工程']",2
成都信息工程大学,电气工程及其自动化,"['电气工程', '及其', '自动化']",2
成都信息工程大学,机器人工程,"['机器人', '工程']",2
成都信息工程大学,计算机科学与技术,"['计算机科学', '与', '技术']",3
成都信息工程大学,智能科学与技术,"['智能科学', '与', '技术']",2
成都信息工程大学,空间信息与数字技术,"['空间信息', '与', '数字', '技术']",2
成都信息工程大学,网络工程,['网络工程'],3
成都信息工程大学,翻译,['翻译'],2
成都信息工程大学,人工智能,['人工智能'],3
成都信息工程大学,统计学,['统计学'],2
成都信息工程大学,电子商务,['电子商务'],2
四川轻化工大学,数学与应用数学(师范类),"['数学', '与', '应用', '数学', '(', '师范类', ')']",2
四川轻化工大学,计算机科学与技术,"['计算机科学', '与', '技术']",2
四川轻化工大学,工业设计,"['工业', '设计']",2
四川轻化工大学,环境工程,['环境工程'],2
四川轻化工大学,安全工程,['安全工程'],2
四川轻化工大学,应用化学,['应用化学'],3
四川轻化工大学,生物制药,['生物制药'],3
四川轻化工大学,轻化工程,"['轻化', '工程']",3
四川轻化工大学,食品质量与安全,"['食品质量', '与', '安全']",3
四川轻化工大学,市场营销,['市场营销'],3
四川轻化工大学,旅游管理,"['旅游', '管理']",3
四川轻化工大学,酒店管理,"['酒店', '管理']",3
四川轻化工大学,劳动与社会保障,"['劳动', '与', '社会保障']",3
四川轻化工大学,日语,['日语'],2
四川轻化工大学,广播电视学,"['广播电视', '学']",2
四川轻化工大学,电子信息工程,"['电子', '信息工程']",2
四川轻化工大学,应用心理学,"['应用', '心理学']",3
西华大学,自动化,['自动化'],4
西华大学,工商管理,['工商管理'],6
西华大学,会计学,['会计学'],4
西华大学,物流管理,"['物流', '管理']",2
西华大学,机械类,['机械类'],8
西华大学,计算机类,"['计算机', '类']",4
西华大学,电子商务,['电子商务'],3
西华大学,交通工程,"['交通', '工程']",4
西华大学,建筑类,"['建筑', '类']",4
西华大学,工程造价,['工程造价'],4
西华大学,土木工程,['土木工程'],6
西华大学,网络与新媒体,"['网络', '与', '新', '媒体']",4
西华大学,中国语言文学类,"['中国', '语言', '文学类']",4
西华大学,法学,['法学'],4
西华大学,本科预科班（招收边防军人子女）,"['本科', '预科班', '（', '招收', '边防军', '人', '子女', '）']",6
中国民用航空飞行学院,思想政治教育,"['思想', '政治', '教育']",2
中国民用航空飞行学院,英语,['英语'],4
中国民用航空飞行学院,信息与计算科学,"['信息', '与', '计算', '科学']",3
中国民用航空飞行学院,大气科学,"['大气', '科学']",1
中国民用航空飞行学院,应用气象学(机场气象预报、航空公司气象分析),"['应用', '气象学', '(', '机场', '气象预报', '、', '航空公司', '气象', '分析', ')']",1
中国民用航空飞行学院,应用心理学,"['应用', '心理学']",2
中国民用航空飞行学院,电气工程及其自动化(航空电气设备维修),"['电气工程', '及其', '自动化', '(', '航空', '电气设备', '维修', ')']",5
中国民用航空飞行学院,电子信息工程(航空电子设备维修),"['电子', '信息工程', '(', '航空', '电子设备', '维修', ')']",6
中国民用航空飞行学院,计算机科学与技术,"['计算机科学', '与', '技术']",5
中国民用航空飞行学院,物联网工程,"['物', '联网', '工程']",4
中国民用航空飞行学院,数据科学与大数据技术,"['数据', '科学', '与', '大', '数据', '技术']",3
中国民用航空飞行学院,网络空间安全,"['网络空间', '安全']",4
中国民用航空飞行学院,导航工程(导航应用与规划、空管保障设施),"['导航', '工程', '(', '导航', '应用', '与', '规划', '、', '空管', '保障', '设施', ')']",2
中国民用航空飞行学院,交通运输(空中交通管制、飞行签派、航行情报),"['交通运输', '(', '空中', '交通管制', '、', '飞行', '签派', '、', '航行', '情报', ')']",13
中国民用航空飞行学院,交通工程(机场管理与工程),"['交通', '工程', '(', '机场', '管理', '与', '工程', ')']",2
中国民用航空飞行学院,航空航天工程(直升机维修工程),"['航空航天', '工程', '(', '直升机', '维修', '工程', ')']",3
中国民用航空飞行学院,飞行器制造工程(飞机结构维修),"['飞行器', '制造', '工程', '(', '飞机', '结构', '维修', ')']",3
中国民用航空飞行学院,飞行器动力工程(飞机发动机维修),"['飞行器', '动力工程', '(', '飞机', '发动机', '维修', ')']",4
中国民用航空飞行学院,飞行器适航技术,"['飞行器', '适航', '技术']",3
中国民用航空飞行学院,无人驾驶航空器系统工程,"['无人驾驶', '航空器', '系统工程']",2
中国民用航空飞行学院,安全工程,['安全工程'],2
中国民用航空飞行学院,消防工程,['消防工程'],2
中国民用航空飞行学院,工商管理,['工商管理'],3
中国民用航空飞行学院,市场营销,['市场营销'],2
中国民用航空飞行学院,公共事业管理,"['公共事业', '管理']",4
中国民用航空飞行学院,交通管理(机场运行管理),"['交通管理', '(', '机场', '运行', '管理', ')']",3
中国民用航空飞行学院,物流工程(航空物流),"['物流', '工程', '(', '航空', '物流', ')']",4
四川农业大学,化学生物学,"['化学', '生物学']",3
四川农业大学,应用化学,['应用化学'],3
四川农业大学,生物工程,['生物工程'],3
四川农业大学,农业机械化及其自动化,"['农业', '机械化', '及其', '自动化']",4
四川农业大学,食品科学与工程,"['食品科学', '与', '工程']",3
四川农业大学,食品质量与安全,"['食品质量', '与', '安全']",4
四川农业大学,物联网工程,"['物', '联网', '工程']",4
四川农业大学,水利水电工程,"['水利水电', '工程']",3
四川农业大学,人力资源管理,"['人力', '资源管理']",3
四川农业大学,英语,['英语'],3
四川农业大学,法学,['法学'],3
四川农业大学,广告学,['广告学'],3
四川农业大学,农学,['农学'],3
四川农业大学,动物科学,"['动物', '科学']",3
四川农业大学,水产养殖学,"['水产', '养殖', '学']",3
四川农业大学,动物医学,"['动物', '医学']",3
四川农业大学,药物制剂,['药物制剂'],3
四川农业大学,林学,['林学'],3
四川农业大学,园艺,['园艺'],3
四川农业大学,农业资源与环境,"['农业', '资源', '与', '环境']",3
四川农业大学,土地资源管理,"['土地', '资源管理']",3
四川农业大学,环境工程,['环境工程'],3
四川农业大学,环境科学,"['环境', '科学']",3
四川农业大学,金融学,['金融学'],3
四川农业大学,投资学,"['投资', '学']",3
四川农业大学,农林经济管理,"['农林', '经济', '管理']",3
四川农业大学,园林,['园林'],3
四川农业大学,城乡规划,['城乡规划'],3
四川农业大学,工程造价,['工程造价'],3
四川农业大学,土木工程,['土木工程'],3
四川农业大学,给排水科学与工程,"['给排水', '科学', '与', '工程']",3
四川农业大学,道路桥梁与渡河工程,"['道路', '桥梁', '与', '渡河', '工程']",3
四川农业大学,会计学,['会计学'],3
四川农业大学,食品营养与健康,"['食品', '营养', '与', '健康']",3
四川农业大学,智慧农业,"['智慧', '农业']",3
四川农业大学,草坪科学与工程,"['草坪', '科学', '与', '工程']",3
西昌学院,土木工程,['土木工程'],5
西昌学院,汉语言文学(师范类),"['汉语言', '文学', '(', '师范类', ')']",5
重庆医科大学,临床医学(5+3一体化),"['临床医学', '(', '5', '+', '3', '一体化', ')']",3
重庆医科大学,临床医学(5+3一体化，硕士段培养方向儿科学),"['临床医学', '(', '5', '+', '3', '一体化', '，', '硕士', '段', '培养', '方向', '儿科学', ')']",1
重庆医科大学,临床医学,['临床医学'],4
重庆医科大学,儿科学,['儿科学'],3
重庆医科大学,口腔医学,['口腔医学'],2
重庆医科大学,眼视光医学,"['眼视光', '医学']",2
重庆医科大学,医学检验技术,"['医学', '检验', '技术']",2
重庆医科大学,预防医学,"['预防', '医学']",2
重庆医科大学,临床药学,"['临床', '药学']",1
重庆医科大学,药学,['药学'],1
重庆医科大学,麻醉学,['麻醉学'],2
重庆医科大学,医学影像学,"['医学', '影像学']",2
重庆医科大学,精神医学,"['精神', '医学']",2
重庆医科大学,中西医临床医学,"['中西医', '临床医学']",2
重庆医科大学,中医学,['中医学'],1
重庆医科大学,针灸推拿学,"['针灸', '推拿学']",1
重庆医科大学,法医学,['法医学'],1
重庆医科大学,卫生检验与检疫,"['卫生', '检验', '与', '检疫']",1
重庆医科大学,生物医学工程,"['生物医学', '工程']",1
重庆医科大学,医学影像技术,"['医学影像', '技术']",1
重庆医科大学,口腔医学技术,"['口腔医学', '技术']",2
重庆医科大学,康复治疗学,"['康复', '治疗学']",2
重庆医科大学,基础医学,['基础医学'],1
重庆医科大学,药物制剂,['药物制剂'],1
重庆医科大学,中药学,['中药学'],1
重庆医科大学,中药制药,"['中药', '制药']",1
重庆医科大学,食品卫生与营养学,"['食品卫生', '与', '营养学']",1
重庆医科大学,医学实验技术,"['医学', '实验', '技术']",1
重庆医科大学,听力与言语康复学,"['听力', '与', '言语', '康复', '学']",1
重庆医科大学,智能医学工程,"['智能', '医学工程']",1
重庆医科大学,医学信息工程,"['医学', '信息工程']",1
重庆医科大学,信息管理与信息系统,"['信息管理', '与', '信息系统']",1
重庆医科大学,生物信息学,"['生物', '信息学']",1
重庆医科大学,护理学,['护理学'],1
重庆医科大学,应用统计学,"['应用', '统计学']",1
重庆医科大学,公共事业管理,"['公共事业', '管理']",1
重庆医科大学,英语,['英语'],1
重庆医科大学,临床医学(检验医师培养试验班),"['临床医学', '(', '检验', '医师', '培养', '试验班', ')']",1
重庆医科大学,临床医学(中外合作办学),"['临床医学', '(', '中外合作', '办学', ')']",5
西南医科大学,临床医学,['临床医学'],10
西南医科大学,麻醉学,['麻醉学'],2
西南医科大学,医学影像学,"['医学', '影像学']",3
西南医科大学,中医学,['中医学'],1
西南医科大学,生物医学工程,"['生物医学', '工程']",4
西南医科大学,药学类,"['药学', '类']",8
西南医科大学,中药学,['中药学'],2
西南医科大学,康复治疗学,"['康复', '治疗学']",2
西南医科大学,医学检验技术,"['医学', '检验', '技术']",2
西南医科大学,应用心理学,"['应用', '心理学']",3
西南医科大学,公共管理类,"['公共', '管理', '类']",8
成都中医药大学,中医学(5+3一体化),"['中医学', '(', '5', '+', '3', '一体化', ')']",4
成都中医药大学,中医学,['中医学'],4
成都中医药大学,中西医临床医学,"['中西医', '临床医学']",4
成都中医药大学,针灸推拿学,"['针灸', '推拿学']",4
成都中医药大学,中药学(基地班),"['中药学', '(', '基地', '班', ')']",4
成都中医药大学,中药资源与开发,"['中药', '资源', '与', '开发']",2
成都中医药大学,药学,['药学'],2
成都中医药大学,中医康复学,"['中医', '康复', '学']",2
成都中医药大学,康复治疗学,"['康复', '治疗学']",2
成都中医药大学,临床医学,['临床医学'],4
成都中医药大学,护理学,['护理学'],10
成都中医药大学,生物技术,"['生物', '技术']",3
成都中医药大学,英语,['英语'],6
成都中医药大学,中医儿科学,"['中医', '儿科学']",4
川北医学院,临床医学,['临床医学'],10
川北医学院,麻醉学,['麻醉学'],5
川北医学院,医学影像学,"['医学', '影像学']",5
川北医学院,口腔医学,['口腔医学'],5
西南大学,英语,['英语'],2
西南大学,俄语,['俄语'],1
西南大学,德语,['德语'],1
西南大学,日语,['日语'],1
西南大学,历史学,['历史学'],1
西南大学,思想政治教育,"['思想', '政治', '教育']",1
西南大学,工商管理类,"['工商管理', '类']",2
西南大学,经济学类,"['经济学', '类']",2
西南大学,农林经济管理,"['农林', '经济', '管理']",1
西南大学,公共管理类,"['公共', '管理', '类']",2
西南大学,法学,['法学'],1
西南大学,应用心理学,"['应用', '心理学']",1
西南大学,新闻学,['新闻学'],2
西南大学,应用化学,['应用化学'],2
西南大学,物理学,['物理学'],2
西南大学,材料类,"['材料', '类']",3
西南大学,环境科学与工程,"['环境', '科学', '与', '工程']",2
西南大学,土地资源管理,"['土地', '资源管理']",1
西南大学,地理科学类,"['地理', '科学', '类']",3
西南大学,电气工程及其自动化,"['电气工程', '及其', '自动化']",2
西南大学,机械类,['机械类'],4
西南大学,土木类,"['土木', '类']",2
西南大学,食品科学与工程类,"['食品科学', '与', '工程', '类']",2
西南大学,包装工程,"['包装', '工程']",1
西南大学,数学类,"['数学', '类']",3
西南大学,计算机科学与技术,"['计算机科学', '与', '技术']",2
西南大学,网络工程,['网络工程'],2
西南大学,软件工程,['软件工程'],2
西南大学,电子信息类,"['电子信息', '类']",3
西南大学,智能科学与技术,"['智能科学', '与', '技术']",2
西南大学,人工智能,['人工智能'],2
西南大学,园林,['园林'],1
西南大学,生物技术,"['生物', '技术']",2
西南大学,纺织类,"['纺织', '类']",1
西南大学,生物科学,['生物科学'],2
西南大学,药学,['药学'],3
西南大学,药学(全英文创新实验班),"['药学', '(', '全英文', '创新', '实验班', ')']",1
西南大学,制药工程,"['制药', '工程']",2
西南大学,植物生产类,"['植物', '生产', '类']",4
西南大学,中国语言文学类,"['中国', '语言', '文学类']",2
西南大学,风景园林,['风景园林'],2
西南大学,计算机科学与技术(中外合作办学),"['计算机科学', '与', '技术', '(', '中外合作', '办学', ')']",9
西南大学,软件工程(中外合作办学),"['软件工程', '(', '中外合作', '办学', ')']",9
西南大学,自动化(中外合作办学),"['自动化', '(', '中外合作', '办学', ')']",7
西南大学,心理学(中外合作办学),"['心理学', '(', '中外合作', '办学', ')']",6
西南大学,植物科学与技术(中外合作办学),"['植物', '科学', '与', '技术', '(', '中外合作', '办学', ')']",7
西南大学,动物科学(中外合作办学),"['动物', '科学', '(', '中外合作', '办学', ')']",7
西南大学,电子信息工程(中外合作办学),"['电子', '信息工程', '(', '中外合作', '办学', ')']",3
西南大学,经济学(中外合作办学),"['经济学', '(', '中外合作', '办学', ')']",4
西南大学,生物技术(中外合作办学),"['生物', '技术', '(', '中外合作', '办学', ')']",3
西南大学,食品质量与安全(中外合作办学),"['食品质量', '与', '安全', '(', '中外合作', '办学', ')']",2
四川师范大学,经济学,['经济学'],2
四川师范大学,金融工程,"['金融', '工程']",2
四川师范大学,金融数学,"['金融', '数学']",2
四川师范大学,法学,['法学'],2
四川师范大学,思想政治教育,"['思想', '政治', '教育']",2
四川师范大学,教育学,['教育学'],2
四川师范大学,科学教育,"['科学', '教育']",2
四川师范大学,教育技术学,"['教育', '技术', '学']",2
四川师范大学,学前教育,['学前教育'],2
四川师范大学,小学教育,"['小学', '教育']",2
四川师范大学,特殊教育,['特殊教育'],2
四川师范大学,汉语言文学,"['汉语言', '文学']",3
四川师范大学,汉语国际教育,"['汉语', '国际', '教育']",2
四川师范大学,秘书学,['秘书学'],3
四川师范大学,英语,['英语'],3
四川师范大学,俄语,['俄语'],2
四川师范大学,法语,['法语'],2
四川师范大学,日语,['日语'],2
四川师范大学,广播电视学,"['广播电视', '学']",2
四川师范大学,网络与新媒体,"['网络', '与', '新', '媒体']",2
四川师范大学,历史学,['历史学'],3
四川师范大学,数学类,"['数学', '类']",4
四川师范大学,物理学,['物理学'],4
四川师范大学,化学,['化学'],4
四川师范大学,地理科学类,"['地理', '科学', '类']",4
四川师范大学,地理信息科学,"['地理信息', '科学']",2
四川师范大学,心理学,['心理学'],2
四川师范大学,统计学,['统计学'],2
四川师范大学,电气工程及其自动化,"['电气工程', '及其', '自动化']",2
四川师范大学,电子信息类,"['电子信息', '类']",2
四川师范大学,计算机类,"['计算机', '类']",2
四川师范大学,环境工程,['环境工程'],2
四川师范大学,食品质量与安全,"['食品质量', '与', '安全']",2
四川师范大学,安全工程,['安全工程'],2
四川师范大学,工商管理,['工商管理'],2
四川师范大学,市场营销,['市场营销'],2
四川师范大学,会计学,['会计学'],2
四川师范大学,财务管理,['财务管理'],2
四川师范大学,审计学,['审计学'],2
四川师范大学,公共事业管理,"['公共事业', '管理']",2
四川师范大学,旅游管理,"['旅游', '管理']",2
四川师范大学,工程造价,['工程造价'],2
四川师范大学,生物科学,['生物科学'],2
四川师范大学,哲学,['哲学'],2
四川师范大学,生物技术,"['生物', '技术']",2
四川师范大学,会计学,['会计学'],2
重庆师范大学,思想政治教育(师范类),"['思想', '政治', '教育', '(', '师范类', ')']",2
重庆师范大学,历史学(师范类),"['历史学', '(', '师范类', ')']",2
重庆师范大学,文物与博物馆学,"['文物', '与', '博物馆学']",2
重庆师范大学,社会工作,['社会工作'],2
重庆师范大学,教育学类(师范类),"['教育学', '类', '(', '师范类', ')']",2
重庆师范大学,应用心理学,"['应用', '心理学']",2
重庆师范大学,中国语言文学类,"['中国', '语言', '文学类']",6
重庆师范大学,外国语言文学类,"['外国', '语言', '文学类']",3
重庆师范大学,英语(师范类),"['英语', '(', '师范类', ')']",4
重庆师范大学,数学与应用数学(师范类),"['数学', '与', '应用', '数学', '(', '师范类', ')']",3
重庆师范大学,物理学(师范类),"['物理学', '(', '师范类', ')']",5
重庆师范大学,化学(师范类),"['化学', '(', '师范类', ')']",2
重庆师范大学,材料类,"['材料', '类']",2
重庆师范大学,生物科学(师范类),"['生物科学', '(', '师范类', ')']",2
重庆师范大学,经济学,['经济学'],2
重庆师范大学,计算机类,"['计算机', '类']",5
重庆师范大学,地理科学类,"['地理', '科学', '类']",2
重庆师范大学,新闻传播学类,"['新闻', '传播学', '类']",2
重庆师范大学,生物科学(中外合作办学)(师范类),"['生物科学', '(', '中外合作', '办学', ')', '(', '师范类', ')']",3
西华师范大学,教育学(师范类),"['教育学', '(', '师范类', ')']",4
西华师范大学,历史学(师范类),"['历史学', '(', '师范类', ')']",4
西华师范大学,电子信息工程,"['电子', '信息工程']",4
西华师范大学,网络空间安全,"['网络空间', '安全']",3
绵阳师范学院,汉语国际教育,"['汉语', '国际', '教育']",2
绵阳师范学院,旅游管理,"['旅游', '管理']",1
绵阳师范学院,英语(师范类),"['英语', '(', '师范类', ')']",1
绵阳师范学院,应用心理学,"['应用', '心理学']",1
绵阳师范学院,数学与应用数学(师范类),"['数学', '与', '应用', '数学', '(', '师范类', ')']",2
绵阳师范学院,环境科学与工程,"['环境', '科学', '与', '工程']",1
内江师范学院,思想政治教育(师范类),"['思想', '政治', '教育', '(', '师范类', ')']",2
内江师范学院,数学与应用数学(师范类),"['数学', '与', '应用', '数学', '(', '师范类', ')']",2
重庆文理学院,数据科学与大数据技术,"['数据', '科学', '与', '大', '数据', '技术']",2
重庆文理学院,制药工程,"['制药', '工程']",2
重庆文理学院,机器人工程,"['机器人', '工程']",2
重庆文理学院,生物技术,"['生物', '技术']",3
重庆文理学院,园艺,['园艺'],3
重庆文理学院,风景园林,['风景园林'],3
重庆文理学院,计算机类,"['计算机', '类']",3
重庆文理学院,电子信息类,"['电子信息', '类']",2
重庆文理学院,土木工程,['土木工程'],3
重庆文理学院,会展经济与管理,"['会展经济', '与', '管理']",2
重庆文理学院,文化遗产,['文化遗产'],2
重庆文理学院,材料类,"['材料', '类']",4
重庆文理学院,机械类,['机械类'],6
重庆文理学院,电气类,"['电气', '类']",3
重庆文理学院,环境科学与工程类,"['环境', '科学', '与', '工程', '类']",5
重庆文理学院,数学与应用数学(中外合作办学),"['数学', '与', '应用', '数学', '(', '中外合作', '办学', ')']",8
重庆文理学院,材料成型及控制工程(中外合作办学),"['材料', '成型', '及', '控制工程', '(', '中外合作', '办学', ')']",3
重庆三峡学院,汉语言文学(师范类),"['汉语言', '文学', '(', '师范类', ')']",2
重庆三峡学院,汉语言文学,"['汉语言', '文学']",2
重庆三峡学院,化学(师范类),"['化学', '(', '师范类', ')']",2
重庆三峡学院,网络与新媒体,"['网络', '与', '新', '媒体']",2
重庆三峡学院,文化产业管理,"['文化产业', '管理']",2
重庆三峡学院,旅游管理类,"['旅游', '管理', '类']",2
重庆三峡学院,工商管理类,"['工商管理', '类']",2
重庆三峡学院,信息与计算科学,"['信息', '与', '计算', '科学']",2
重庆三峡学院,数学与应用数学(师范类),"['数学', '与', '应用', '数学', '(', '师范类', ')']",2
重庆三峡学院,大数据管理与应用,"['大', '数据管理', '与', '应用']",2
重庆三峡学院,计算机科学与技术,"['计算机科学', '与', '技术']",2
重庆三峡学院,机械设计制造及其自动化,"['机械设计', '制造', '及其', '自动化']",2
重庆三峡学院,食品质量与安全,"['食品质量', '与', '安全']",2
四川文理学院,思想政治教育(师范类),"['思想', '政治', '教育', '(', '师范类', ')']",4
四川文理学院,历史学(师范类),"['历史学', '(', '师范类', ')']",4
四川文理学院,数学与应用数学(师范类),"['数学', '与', '应用', '数学', '(', '师范类', ')']",4
四川文理学院,化学类,"['化学', '类']",4
四川文理学院,化工与制药类,"['化工', '与', '制药', '类']",4
四川文理学院,土木工程,['土木工程'],4
四川文理学院,工程造价,['工程造价'],4
阿坝师范学院,汉语言文学(师范类),"['汉语言', '文学', '(', '师范类', ')']",1
阿坝师范学院,思想政治教育(师范类),"['思想', '政治', '教育', '(', '师范类', ')']",1
阿坝师范学院,英语(师范类),"['英语', '(', '师范类', ')']",1
阿坝师范学院,学前教育(师范类),"['学前教育', '(', '师范类', ')']",1
阿坝师范学院,小学教育(师范类),"['小学', '教育', '(', '师范类', ')']",1
阿坝师范学院,数学与应用数学(师范类),"['数学', '与', '应用', '数学', '(', '师范类', ')']",1
阿坝师范学院,生物科学(师范类),"['生物科学', '(', '师范类', ')']",1
阿坝师范学院,化学(师范类),"['化学', '(', '师范类', ')']",1
阿坝师范学院,地理科学(师范类),"['地理', '科学', '(', '师范类', ')']",1
长江师范学院,土木工程,['土木工程'],2
长江师范学院,物流工程,"['物流', '工程']",3
长江师范学院,机械类,['机械类'],2
长江师范学院,材料类,"['材料', '类']",3
长江师范学院,电子信息类,"['电子信息', '类']",2
长江师范学院,环境科学与工程类,"['环境', '科学', '与', '工程', '类']",4
长江师范学院,生物工程,['生物工程'],3
长江师范学院,旅游管理,"['旅游', '管理']",6
长江师范学院,国际经济与贸易,"['国际', '经济', '与', '贸易']",3
长江师范学院,英语(师范类),"['英语', '(', '师范类', ')']",3
长江师范学院,土木工程(中外合作办学),"['土木工程', '(', '中外合作', '办学', ')']",5
乐山师范学院,心理学,['心理学'],6
乐山师范学院,汉语国际教育,"['汉语', '国际', '教育']",5
乐山师范学院,新闻学,['新闻学'],6
乐山师范学院,翻译,['翻译'],6
乐山师范学院,国际经济与贸易,"['国际', '经济', '与', '贸易']",6
乐山师范学院,会计学,['会计学'],5
乐山师范学院,生物科学(师范类),"['生物科学', '(', '师范类', ')']",5
四川外国语大学,英语,['英语'],15
四川外国语大学,翻译,['翻译'],2
四川外国语大学,商务英语,['商务英语'],4
四川外国语大学,中国语言文学类,"['中国', '语言', '文学类']",2
四川外国语大学,新闻传播学类,"['新闻', '传播学', '类']",2
四川外国语大学,国际新闻与传播,"['国际', '新闻', '与', '传播']",1
四川外国语大学,财务管理,['财务管理'],2
四川外国语大学,审计学,['审计学'],2
四川外国语大学,大数据管理与应用,"['大', '数据管理', '与', '应用']",2
四川外国语大学,国际经济与贸易,"['国际', '经济', '与', '贸易']",2
四川外国语大学,金融学,['金融学'],2
四川外国语大学,金融科技,"['金融', '科技']",1
四川外国语大学,法学,['法学'],2
四川外国语大学,社会学类,"['社会学', '类']",2
四川外国语大学,教育学,['教育学'],2
四川外国语大学,小学教育(师范类),"['小学', '教育', '(', '师范类', ')']",2
四川外国语大学,商务英语(中外合作办学),"['商务英语', '(', '中外合作', '办学', ')']",7
四川外国语大学,物流管理(中外合作办学),"['物流', '管理', '(', '中外合作', '办学', ')']",5
西南财经大学,金融学类,"['金融学', '类']",5
西南财经大学,金融学类(保险方向),"['金融学', '类', '(', '保险', '方向', ')']",3
西南财经大学,金融学(双语实验班),"['金融学', '(', '双语', '实验班', ')']",2
西南财经大学,金融科技,"['金融', '科技']",1
西南财经大学,精算学,['精算学'],2
西南财经大学,经济学(国家经济学基础人才培养基地班),"['经济学', '(', '国家', '经济学', '基础', '人才培养', '基地', '班', ')']",3
西南财经大学,数字经济,"['数字', '经济']",1
西南财经大学,工商管理类,"['工商管理', '类']",3
西南财经大学,工商管理类(会计学院),"['工商管理', '类', '(', '会计学院', ')']",4
西南财经大学,会计学(注册会计师专门化方向),"['会计学', '(', '注册', '会计师', '专门化', '方向', ')']",2
西南财经大学,会计学(双语实验班),"['会计学', '(', '双语', '实验班', ')']",2
西南财经大学,财政学类,"['财政学', '类']",3
西南财经大学,统计学类,"['统计学', '类']",1
西南财经大学,经济统计学,"['经济', '统计学']",2
西南财经大学,计算机类,"['计算机', '类']",4
西南财经大学,法学,['法学'],1
西南财经大学,法学(法学与会计学双学位),"['法学', '(', '法学', '与', '会计学', '双学位', ')']",2
西南财经大学,法学(法学与金融学双学位),"['法学', '(', '法学', '与', '金融学', '双学位', ')']",1
西南财经大学,法学(法学与国商双学位),"['法学', '(', '法学', '与', '国商', '双学位', ')']",1
西南财经大学,外国语言文学类,"['外国', '语言', '文学类']",4
西南财经大学,公共管理类,"['公共', '管理', '类']",2
西南财经大学,数学与应用数学,"['数学', '与', '应用', '数学']",1
西南财经大学,数学与应用数学(数学与经济学双学位),"['数学', '与', '应用', '数学', '(', '数学', '与', '经济学', '双学位', ')']",1
西南财经大学,金融数学,"['金融', '数学']",1
西南财经大学,计算金融,"['计算', '金融']",1
西南财经大学,汉语言文学(文创实验班),"['汉语言', '文学', '(', '文创', '实验班', ')']",2
西南财经大学,新闻学(数字传播实验班),"['新闻学', '(', '数字', '传播', '实验班', ')']",2
西南财经大学,金融学(经管国际化创新实验班),"['金融学', '(', '经管', '国际化', '创新', '实验班', ')']",1
西南财经大学,经济与贸易类,"['经济', '与', '贸易', '类']",5
西南财经大学,市场营销(中外合作办学)(金融服务与营销),"['市场营销', '(', '中外合作', '办学', ')', '(', '金融服务', '与', '营销', ')']",6
西南财经大学,会计学(中外合作办学),"['会计学', '(', '中外合作', '办学', ')']",4
西南财经大学,信息管理与信息系统(中外合作办学)(信息系统与数据管理方向),"['信息管理', '与', '信息系统', '(', '中外合作', '办学', ')', '(', '信息系统', '与', '数据管理', '方向', ')']",5
西南财经大学,金融数学(中外合作办学)(金融服务与量化分析方向),"['金融', '数学', '(', '中外合作', '办学', ')', '(', '金融服务', '与', '量化', '分析', '方向', ')']",4
西南财经大学,物流管理(中外合作办学)(运营管理与商务分析方向),"['物流', '管理', '(', '中外合作', '办学', ')', '(', '运营', '管理', '与', '商务', '分析', '方向', ')']",3
西南政法大学,法学,['法学'],5
西南政法大学,法学,['法学'],2
西南政法大学,法学,['法学'],4
西南政法大学,法学,['法学'],2
西南政法大学,法学,['法学'],3
西南政法大学,知识产权,['知识产权'],4
西南政法大学,德语,['德语'],3
西南政法大学,行政管理,"['行政', '管理']",2
西南政法大学,公共事业管理,"['公共事业', '管理']",2
西南政法大学,国际事务与国际关系,"['国际事务', '与', '国际', '关系']",2
西南政法大学,思想政治教育,"['思想', '政治', '教育']",2
西南政法大学,哲学,['哲学'],2
西南政法大学,经济统计学,"['经济', '统计学']",2
西南政法大学,国际经济与贸易,"['国际', '经济', '与', '贸易']",2
西南政法大学,法学,['法学'],47
西南政法大学,新闻传播学类,"['新闻', '传播学', '类']",4
西南政法大学,法学(中外合作办学),"['法学', '(', '中外合作', '办学', ')']",10
成都体育学院,中医学,['中医学'],4
成都体育学院,新闻学,['新闻学'],3
成都体育学院,体育经济与管理,"['体育', '经济', '与', '管理']",3
成都体育学院,英语,['英语'],2
成都体育学院,文物与博物馆学,"['文物', '与', '博物馆学']",4
成都体育学院,中医骨伤科学,"['中医', '骨伤', '科学']",3
成都体育学院,康复治疗学,"['康复', '治疗学']",2
四川音乐学院,广播电视编导,"['广播电视', '编导']",11
四川音乐学院,戏剧影视文学,"['戏剧', '影视', '文学']",4
四川音乐学院,摄影,['摄影'],2
四川音乐学院,新媒体艺术,"['新', '媒体', '艺术']",3
四川音乐学院,艺术史论,"['艺术', '史论']",5
四川音乐学院,艺术管理,"['艺术', '管理']",5
四川美术学院,艺术教育,"['艺术', '教育']",2
四川美术学院,工业设计,"['工业', '设计']",2
四川美术学院,建筑学,['建筑学'],2
西南民族大学,金融学类,"['金融学', '类']",3
西南民族大学,法学,['法学'],3
西南民族大学,社会学类,"['社会学', '类']",3
西南民族大学,中国语言文学类,"['中国', '语言', '文学类']",3
西南民族大学,英语,['英语'],3
西南民族大学,新闻传播学类,"['新闻', '传播学', '类']",3
西南民族大学,会计学,['会计学'],3
西南民族大学,工商管理类,"['工商管理', '类']",3
西南民族大学,旅游管理,"['旅游', '管理']",4
西南民族大学,数学类,"['数学', '类']",4
西南民族大学,化学类,"['化学', '类']",4
西南民族大学,电子信息类,"['电子信息', '类']",8
西南民族大学,电气工程及其自动化,"['电气工程', '及其', '自动化']",4
西南民族大学,计算机类,"['计算机', '类']",8
西南民族大学,建筑类,"['建筑', '类']",3
西南民族大学,食品科学与工程类,"['食品科学', '与', '工程', '类']",4
西南民族大学,动物科学,"['动物', '科学']",4
西南民族大学,动物医学,"['动物', '医学']",3
西南民族大学,制药工程,"['制药', '工程']",3
贵州大学,历史学,['历史学'],3
贵州大学,财政学类,"['财政学', '类']",4
贵州大学,工程管理,"['工程', '管理']",3
贵州大学,物理学,['物理学'],2
贵州大学,生物科学类,"['生物科学', '类']",3
贵州大学,电子信息类,"['电子信息', '类']",6
贵州大学,工业设计,"['工业', '设计']",2
贵州大学,农业机械化及其自动化,"['农业', '机械化', '及其', '自动化']",2
贵州大学,材料成型及控制工程,"['材料', '成型', '及', '控制工程']",2
贵州大学,电气类,"['电气', '类']",3
贵州大学,土木类,"['土木', '类']",4
贵州大学,水利水电工程,"['水利水电', '工程']",2
贵州大学,建筑类,"['建筑', '类']",2
贵州大学,材料类,"['材料', '类']",2
贵州大学,新能源科学与工程,"['新', '能源科学', '与', '工程']",3
贵州大学,化学类,"['化学', '类']",4
贵州大学,水文与水资源工程,"['水文', '与', '水资源', '工程']",3
贵州大学,食品科学与工程类,"['食品科学', '与', '工程', '类']",4
贵州大学,药学,['药学'],3
贵州大学,冶金工程,"['冶金', '工程']",3
贵州大学,工商管理类,"['工商管理', '类']",3
贵州大学,经济与贸易类,"['经济', '与', '贸易', '类']",4
贵州大学,数学类,"['数学', '类']",3
贵州大学,机械设计制造及其自动化,"['机械设计', '制造', '及其', '自动化']",3
贵州大学,人工智能,['人工智能'],2
贵州大学,旅游管理(中外合作办学),"['旅游', '管理', '(', '中外合作', '办学', ')']",20
贵州大学,机械设计制造及其自动化(中外合作办学),"['机械设计', '制造', '及其', '自动化', '(', '中外合作', '办学', ')']",7
贵州大学,化学工程与工艺(中外合作办学),"['化学工程', '与', '工艺', '(', '中外合作', '办学', ')']",5
贵州大学,环境科学(中外合作办学),"['环境', '科学', '(', '中外合作', '办学', ')']",5
贵州医科大学,临床医学,['临床医学'],2
贵州医科大学,麻醉学,['麻醉学'],1
贵州医科大学,卫生检验与检疫,"['卫生', '检验', '与', '检疫']",1
贵州医科大学,药学(中外合作办学),"['药学', '(', '中外合作', '办学', ')']",1
遵义医科大学,临床医学,['临床医学'],9
遵义医科大学,预防医学,"['预防', '医学']",4
遵义医科大学,临床医学,['临床医学'],2
遵义医科大学,护理学,['护理学'],5
遵义医科大学,生物工程,['生物工程'],2
贵州师范大学,旅游管理(3加1培养模式),"['旅游', '管理', '(', '3', '加', '1', '培养', '模式', ')']",27
贵州师范大学,计算机科学与技术(3加1培养模式),"['计算机科学', '与', '技术', '(', '3', '加', '1', '培养', '模式', ')']",24
遵义师范学院,汉语言文学(师范类),"['汉语言', '文学', '(', '师范类', ')']",2
遵义师范学院,英语(师范类),"['英语', '(', '师范类', ')']",3
遵义师范学院,数学与应用数学(师范类),"['数学', '与', '应用', '数学', '(', '师范类', ')']",3
遵义师范学院,土木工程,['土木工程'],2
遵义师范学院,财务管理,['财务管理'],3
遵义师范学院,旅游管理类,"['旅游', '管理', '类']",2
兴义民族师范学院,思想政治教育(师范类),"['思想', '政治', '教育', '(', '师范类', ')']",1
兴义民族师范学院,历史学(师范类),"['历史学', '(', '师范类', ')']",1
兴义民族师范学院,人文地理与城乡规划,"['人文地理', '与', '城乡规划']",1
安顺学院,汉语言文学(师范类),"['汉语言', '文学', '(', '师范类', ')']",1
安顺学院,计算机类,"['计算机', '类']",1
安顺学院,食品质量与安全,"['食品质量', '与', '安全']",1
安顺学院,电子信息工程,"['电子', '信息工程']",1
安顺学院,土地资源管理,"['土地', '资源管理']",1
安顺学院,植物生产类,"['植物', '生产', '类']",1
安顺学院,旅游管理,"['旅游', '管理']",1
凯里学院,工商管理,['工商管理'],4
凯里学院,计算机科学与技术(中外合作办学),"['计算机科学', '与', '技术', '(', '中外合作', '办学', ')']",10
黔南民族师范学院,历史学(师范类),"['历史学', '(', '师范类', ')']",1
黔南民族师范学院,地理科学类,"['地理', '科学', '类']",1
黔南民族师范学院,外国语言文学类,"['外国', '语言', '文学类']",1
黔南民族师范学院,数学与应用数学(师范类),"['数学', '与', '应用', '数学', '(', '师范类', ')']",1
黔南民族师范学院,计算机类,"['计算机', '类']",1
黔南民族师范学院,汉语言文学(师范类),"['汉语言', '文学', '(', '师范类', ')']",1
贵州财经大学,大数据管理与应用,"['大', '数据管理', '与', '应用']",2
贵州财经大学,经济学类,"['经济学', '类']",1
贵州财经大学,金融学类,"['金融学', '类']",3
贵州财经大学,工商管理类,"['工商管理', '类']",5
贵州财经大学,公共管理类,"['公共', '管理', '类']",3
贵州财经大学,管理科学与工程类,"['管理科学', '与', '工程', '类']",3
贵州财经大学,计算机类,"['计算机', '类']",2
贵州财经大学,统计学,['统计学'],3
贵州财经大学,法学类,['法学类'],1
贵州民族大学,制药工程,"['制药', '工程']",2
贵州民族大学,过程装备与控制工程,"['过程', '装备', '与', '控制工程']",3
贵州民族大学,历史学,['历史学'],2
贵州民族大学,日语,['日语'],2
云南大学,经济学类,"['经济学', '类']",7
云南大学,法学,['法学'],8
云南大学,政治学与行政学,"['政治学', '与', '行政', '学']",3
云南大学,社会学,['社会学'],2
云南大学,社会工作,['社会工作'],2
云南大学,汉语言文学,"['汉语言', '文学']",5
云南大学,英语,['英语'],4
云南大学,法语,['法语'],2
云南大学,日语,['日语'],1
云南大学,新闻学,['新闻学'],3
云南大学,广播电视学,"['广播电视', '学']",4
云南大学,历史学,['历史学'],4
云南大学,数学与应用数学,"['数学', '与', '应用', '数学']",4
云南大学,信息与计算科学,"['信息', '与', '计算', '科学']",4
云南大学,物理学,['物理学'],4
云南大学,化学类,"['化学', '类']",6
云南大学,地理科学,"['地理', '科学']",5
云南大学,地理信息科学,"['地理信息', '科学']",3
云南大学,大气科学,"['大气', '科学']",3
云南大学,地球物理学,"['地球', '物理学']",4
云南大学,地质学,['地质学'],4
云南大学,生物科学,['生物科学'],4
云南大学,生物技术,"['生物', '技术']",3
云南大学,生物科学类,"['生物科学', '类']",4
云南大学,生态学,['生态学'],2
云南大学,统计学,['统计学'],3
云南大学,材料科学与工程,"['材料科学', '与', '工程']",5
云南大学,电子信息类,"['电子信息', '类']",8
云南大学,计算机类,"['计算机', '类']",26
云南大学,数据科学与大数据技术,"['数据', '科学', '与', '大', '数据', '技术']",4
云南大学,土木工程,['土木工程'],3
云南大学,环境科学与工程类,"['环境', '科学', '与', '工程', '类']",3
云南大学,建筑学,['建筑学'],2
云南大学,城乡规划,['城乡规划'],2
云南大学,临床医学,['临床医学'],2
云南大学,工商管理类,"['工商管理', '类']",21
云南大学,行政管理,"['行政', '管理']",2
云南大学,档案学,['档案学'],3
云南大学,新能源科学与工程,"['新', '能源科学', '与', '工程']",1
云南大学,缅甸语,['缅甸语'],2
云南大学,马来语,['马来语'],1
昆明理工大学,测绘工程,"['测绘', '工程']",2
昆明理工大学,地质工程,"['地质', '工程']",2
昆明理工大学,采矿工程,['采矿工程'],3
昆明理工大学,冶金工程(菁英班),"['冶金', '工程', '(', '菁英', '班', ')']",3
昆明理工大学,能源与动力工程,"['能源', '与', '动力工程']",3
昆明理工大学,新能源科学与工程,"['新', '能源科学', '与', '工程']",3
昆明理工大学,储能科学与工程,"['储能', '科学', '与', '工程']",2
昆明理工大学,机械工程(机电工程学院),"['机械工程', '(', '机电', '工程学院', ')']",3
昆明理工大学,工业工程,"['工业', '工程']",3
昆明理工大学,机器人工程,"['机器人', '工程']",3
昆明理工大学,智能制造工程,"['智能', '制造', '工程']",3
昆明理工大学,通信工程,['通信工程'],3
昆明理工大学,自动化,['自动化'],3
昆明理工大学,计算机科学与技术,"['计算机科学', '与', '技术']",2
昆明理工大学,人工智能,['人工智能'],2
昆明理工大学,电气工程及其自动化,"['电气工程', '及其', '自动化']",5
昆明理工大学,水利类,"['水利', '类']",3
昆明理工大学,车辆工程,"['车辆', '工程']",3
昆明理工大学,交通运输类,"['交通运输', '类']",3
昆明理工大学,物流工程,"['物流', '工程']",3
昆明理工大学,环境科学与工程类,"['环境', '科学', '与', '工程', '类']",3
昆明理工大学,资源环境科学,"['资源', '环境', '科学']",3
昆明理工大学,化学工程与工艺,"['化学工程', '与', '工艺']",2
昆明理工大学,轻化工程,"['轻化', '工程']",2
昆明理工大学,金融学,['金融学'],3
昆明理工大学,国际经济与贸易,"['国际', '经济', '与', '贸易']",3
昆明理工大学,信息管理与信息系统,"['信息管理', '与', '信息系统']",3
昆明理工大学,工程力学,['工程力学'],3
昆明理工大学,数据科学与大数据技术,"['数据', '科学', '与', '大', '数据', '技术']",3
昆明理工大学,法学,['法学'],3
昆明理工大学,材料成型及控制工程,"['材料', '成型', '及', '控制工程']",3
昆明理工大学,材料科学与工程,"['材料科学', '与', '工程']",3
昆明理工大学,宝石及材料工艺学,"['宝石', '及', '材料', '工艺学']",2
昆明理工大学,功能材料,"['功能', '材料']",3
昆明理工大学,制药工程,"['制药', '工程']",2
昆明理工大学,生物工程(创新班),"['生物工程', '(', '创新', '班', ')']",3
昆明理工大学,临床医学,['临床医学'],4
昆明理工大学,护理学,['护理学'],4
昆明理工大学,建筑学,['建筑学'],2
昆明理工大学,城乡规划,['城乡规划'],2
昆明理工大学,风景园林,['风景园林'],2
昆明理工大学,安全工程,['安全工程'],3
昆明理工大学,飞行器控制与信息工程,"['飞行器', '控制', '与', '信息工程']",2
昆明理工大学,土木工程(中外合作办学),"['土木工程', '(', '中外合作', '办学', ')']",5
云南农业大学,种子科学与工程,"['种子', '科学', '与', '工程']",1
云南农业大学,水产养殖学,"['水产', '养殖', '学']",1
云南农业大学,动物医学,"['动物', '医学']",2
云南农业大学,植物保护,['植物保护'],1
云南农业大学,设施农业科学与工程,"['设施', '农业', '科学', '与', '工程']",1
云南农业大学,园林,['园林'],1
云南农业大学,食品科学与工程,"['食品科学', '与', '工程']",1
云南农业大学,葡萄与葡萄酒工程,"['葡萄', '与', '葡萄酒', '工程']",2
云南农业大学,烟草,['烟草'],2
云南农业大学,水利水电工程,"['水利水电', '工程']",1
云南农业大学,机械电子工程,"['机械', '电子', '工程']",1
云南农业大学,能源与动力工程,"['能源', '与', '动力工程']",1
云南农业大学,电气工程及其自动化,"['电气工程', '及其', '自动化']",1
云南农业大学,农业机械化及其自动化,"['农业', '机械化', '及其', '自动化']",1
云南农业大学,数据科学与大数据技术,"['数据', '科学', '与', '大', '数据', '技术']",1
云南农业大学,土木工程,['土木工程'],1
云南农业大学,建筑环境与能源应用工程,"['建筑', '环境', '与', '能源', '应用', '工程']",1
云南农业大学,城乡规划,['城乡规划'],1
云南农业大学,工程造价,['工程造价'],2
云南农业大学,经济学,['经济学'],1
云南农业大学,电子商务,['电子商务'],1
云南农业大学,社会工作,['社会工作'],1
云南农业大学,秘书学,['秘书学'],1
云南农业大学,旅游管理,"['旅游', '管理']",1
云南农业大学,英语,['英语'],1
云南农业大学,土木工程(中外合作办学)(土木与环境),"['土木工程', '(', '中外合作', '办学', ')', '(', '土木', '与', '环境', ')']",2
云南农业大学,农林经济管理(中外合作办学),"['农林', '经济', '管理', '(', '中外合作', '办学', ')']",2
西南林业大学,英语,['英语'],3
西南林业大学,机械设计制造及其自动化,"['机械设计', '制造', '及其', '自动化']",2
西南林业大学,机械电子工程,"['机械', '电子', '工程']",3
西南林业大学,车辆工程,"['车辆', '工程']",3
西南林业大学,材料科学与工程,"['材料科学', '与', '工程']",2
西南林业大学,高分子材料与工程,"['高分子', '材料', '与', '工程']",3
西南林业大学,电子信息工程,"['电子', '信息工程']",3
西南林业大学,测绘工程,"['测绘', '工程']",3
西南林业大学,交通运输,['交通运输'],3
西南林业大学,森林工程,"['森林', '工程']",3
西南林业大学,木材科学与工程,"['木材', '科学', '与', '工程']",4
西南林业大学,林产化工,"['林产', '化工']",3
西南林业大学,环境工程,['环境工程'],2
西南林业大学,环境科学,"['环境', '科学']",3
西南林业大学,消防工程,['消防工程'],1
西南林业大学,农学,['农学'],3
西南林业大学,园艺,['园艺'],3
西南林业大学,林学,['林学'],2
西南林业大学,园林,['园林'],2
西南林业大学,工商管理,['工商管理'],4
西南林业大学,公共事业管理,"['公共事业', '管理']",4
西南林业大学,旅游管理,"['旅游', '管理']",4
昆明医科大学,临床医学,['临床医学'],4
昆明医科大学,麻醉学,['麻醉学'],1
昆明医科大学,医学影像学,"['医学', '影像学']",1
昆明医科大学,口腔医学,['口腔医学'],1
昆明医科大学,预防医学,"['预防', '医学']",1
昆明医科大学,临床药学,"['临床', '药学']",1
昆明医科大学,医学检验技术,"['医学', '检验', '技术']",1
昆明医科大学,康复物理治疗,"['康复', '物理', '治疗']",1
昆明医科大学,康复作业治疗,"['康复', '作业', '治疗']",1
昆明医科大学,药学,['药学'],1
昆明医科大学,法医学,['法医学'],1
昆明医科大学,护理学(中外合作办学),"['护理学', '(', '中外合作', '办学', ')']",1
大理大学,临床医学,['临床医学'],6
大理大学,医学影像学,"['医学', '影像学']",4
大理大学,护理学,['护理学'],6
大理大学,预防医学,"['预防', '医学']",2
大理大学,药学,['药学'],6
大理大学,临床药学,"['临床', '药学']",2
大理大学,生物科学类,"['生物科学', '类']",3
大理大学,环境科学,"['环境', '科学']",2
大理大学,园艺,['园艺'],2
大理大学,动物科学,"['动物', '科学']",2
大理大学,数学与应用数学,"['数学', '与', '应用', '数学']",2
大理大学,电气工程及其自动化,"['电气工程', '及其', '自动化']",2
大理大学,生物医学工程,"['生物医学', '工程']",2
大理大学,建筑学,['建筑学'],2
大理大学,电子信息工程,"['电子', '信息工程']",2
大理大学,汉语言文学,"['汉语言', '文学']",4
大理大学,汉语国际教育,"['汉语', '国际', '教育']",2
大理大学,英语,['英语'],2
大理大学,学前教育(师范类),"['学前教育', '(', '师范类', ')']",2
大理大学,小学教育(师范类),"['小学', '教育', '(', '师范类', ')']",2
大理大学,法学,['法学'],2
大理大学,储能科学与工程,"['储能', '科学', '与', '工程']",2
云南中医药大学,医学信息工程,"['医学', '信息工程']",1
云南中医药大学,制药工程,"['制药', '工程']",1
云南中医药大学,食品质量与安全,"['食品质量', '与', '安全']",1
云南中医药大学,中医学,['中医学'],1
云南中医药大学,针灸推拿学,"['针灸', '推拿学']",1
云南中医药大学,中医康复学,"['中医', '康复', '学']",1
云南中医药大学,中医养生学,"['中医', '养生学']",1
云南中医药大学,中医儿科学,"['中医', '儿科学']",1
云南中医药大学,中医骨伤科学,"['中医', '骨伤', '科学']",1
云南中医药大学,中西医临床医学,"['中西医', '临床医学']",2
云南中医药大学,药学,['药学'],1
云南中医药大学,药物制剂,['药物制剂'],1
云南中医药大学,中药学,['中药学'],1
云南中医药大学,中药资源与开发,"['中药', '资源', '与', '开发']",1
云南中医药大学,康复治疗学,"['康复', '治疗学']",1
云南中医药大学,护理学,['护理学'],1
云南中医药大学,公共事业管理,"['公共事业', '管理']",1
云南师范大学,教育学(师范类),"['教育学', '(', '师范类', ')']",2
云南师范大学,应用心理学,"['应用', '心理学']",2
云南师范大学,汉语言文学(师范类),"['汉语言', '文学', '(', '师范类', ')']",4
云南师范大学,哲学,['哲学'],2
云南师范大学,思想政治教育(师范类),"['思想', '政治', '教育', '(', '师范类', ')']",4
云南师范大学,历史学(师范类),"['历史学', '(', '师范类', ')']",2
云南师范大学,化学(师范类),"['化学', '(', '师范类', ')']",3
云南师范大学,数学与应用数学(师范类),"['数学', '与', '应用', '数学', '(', '师范类', ')']",4
云南师范大学,物理学(师范类),"['物理学', '(', '师范类', ')']",4
云南师范大学,电子信息类,"['电子信息', '类']",4
云南师范大学,地理科学类,"['地理', '科学', '类']",7
云南师范大学,公共管理类,"['公共', '管理', '类']",2
云南师范大学,英语(含师范类、非师范类),"['英语', '(', '含', '师范类', '、', '非', '师范类', ')']",2
云南师范大学,社会工作,['社会工作'],2
云南师范大学,空间信息与数字技术,"['空间信息', '与', '数字', '技术']",4
云南师范大学,生物科学(师范类),"['生物科学', '(', '师范类', ')']",3
曲靖师范学院,经济学,['经济学'],2
曲靖师范学院,汉语国际教育(师范类),"['汉语', '国际', '教育', '(', '师范类', ')']",2
曲靖师范学院,历史学(师范类),"['历史学', '(', '师范类', ')']",2
曲靖师范学院,应用化学,['应用化学'],2
曲靖师范学院,生物技术,"['生物', '技术']",2
曲靖师范学院,工程管理,"['工程', '管理']",2
普洱学院,烹饪与营养教育,"['烹饪', '与', '营养', '教育']",5
红河学院,汉语言文学(师范类),"['汉语言', '文学', '(', '师范类', ')']",3
红河学院,汉语国际教育,"['汉语', '国际', '教育']",2
红河学院,国际经济与贸易,"['国际', '经济', '与', '贸易']",3
红河学院,财务管理,['财务管理'],2
红河学院,物流管理,"['物流', '管理']",2
红河学院,酒店管理,"['酒店', '管理']",2
红河学院,计算机科学与技术,"['计算机科学', '与', '技术']",2
红河学院,电气工程及其自动化,"['电气工程', '及其', '自动化']",2
红河学院,数学与应用数学,"['数学', '与', '应用', '数学']",2
红河学院,信息与计算科学,"['信息', '与', '计算', '科学']",2
红河学院,应用统计学,"['应用', '统计学']",3
云南财经大学,金融学,['金融学'],8
云南财经大学,金融工程,"['金融', '工程']",4
云南财经大学,保险学,['保险学'],4
云南财经大学,数学与应用数学,"['数学', '与', '应用', '数学']",4
云南财经大学,应用统计学,"['应用', '统计学']",4
云南财经大学,管理科学,['管理科学'],4
云南财经大学,工商管理,['工商管理'],4
云南财经大学,城乡规划,['城乡规划'],4
云南财经大学,人力资源管理,"['人力', '资源管理']",4
云南财经大学,汉语言,['汉语言'],4
云南财经大学,会计学,['会计学'],4
云南财经大学,财务管理,['财务管理'],4
云南财经大学,新闻学,['新闻学'],4
云南财经大学,物流工程,"['物流', '工程']",4
云南财经大学,旅游管理,"['旅游', '管理']",6
云南财经大学,财政学,['财政学'],4
云南财经大学,劳动与社会保障,"['劳动', '与', '社会保障']",4
云南财经大学,物联网工程,"['物', '联网', '工程']",4
云南财经大学,经济学,['经济学'],4
云南财经大学,国际经贸规则,"['国际经贸', '规则']",4
云南财经大学,智能科学与技术,"['智能科学', '与', '技术']",4
云南艺术学院,戏剧学,"['戏剧', '学']",1
云南艺术学院,戏剧影视文学,"['戏剧', '影视', '文学']",2
云南民族大学,政治学与行政学,"['政治学', '与', '行政', '学']",4
云南民族大学,行政管理,"['行政', '管理']",4
云南民族大学,应用心理学,"['应用', '心理学']",2
云南民族大学,日语,['日语'],3
云南民族大学,数学与应用数学,"['数学', '与', '应用', '数学']",3
云南民族大学,计算机科学与技术,"['计算机科学', '与', '技术']",3
云南民族大学,工商管理,['工商管理'],2
云南民族大学,药物分析,"['药物', '分析']",2
云南民族大学,汉语言文学,"['汉语言', '文学']",3
西藏农牧学院,农学,['农学'],5
西藏农牧学院,植物保护,['植物保护'],4
西藏农牧学院,农林经济管理,"['农林', '经济', '管理']",3
西藏农牧学院,农村区域发展,"['农村', '区域', '发展']",2
西藏农牧学院,草业科学,"['草业', '科学']",4
西藏农牧学院,动物科学,"['动物', '科学']",4
西藏农牧学院,动物医学,"['动物', '医学']",5
西藏农牧学院,生物技术,"['生物', '技术']",4
西藏农牧学院,食品科学与工程,"['食品科学', '与', '工程']",2
西藏农牧学院,生态学,['生态学'],4
西藏农牧学院,环境科学,"['环境', '科学']",3
西藏农牧学院,农业资源与环境,"['农业', '资源', '与', '环境']",4
西藏农牧学院,水土保持与荒漠化防治,"['水土保持', '与', '荒漠化', '防治']",2
西藏农牧学院,林学,['林学'],4
西藏农牧学院,园林,['园林'],3
西藏农牧学院,能源与动力工程,"['能源', '与', '动力工程']",4
西藏农牧学院,给排水科学与工程,"['给排水', '科学', '与', '工程']",3
西藏农牧学院,水利水电工程,"['水利水电', '工程']",3
西藏农牧学院,电气工程及其自动化,"['电气工程', '及其', '自动化']",4
西藏农牧学院,农业电气化,"['农业', '电气化']",4
西藏农牧学院,应用化学,['应用化学'],3
西藏农牧学院,旅游管理,"['旅游', '管理']",2
西藏大学,汉语言文学,"['汉语言', '文学']",3
西藏大学,汉语言文学(师范类),"['汉语言', '文学', '(', '师范类', ')']",2
西藏大学,地理科学(师范类),"['地理', '科学', '(', '师范类', ')']",2
西藏大学,经济学,['经济学'],5
西藏大学,行政管理,"['行政', '管理']",2
西藏大学,财务管理,['财务管理'],2
西藏大学,工商管理,['工商管理'],2
西藏大学,市场营销,['市场营销'],2
西藏大学,旅游管理,"['旅游', '管理']",2
西藏大学,法学,['法学'],4
西藏大学,学前教育(师范类),"['学前教育', '(', '师范类', ')']",2
西藏大学,会计学,['会计学'],4
西藏大学,财政学,['财政学'],3
西藏大学,思想政治教育(师范类),"['思想', '政治', '教育', '(', '师范类', ')']",3
西藏大学,数学与应用数学(师范类),"['数学', '与', '应用', '数学', '(', '师范类', ')']",5
西藏大学,物理学(师范类),"['物理学', '(', '师范类', ')']",3
西藏大学,化学(师范类),"['化学', '(', '师范类', ')']",3
西藏大学,生物科学(师范类),"['生物科学', '(', '师范类', ')']",2
西藏大学,生态学,['生态学'],2
西藏大学,应用物理学,"['应用', '物理学']",2
西藏大学,建筑学,['建筑学'],2
西藏大学,城乡规划,['城乡规划'],1
西藏大学,交通运输,['交通运输'],3
西藏大学,土木工程,['土木工程'],4
西藏大学,资源勘查工程,"['资源', '勘查', '工程']",2
西藏大学,临床医学,['临床医学'],1
西藏大学,口腔医学,['口腔医学'],1
西藏大学,预防医学,"['预防', '医学']",3
西藏大学,药学,['药学'],3
西藏大学,护理学,['护理学'],4
西藏大学,计算机科学与技术,"['计算机科学', '与', '技术']",7
西藏大学,通信工程,['通信工程'],3
西藏民族大学,法学,['法学'],7
西藏民族大学,哲学,['哲学'],10
西藏民族大学,临床医学(预防方向),"['临床医学', '(', '预防', '方向', ')']",3
西藏民族大学,民族学,['民族学'],5
西藏民族大学,英语,['英语'],4
西藏民族大学,英语(师范类),"['英语', '(', '师范类', ')']",6
西藏民族大学,临床医学(影像诊断方向),"['临床医学', '(', '影像', '诊断', '方向', ')']",3
西藏民族大学,临床医学,['临床医学'],6
西藏民族大学,汉语言文学,"['汉语言', '文学']",6
西藏民族大学,汉语言文学(师范类),"['汉语言', '文学', '(', '师范类', ')']",4
西藏民族大学,会计学,['会计学'],7
西藏民族大学,新闻学,['新闻学'],4
西藏民族大学,计算机科学与技术,"['计算机科学', '与', '技术']",10
西北大学,经济学,['经济学'],2
西北大学,哲学,['哲学'],2
西北大学,财政学,['财政学'],2
西北大学,法学,['法学'],2
西北大学,外国语言文学类,"['外国', '语言', '文学类']",4
西北大学,新闻传播学类,"['新闻', '传播学', '类']",3
西北大学,历史学类,"['历史学', '类']",4
西北大学,考古学,['考古学'],2
西北大学,图书情报与档案管理类,"['图书', '情报', '与', '档案管理', '类']",4
西北大学,化学,['化学'],3
西北大学,化学,['化学'],2
西北大学,地质学,['地质学'],2
西北大学,信息管理与信息系统,"['信息管理', '与', '信息系统']",3
西北大学,管理科学与工程类,"['管理科学', '与', '工程', '类']",4
西北大学,数学类,"['数学', '类']",6
西北大学,物理学类,"['物理学', '类']",6
西北大学,地质类,"['地质', '类']",4
西北大学,地理科学类,"['地理', '科学', '类']",4
西北大学,口腔医学,['口腔医学'],2
西北大学,电子信息类,"['电子信息', '类']",8
西北大学,计算机类,"['计算机', '类']",6
西北大学,过程装备与控制工程,"['过程', '装备', '与', '控制工程']",3
西北大学,化工与制药类,"['化工', '与', '制药', '类']",5
西北大学,生物工程,['生物工程'],2
西北大学,食品科学与工程,"['食品科学', '与', '工程']",3
西北大学,电子信息科学与技术(中外合作办学),"['电子信息', '科学', '与', '技术', '(', '中外合作', '办学', ')']",10
西安交通大学,自动化(钱学森班本硕博),"['自动化', '(', '钱学森', '班', '本硕博', ')']",3
西安交通大学,临床医学(侯宗濂班本博),"['临床医学', '(', '侯宗', '濂', '班', '本博', ')']",2
西安交通大学,数学与应用数学(国家拔尖计划),"['数学', '与', '应用', '数学', '(', '国家', '拔尖', '计划', ')']",3
西安交通大学,人工智能(新工科卓越计划),"['人工智能', '(', '新', '工科', '卓越', '计划', ')']",2
西安交通大学,工科试验班(智能电气专业预选),"['工科', '试验班', '(', '智能', '电气专业', '预选', ')']",4
西安交通大学,工科试验班(智能技术与自动化专业预选),"['工科', '试验班', '(', '智能', '技术', '与', '自动化', '专业', '预选', ')']",4
西安交通大学,工科试验班(智慧能源专业预选),"['工科', '试验班', '(', '智慧', '能源', '专业', '预选', ')']",5
西安交通大学,工科试验班(智能制造专业预选),"['工科', '试验班', '(', '智能', '制造', '专业', '预选', ')']",4
西安交通大学,工科试验班(越杰计划电类专业预选),"['工科', '试验班', '(', '越杰', '计划', '电类', '专业', '预选', ')']",6
西安交通大学,工科试验班(越杰计划机类专业预选),"['工科', '试验班', '(', '越杰', '计划', '机类', '专业', '预选', ')']",7
西安交通大学,理科试验班(卓越计划专业预选),"['理科', '试验班', '(', '卓越', '计划', '专业', '预选', ')']",2
西安交通大学,会计学(ACCA),"['会计学', '(', 'ACCA', ')']",2
西安交通大学,临床医学(5+3一体化),"['临床医学', '(', '5', '+', '3', '一体化', ')']",5
西安交通大学,文科试验班类,"['文科', '试验班', '类']",2
西安交通大学,外国语言文学类,"['外国', '语言', '文学类']",2
西安交通大学,工科试验班(智能电气与信息类),"['工科', '试验班', '(', '智能', '电气', '与', '信息', '类', ')']",64
西安交通大学,工科试验班(智慧能源与智能制造类),"['工科', '试验班', '(', '智慧', '能源', '与', '智能', '制造', '类', ')']",50
西安交通大学,工科试验班(经管类),"['工科', '试验班', '(', '经管类', ')']",27
西安交通大学,理科试验班,"['理科', '试验班']",12
西安交通大学,建筑学(中外合作办学),"['建筑学', '(', '中外合作', '办学', ')']",12
西安交通大学,工业设计(中外合作办学),"['工业', '设计', '(', '中外合作', '办学', ')']",8
西北工业大学,工程力学(力学拔尖基地班),"['工程力学', '(', '力学', '拔尖', '基地', '班', ')']",2
西北工业大学,航空航天类(本研衔接班),"['航空航天', '类', '(', '本研', '衔接', '班', ')']",3
西北工业大学,计算机类(本研衔接班),"['计算机', '类', '(', '本研', '衔接', '班', ')']",3
西北工业大学,材料类(本研衔接班),"['材料', '类', '(', '本研', '衔接', '班', ')']",2
西北工业大学,柔性电子学(本研衔接班),"['柔性', '电子学', '(', '本研', '衔接', '班', ')']",3
西北工业大学,航空航天类(黄玉珊航空班),"['航空航天', '类', '(', '黄玉', '珊', '航空', '班', ')']",2
西北工业大学,航空航天类(陈士橹飞天班),"['航空航天', '类', '(', '陈士', '橹', '飞天', '班', ')']",2
西北工业大学,海洋工程类(黄震中海洋班),"['海洋工程', '类', '(', '黄', '震中', '海洋', '班', ')']",2
西北工业大学,航空航天类,"['航空航天', '类']",15
西北工业大学,海洋工程类(智慧海洋试验班),"['海洋工程', '类', '(', '智慧', '海洋', '试验班', ')']",8
西北工业大学,材料类(新材料与化工试验班),"['材料', '类', '(', '新', '材料', '与', '化工', '试验班', ')']",15
西北工业大学,机械类(航宇智能制造试验班),"['机械类', '(', '航宇', '智能', '制造', '试验班', ')']",6
西北工业大学,力学类(工程应用力学试验班),"['力学', '类', '(', '工程', '应用力学', '试验班', ')']",5
西北工业大学,能源动力类(航空动力与新能源试验班),"['能源动力', '类', '(', '航空', '动力', '与', '新能源', '试验班', ')']",10
西北工业大学,数学类,"['数学', '类']",4
西北工业大学,物理学类,"['物理学', '类']",8
西北工业大学,管理科学与工程类(管理试验班),"['管理科学', '与', '工程', '类', '(', '管理', '试验班', ')']",2
西北工业大学,经济与贸易类(国贸、法学、行管),"['经济', '与', '贸易', '类', '(', '国贸', '、', '法学', '、', '行管', ')']",4
西北工业大学,外国语言文学类,"['外国', '语言', '文学类']",4
西北工业大学,建筑学,['建筑学'],3
西北工业大学,航空航天类(民用航空),"['航空航天', '类', '(', '民用航空', ')']",17
西北工业大学,软件工程,['软件工程'],15
西北工业大学,微电子科学与工程,"['微电子', '科学', '与', '工程']",10
西北工业大学,计算机类(网络安全),"['计算机', '类', '(', '网络安全', ')']",7
西北工业大学,工商管理类(管理试验班),"['工商管理', '类', '(', '管理', '试验班', ')']",2
西北工业大学,电子信息类,"['电子信息', '类']",10
西北工业大学,自动化类,"['自动化', '类']",12
西北工业大学,计算机类,"['计算机', '类']",6
西北工业大学,材料科学与工程(中外合作办学),"['材料科学', '与', '工程', '(', '中外合作', '办学', ')']",10
西北工业大学,高分子材料与工程(中外合作办学),"['高分子', '材料', '与', '工程', '(', '中外合作', '办学', ')']",10
西安理工大学,材料科学与工程,"['材料科学', '与', '工程']",2
西安理工大学,材料成型及控制工程,"['材料', '成型', '及', '控制工程']",4
西安理工大学,材料物理,"['材料', '物理']",2
西安理工大学,材料化学,"['材料', '化学']",2
西安理工大学,机械设计制造及其自动化,"['机械设计', '制造', '及其', '自动化']",7
西安理工大学,车辆工程,"['车辆', '工程']",2
西安理工大学,测控技术与仪器,"['测控', '技术', '与', '仪器']",2
西安理工大学,智能制造工程,"['智能', '制造', '工程']",2
西安理工大学,数字媒体技术,"['数字', '媒体', '技术']",2
西安理工大学,自动化类,"['自动化', '类']",6
西安理工大学,电子科学与技术,"['电子', '科学', '与', '技术']",4
西安理工大学,微电子科学与工程,"['微电子', '科学', '与', '工程']",3
西安理工大学,会计学,['会计学'],2
西安理工大学,信息管理与信息系统,"['信息管理', '与', '信息系统']",2
西安理工大学,能源与动力工程,"['能源', '与', '动力工程']",2
西安理工大学,水文与水资源工程,"['水文', '与', '水资源', '工程']",2
西安理工大学,信息与计算科学,"['信息', '与', '计算', '科学']",2
西安理工大学,应用化学,['应用化学'],2
西安理工大学,网络工程,['网络工程'],2
西安理工大学,土木工程,['土木工程'],4
西安理工大学,工程管理,"['工程', '管理']",4
西安理工大学,城乡规划,['城乡规划'],2
西安理工大学,城市地下空间工程,"['城市', '地下', '空间', '工程']",2
西安理工大学,电气类,"['电气', '类']",7
西安理工大学,水利水电工程,"['水利水电', '工程']",2
西安理工大学,计算机科学与技术,"['计算机科学', '与', '技术']",4
西安理工大学,英语,['英语'],5
西安理工大学,机械设计制造及其自动化(中外合作办学),"['机械设计', '制造', '及其', '自动化', '(', '中外合作', '办学', ')']",2
西安理工大学,土木工程(中外合作办学),"['土木工程', '(', '中外合作', '办学', ')']",3
西安理工大学,电子科学与技术(中外合作办学),"['电子', '科学', '与', '技术', '(', '中外合作', '办学', ')']",3
西安理工大学,计算机科学与技术(中外合作办学),"['计算机科学', '与', '技术', '(', '中外合作', '办学', ')']",2
西安电子科技大学,电子信息类,"['电子信息', '类']",118
西安电子科技大学,计算机类,"['计算机', '类']",65
西安电子科技大学,自动化类(智能制造及智能测控),"['自动化', '类', '(', '智能', '制造', '及', '智能', '测控', ')']",39
西安电子科技大学,通信工程(中外合作办学),"['通信工程', '(', '中外合作', '办学', ')']",15
西安电子科技大学,电子信息工程(中外合作办学),"['电子', '信息工程', '(', '中外合作', '办学', ')']",15
西安电子科技大学,大数据管理与应用(中外合作办学),"['大', '数据管理', '与', '应用', '(', '中外合作', '办学', ')']",15
西安工业大学,数学与应用数学,"['数学', '与', '应用', '数学']",2
西安工业大学,信息与计算科学,"['信息', '与', '计算', '科学']",3
西安工业大学,应用物理学,"['应用', '物理学']",3
西安工业大学,机械电子工程,"['机械', '电子', '工程']",3
西安工业大学,测控技术与仪器,"['测控', '技术', '与', '仪器']",2
西安工业大学,电气工程及其自动化,"['电气工程', '及其', '自动化']",2
西安工业大学,电子科学与技术,"['电子', '科学', '与', '技术']",2
西安工业大学,光电信息科学与工程,"['光电', '信息科学', '与', '工程']",3
西安工业大学,自动化,['自动化'],3
西安工业大学,计算机科学与技术,"['计算机科学', '与', '技术']",3
西安工业大学,物联网工程,"['物', '联网', '工程']",4
西安工业大学,智能科学与技术,"['智能科学', '与', '技术']",3
西安工业大学,土木工程,['土木工程'],3
西安工业大学,城市地下空间工程,"['城市', '地下', '空间', '工程']",2
西安工业大学,武器系统与工程,"['武器', '系统', '与', '工程']",3
西安工业大学,探测制导与控制技术,"['探测', '制导', '与', '控制技术']",2
西安工业大学,生物医学工程,"['生物医学', '工程']",4
西安工业大学,工业工程,"['工业', '工程']",2
西安工业大学,材料类,"['材料', '类']",4
西安工业大学,工商管理类,"['工商管理', '类']",4
西安工业大学,英语,['英语'],2
西安工业大学,网络与新媒体,"['网络', '与', '新', '媒体']",2
西安建筑科技大学,建筑学,['建筑学'],3
西安建筑科技大学,城乡规划,['城乡规划'],3
西安建筑科技大学,风景园林,['风景园林'],2
西安建筑科技大学,历史建筑保护工程,"['历史', '建筑', '保护', '工程']",3
西安建筑科技大学,城市设计,"['城市', '设计']",3
西安建筑科技大学,土木工程,['土木工程'],9
西安建筑科技大学,城市地下空间工程,"['城市', '地下', '空间', '工程']",3
西安建筑科技大学,交通运输,['交通运输'],2
西安建筑科技大学,交通工程,"['交通', '工程']",3
西安建筑科技大学,给排水科学与工程,"['给排水', '科学', '与', '工程']",6
西安建筑科技大学,环境工程,['环境工程'],3
西安建筑科技大学,环境科学,"['环境', '科学']",2
西安建筑科技大学,建筑环境与能源应用工程,"['建筑', '环境', '与', '能源', '应用', '工程']",5
西安建筑科技大学,建筑电气与智能化,"['建筑', '电气', '与', '智能化']",4
西安建筑科技大学,工程管理,"['工程', '管理']",2
西安建筑科技大学,工商管理,['工商管理'],3
西安建筑科技大学,会计学,['会计学'],3
西安建筑科技大学,自动化,['自动化'],4
西安建筑科技大学,计算机科学与技术,"['计算机科学', '与', '技术']",3
西安建筑科技大学,通信工程,['通信工程'],2
西安建筑科技大学,人工智能,['人工智能'],4
西安建筑科技大学,电气工程及其自动化,"['电气工程', '及其', '自动化']",3
西安建筑科技大学,机械类,['机械类'],8
西安建筑科技大学,材料成型及控制工程,"['材料', '成型', '及', '控制工程']",3
西安建筑科技大学,冶金工程,"['冶金', '工程']",3
西安建筑科技大学,金属材料工程,"['金属材料', '工程']",3
西安建筑科技大学,材料类,"['材料', '类']",8
西安建筑科技大学,化工与制药类,"['化工', '与', '制药', '类']",4
西安建筑科技大学,矿业类,"['矿业', '类']",4
西安建筑科技大学,安全工程,['安全工程'],2
西安建筑科技大学,大数据管理与应用,"['大', '数据管理', '与', '应用']",3
西安建筑科技大学,城市管理,"['城市', '管理']",2
西安建筑科技大学,数学与应用数学,"['数学', '与', '应用', '数学']",2
西安建筑科技大学,工程力学,['工程力学'],2
西安建筑科技大学,光电信息科学与工程,"['光电', '信息科学', '与', '工程']",2
西安建筑科技大学,数据科学与大数据技术,"['数据', '科学', '与', '大', '数据', '技术']",2
西安建筑科技大学,工业设计,"['工业', '设计']",2
西安建筑科技大学,法学,['法学'],2
西安建筑科技大学,汉语言文学,"['汉语言', '文学']",2
西安建筑科技大学,汉语国际教育,"['汉语', '国际', '教育']",2
西安建筑科技大学,英语,['英语'],2
西安建筑科技大学,公共管理类,"['公共', '管理', '类']",4
西安建筑科技大学,计算机科学与技术(中外合作办学),"['计算机科学', '与', '技术', '(', '中外合作', '办学', ')']",2
西安建筑科技大学,土木工程(中外合作办学),"['土木工程', '(', '中外合作', '办学', ')']",2
西安建筑科技大学,建筑电气与智能化(中外合作办学),"['建筑', '电气', '与', '智能化', '(', '中外合作', '办学', ')']",2
西安建筑科技大学,工程管理(中外合作办学),"['工程', '管理', '(', '中外合作', '办学', ')']",2
西安科技大学,建筑环境与能源应用工程,"['建筑', '环境', '与', '能源', '应用', '工程']",2
西安科技大学,采矿工程,['采矿工程'],4
西安科技大学,消防工程,['消防工程'],2
西安科技大学,安全工程,['安全工程'],2
西安科技大学,应急技术与管理,"['应急', '技术', '与', '管理']",2
西安科技大学,土木工程,['土木工程'],2
西安科技大学,建筑学,['建筑学'],2
西安科技大学,给排水科学与工程,"['给排水', '科学', '与', '工程']",2
西安科技大学,城乡规划,['城乡规划'],2
西安科技大学,城市地下空间工程,"['城市', '地下', '空间', '工程']",2
西安科技大学,机械设计制造及其自动化,"['机械设计', '制造', '及其', '自动化']",2
西安科技大学,机械电子工程,"['机械', '电子', '工程']",2
西安科技大学,车辆工程,"['车辆', '工程']",2
西安科技大学,智能制造工程,"['智能', '制造', '工程']",2
西安科技大学,自动化,['自动化'],2
西安科技大学,电气工程及其自动化,"['电气工程', '及其', '自动化']",2
西安科技大学,测控技术与仪器,"['测控', '技术', '与', '仪器']",2
西安科技大学,智能科学与技术,"['智能科学', '与', '技术']",2
西安科技大学,通信工程,['通信工程'],2
西安科技大学,电子信息工程,"['电子', '信息工程']",2
西安科技大学,电子科学与技术,"['电子', '科学', '与', '技术']",2
西安科技大学,信息与计算科学,"['信息', '与', '计算', '科学']",2
西安科技大学,数据科学与大数据技术,"['数据', '科学', '与', '大', '数据', '技术']",2
西安科技大学,软件工程,['软件工程'],2
西安科技大学,计算机科学与技术,"['计算机科学', '与', '技术']",2
西安科技大学,环境工程,['环境工程'],2
西安科技大学,地质工程,"['地质', '工程']",2
西安科技大学,资源勘查工程,"['资源', '勘查', '工程']",2
西安科技大学,地下水科学与工程,"['地下水', '科学', '与', '工程']",2
西安科技大学,测绘工程,"['测绘', '工程']",2
西安科技大学,地理信息科学,"['地理信息', '科学']",3
西安科技大学,自然地理与资源环境,"['自然地理', '与', '资源', '环境']",4
西安科技大学,材料科学与工程,"['材料科学', '与', '工程']",2
西安科技大学,无机非金属材料工程,"['无机', '非金属材料', '工程']",2
西安科技大学,高分子材料与工程,"['高分子', '材料', '与', '工程']",2
西安科技大学,新能源材料与器件,"['新能源', '材料', '与', '器件']",2
西安科技大学,能源化学工程,"['能源', '化学工程']",4
西安科技大学,矿物加工工程,"['矿物', '加工', '工程']",4
西安科技大学,化学工程与工艺,"['化学工程', '与', '工艺']",2
西安科技大学,工程力学,['工程力学'],2
西安科技大学,工业工程,"['工业', '工程']",2
西安科技大学,电子商务,['电子商务'],2
西安科技大学,英语,['英语'],2
西安科技大学,法学,['法学'],2
西安科技大学,土木工程(中外合作办学),"['土木工程', '(', '中外合作', '办学', ')']",2
西安石油大学,国际经济与贸易,"['国际', '经济', '与', '贸易']",2
西安石油大学,工商管理类,"['工商管理', '类']",3
西安石油大学,俄语,['俄语'],2
西安石油大学,翻译,['翻译'],2
西安石油大学,汉语言文学,"['汉语言', '文学']",2
西安石油大学,新闻学,['新闻学'],2
西安石油大学,石油工程,"['石油', '工程']",2
西安石油大学,油气储运工程,"['油气', '储运', '工程']",1
西安石油大学,海洋油气工程,"['海洋', '油气', '工程']",2
西安石油大学,地质工程,"['地质', '工程']",1
西安石油大学,勘查技术与工程,"['勘查', '技术', '与', '工程']",4
西安石油大学,资源勘查工程,"['资源', '勘查', '工程']",1
西安石油大学,地质学,['地质学'],1
西安石油大学,地球信息科学与技术,"['地球', '信息科学', '与', '技术']",1
西安石油大学,电子信息工程,"['电子', '信息工程']",2
西安石油大学,人工智能,['人工智能'],2
西安石油大学,自动化,['自动化'],2
西安石油大学,安全工程,['安全工程'],2
西安石油大学,机械电子工程,"['机械', '电子', '工程']",2
西安石油大学,工业设计,"['工业', '设计']",2
西安石油大学,过程装备与控制工程,"['过程', '装备', '与', '控制工程']",2
西安石油大学,能源与动力工程,"['能源', '与', '动力工程']",2
西安石油大学,新能源科学与工程,"['新', '能源科学', '与', '工程']",2
西安石油大学,土木工程,['土木工程'],3
西安石油大学,材料成型及控制工程,"['材料', '成型', '及', '控制工程']",2
西安石油大学,材料类,"['材料', '类']",3
西安石油大学,新能源材料与器件,"['新能源', '材料', '与', '器件']",2
西安石油大学,计算机类,"['计算机', '类']",2
西安石油大学,通信工程,['通信工程'],1
西安石油大学,应用化学,['应用化学'],2
西安石油大学,能源化学工程,"['能源', '化学工程']",2
西安石油大学,环境工程,['环境工程'],1
西安石油大学,信息与计算科学,"['信息', '与', '计算', '科学']",1
西安石油大学,应用物理学,"['应用', '物理学']",3
西安石油大学,信息管理与信息系统,"['信息管理', '与', '信息系统']",2
西安石油大学,电子商务,['电子商务'],2
西安石油大学,工程管理,"['工程', '管理']",2
西安石油大学,金融学,['金融学'],2
西安石油大学,数据计算及应用,"['数据', '计算', '及', '应用']",1
西安石油大学,石油工程,"['石油', '工程']",2
西安石油大学,测控技术与仪器,"['测控', '技术', '与', '仪器']",2
西安石油大学,机械设计制造及其自动化,"['机械设计', '制造', '及其', '自动化']",2
西安石油大学,化学工程与工艺,"['化学工程', '与', '工艺']",2
西安石油大学,焊接技术与工程,"['焊接', '技术', '与', '工程']",2
陕西科技大学,材料类,"['材料', '类']",2
陕西科技大学,轻化工程,"['轻化', '工程']",3
陕西科技大学,市场营销,['市场营销'],3
陕西科技大学,会计学,['会计学'],3
陕西科技大学,人力资源管理,"['人力', '资源管理']",3
陕西科技大学,国际经济与贸易,"['国际', '经济', '与', '贸易']",3
陕西科技大学,教育技术学,"['教育', '技术', '学']",2
陕西科技大学,数学类,"['数学', '类']",3
陕西科技大学,机械类,['机械类'],6
陕西科技大学,材料类,"['材料', '类']",2
陕西科技大学,电气类,"['电气', '类']",3
陕西科技大学,计算机类,"['计算机', '类']",3
陕西科技大学,化工与制药类,"['化工', '与', '制药', '类']",6
陕西科技大学,环境科学与工程类,"['环境', '科学', '与', '工程', '类']",3
陕西科技大学,机械设计制造及其自动化(中外合作办学),"['机械设计', '制造', '及其', '自动化', '(', '中外合作', '办学', ')']",12
陕西科技大学,工业设计(中外合作办学),"['工业', '设计', '(', '中外合作', '办学', ')']",10
陕西科技大学,计算机科学与技术(中外合作办学),"['计算机科学', '与', '技术', '(', '中外合作', '办学', ')']",11
西安工程大学,数学类,"['数学', '类']",2
西安工程大学,应用物理学,"['应用', '物理学']",2
西安工程大学,应用化学,['应用化学'],3
西安工程大学,机械类,['机械类'],5
西安工程大学,材料成型及控制工程,"['材料', '成型', '及', '控制工程']",3
西安工程大学,材料类,"['材料', '类']",3
西安工程大学,电气工程及其自动化,"['电气工程', '及其', '自动化']",3
西安工程大学,微电子科学与工程,"['微电子', '科学', '与', '工程']",3
西安工程大学,计算机科学与技术,"['计算机科学', '与', '技术']",3
西安工程大学,计算机类,"['计算机', '类']",5
西安工程大学,土木类,"['土木', '类']",5
西安工程大学,纺织类,"['纺织', '类']",8
西安工程大学,服装设计与工程,"['服装设计', '与', '工程']",2
西安工程大学,轻化工程,"['轻化', '工程']",2
西安工程大学,环境工程,['环境工程'],2
西安工程大学,风景园林,['风景园林'],2
西安工程大学,大数据管理与应用,"['大', '数据管理', '与', '应用']",3
西安工程大学,工商管理,['工商管理'],3
西安工程大学,会计学,['会计学'],3
长安大学,道路桥梁与渡河工程,"['道路', '桥梁', '与', '渡河', '工程']",9
长安大学,道路桥梁与渡河工程(国际工程班),"['道路', '桥梁', '与', '渡河', '工程', '(', '国际', '工程', '班', ')']",8
长安大学,城市地下空间工程,"['城市', '地下', '空间', '工程']",2
长安大学,车辆工程,"['车辆', '工程']",12
长安大学,工商管理类,"['工商管理', '类']",6
长安大学,管理科学与工程类,"['管理科学', '与', '工程', '类']",3
长安大学,经济学类,"['经济学', '类']",5
长安大学,自动化类,"['自动化', '类']",12
长安大学,交通设备与控制工程,"['交通设备', '与', '控制工程']",3
长安大学,人工智能,['人工智能'],5
长安大学,环境科学与工程类,"['环境', '科学', '与', '工程', '类']",3
长安大学,化学工程与工艺,"['化学工程', '与', '工艺']",4
长安大学,建筑类,"['建筑', '类']",11
长安大学,交通工程,"['交通', '工程']",8
长安大学,交通工程(国际工程班),"['交通', '工程', '(', '国际', '工程', '班', ')']",4
长安大学,交通运输,['交通运输'],4
长安大学,大数据管理与应用,"['大', '数据管理', '与', '应用']",2
长安大学,思想政治教育,"['思想', '政治', '教育']",4
长安大学,公共管理类,"['公共', '管理', '类']",2
长安大学,新闻传播学类,"['新闻', '传播学', '类']",5
长安大学,数学类,"['数学', '类']",2
长安大学,英语,['英语'],2
长安大学,日语,['日语'],3
长安大学,新能源科学与工程,"['新', '能源科学', '与', '工程']",3
长安大学,能源与动力工程,"['能源', '与', '动力工程']",2
长安大学,电气工程及其自动化,"['电气工程', '及其', '自动化']",6
长安大学,机械类,['机械类'],29
长安大学,计算机类,"['计算机', '类']",17
长安大学,电子信息类,"['电子信息', '类']",11
长安大学,地质工程,"['地质', '工程']",5
长安大学,地球物理学类,"['地球', '物理学', '类']",3
长安大学,测绘类,"['测绘', '类']",6
长安大学,安全工程,['安全工程'],6
长安大学,土木类,"['土木', '类']",28
长安大学,水利类,"['水利', '类']",7
长安大学,材料类,"['材料', '类']",22
长安大学,道路桥梁与渡河工程(中外合作办学),"['道路', '桥梁', '与', '渡河', '工程', '(', '中外合作', '办学', ')']",10
长安大学,车辆工程(中外合作办学),"['车辆', '工程', '(', '中外合作', '办学', ')']",10
长安大学,交通运输(中外合作办学),"['交通运输', '(', '中外合作', '办学', ')']",10
西北农林科技大学,法学,['法学'],6
西北农林科技大学,社会学类,"['社会学', '类']",6
西北农林科技大学,公共管理类,"['公共', '管理', '类']",6
西北农林科技大学,英语,['英语'],5
西北农林科技大学,汉语国际教育,"['汉语', '国际', '教育']",2
西北农林科技大学,俄语,['俄语'],3
西北农林科技大学,智慧农业,"['智慧', '农业']",2
西北农林科技大学,植物保护,['植物保护'],7
西北农林科技大学,制药工程,"['制药', '工程']",4
西北农林科技大学,园艺(园艺类),"['园艺', '(', '园艺', '类', ')']",14
西北农林科技大学,设施农业科学与工程,"['设施', '农业', '科学', '与', '工程']",2
西北农林科技大学,智慧牧业科学与工程,"['智慧', '牧业', '科学', '与', '工程']",6
西北农林科技大学,草业科学,"['草业', '科学']",9
西北农林科技大学,动物医学类,"['动物', '医学类']",16
西北农林科技大学,林学类,"['林学', '类']",6
西北农林科技大学,智慧林业,"['智慧', '林业']",4
西北农林科技大学,园林,['园林'],3
西北农林科技大学,风景园林,['风景园林'],4
西北农林科技大学,城乡规划,['城乡规划'],4
西北农林科技大学,资源环境科学,"['资源', '环境', '科学']",4
西北农林科技大学,环境科学与工程类,"['环境', '科学', '与', '工程', '类']",2
西北农林科技大学,水利类,"['水利', '类']",17
西北农林科技大学,电气工程及其自动化,"['电气工程', '及其', '自动化']",4
西北农林科技大学,智慧水利,"['智慧', '水利']",4
西北农林科技大学,机械类,['机械类'],21
西北农林科技大学,农业智能装备工程,"['农业', '智能', '装备', '工程']",3
西北农林科技大学,电子信息工程,"['电子', '信息工程']",4
西北农林科技大学,食品营养与健康(卓越班),"['食品', '营养', '与', '健康', '(', '卓越', '班', ')']",6
西北农林科技大学,葡萄与葡萄酒工程,"['葡萄', '与', '葡萄酒', '工程']",16
西北农林科技大学,生物科学类,"['生物科学', '类']",28
西北农林科技大学,信息与计算科学,"['信息', '与', '计算', '科学']",3
西北农林科技大学,光电信息科学与工程,"['光电', '信息科学', '与', '工程']",4
西北农林科技大学,工商管理类,"['工商管理', '类']",9
西北农林科技大学,经济学类,"['经济学', '类']",7
西北农林科技大学,经济学(基础拔尖培养班),"['经济学', '(', '基础', '拔尖', '培养', '班', ')']",2
西北农林科技大学,植物生产类(卓越班),"['植物', '生产', '类', '(', '卓越', '班', ')']",12
西北农林科技大学,环境科学与工程类(卓越班),"['环境', '科学', '与', '工程', '类', '(', '卓越', '班', ')']",4
西北农林科技大学,水利类(卓越班),"['水利', '类', '(', '卓越', '班', ')']",5
西北农林科技大学,农林经济管理(卓越班),"['农林', '经济', '管理', '(', '卓越', '班', ')']",4
西北农林科技大学,农业机械化及其自动化,"['农业', '机械化', '及其', '自动化']",4
西北农林科技大学,农学(农学类),"['农学', '(', '农学', '类', ')']",11
西北农林科技大学,动物科学(动物类),"['动物', '科学', '(', '动物类', ')']",16
西北农林科技大学,林业工程类,"['林业', '工程', '类']",5
西北农林科技大学,水土保持与荒漠化防治,"['水土保持', '与', '荒漠化', '防治']",3
西北农林科技大学,地理信息科学,"['地理信息', '科学']",3
西北农林科技大学,土木工程,['土木工程'],2
西北农林科技大学,计算机类,"['计算机', '类']",28
西北农林科技大学,食品科学与工程类,"['食品科学', '与', '工程', '类']",19
西北农林科技大学,化学类,"['化学', '类']",6
西北农林科技大学,环境科学(中外合作办学),"['环境', '科学', '(', '中外合作', '办学', ')']",9
西北农林科技大学,食品科学与工程(中外合作办学),"['食品科学', '与', '工程', '(', '中外合作', '办学', ')']",5
陕西中医药大学,临床医学,['临床医学'],3
陕西中医药大学,预防医学,"['预防', '医学']",2
陕西中医药大学,中医学,['中医学'],3
陕西中医药大学,中西医临床医学,"['中西医', '临床医学']",2
陕西师范大学,哲学(新文科班),"['哲学', '(', '新', '文科班', ')']",4
陕西师范大学,经济学类,"['经济学', '类']",5
陕西师范大学,社会学,['社会学'],5
陕西师范大学,教育学类,"['教育学', '类']",6
陕西师范大学,新闻传播学类,"['新闻', '传播学', '类']",2
陕西师范大学,生物科学类,"['生物科学', '类']",10
陕西师范大学,计算机类,"['计算机', '类']",10
陕西师范大学,公共管理类,"['公共', '管理', '类']",12
陕西师范大学,外国语言文学类(英语),"['外国', '语言', '文学类', '(', '英语', ')']",3
陕西师范大学,历史学类,"['历史学', '类']",9
陕西师范大学,物理学类,"['物理学', '类']",9
陕西师范大学,食品科学与工程类,"['食品科学', '与', '工程', '类']",9
延安大学,社会工作,['社会工作'],5
延安大学,日语,['日语'],5
延安大学,数学与应用数学(师范类),"['数学', '与', '应用', '数学', '(', '师范类', ')']",2
延安大学,信息与计算科学,"['信息', '与', '计算', '科学']",4
延安大学,计算机科学与技术,"['计算机科学', '与', '技术']",2
延安大学,软件工程,['软件工程'],4
延安大学,物联网工程,"['物', '联网', '工程']",4
延安大学,电子信息工程,"['电子', '信息工程']",2
延安大学,运动康复,"['运动', '康复']",2
延安大学,临床医学,['临床医学'],2
延安大学,护理学,['护理学'],2
陕西理工大学,学前教育(师范类),"['学前教育', '(', '师范类', ')']",1
陕西理工大学,历史学(师范类),"['历史学', '(', '师范类', ')']",1
陕西理工大学,数学与应用数学(师范类),"['数学', '与', '应用', '数学', '(', '师范类', ')']",1
陕西理工大学,测控技术与仪器,"['测控', '技术', '与', '仪器']",1
陕西理工大学,工商管理类,"['工商管理', '类']",2
陕西理工大学,物流管理,"['物流', '管理']",1
陕西理工大学,机械设计制造及其自动化(中外合作办学),"['机械设计', '制造', '及其', '自动化', '(', '中外合作', '办学', ')']",2
陕西理工大学,电气工程及其自动化(中外合作办学),"['电气工程', '及其', '自动化', '(', '中外合作', '办学', ')']",2
陕西理工大学,网络工程(中外合作办学),"['网络工程', '(', '中外合作', '办学', ')']",2
宝鸡文理学院,法学,['法学'],2
宝鸡文理学院,思想政治教育(师范类),"['思想', '政治', '教育', '(', '师范类', ')']",2
宝鸡文理学院,汉语言文学(师范类),"['汉语言', '文学', '(', '师范类', ')']",2
宝鸡文理学院,信息与计算科学,"['信息', '与', '计算', '科学']",2
宝鸡文理学院,物理学(师范类),"['物理学', '(', '师范类', ')']",2
宝鸡文理学院,化学(师范类),"['化学', '(', '师范类', ')']",3
宝鸡文理学院,地理科学(师范类),"['地理', '科学', '(', '师范类', ')']",4
宝鸡文理学院,机械设计制造及其自动化,"['机械设计', '制造', '及其', '自动化']",4
宝鸡文理学院,工业设计,"['工业', '设计']",3
宝鸡文理学院,智能制造工程,"['智能', '制造', '工程']",5
宝鸡文理学院,材料化学,"['材料', '化学']",4
宝鸡文理学院,电气工程及其自动化,"['电气工程', '及其', '自动化']",5
宝鸡文理学院,电子信息类,"['电子信息', '类']",4
宝鸡文理学院,电子科学与技术,"['电子', '科学', '与', '技术']",3
宝鸡文理学院,人工智能,['人工智能'],4
宝鸡文理学院,自动化类,"['自动化', '类']",3
宝鸡文理学院,计算机类,"['计算机', '类']",5
宝鸡文理学院,给排水科学与工程,"['给排水', '科学', '与', '工程']",2
宝鸡文理学院,测绘工程,"['测绘', '工程']",2
宝鸡文理学院,化学工程与工艺,"['化学工程', '与', '工艺']",3
宝鸡文理学院,制药工程,"['制药', '工程']",3
宝鸡文理学院,环境工程,['环境工程'],3
宝鸡文理学院,会计学,['会计学'],5
咸阳师范学院,思想政治教育(师范类),"['思想', '政治', '教育', '(', '师范类', ')']",3
咸阳师范学院,汉语言文学(师范类),"['汉语言', '文学', '(', '师范类', ')']",2
咸阳师范学院,文物与博物馆学,"['文物', '与', '博物馆学']",2
咸阳师范学院,物理学(师范类),"['物理学', '(', '师范类', ')']",6
咸阳师范学院,化学(师范类),"['化学', '(', '师范类', ')']",2
咸阳师范学院,学前教育(中外合作办学)(师范类),"['学前教育', '(', '中外合作', '办学', ')', '(', '师范类', ')']",3
渭南师范学院,数学与应用数学(师范类),"['数学', '与', '应用', '数学', '(', '师范类', ')']",6
渭南师范学院,会计学,['会计学'],6
渭南师范学院,财务管理,['财务管理'],6
渭南师范学院,学前教育(中外合作办学)(师范类),"['学前教育', '(', '中外合作', '办学', ')', '(', '师范类', ')']",6
西安外国语大学,经济学,['经济学'],2
西安外国语大学,金融学,['金融学'],3
西安外国语大学,国际经济与贸易,"['国际', '经济', '与', '贸易']",2
西安外国语大学,汉语言文学,"['汉语言', '文学']",2
西安外国语大学,英语,['英语'],12
西安外国语大学,德语,['德语'],3
西安外国语大学,法语,['法语'],1
西安外国语大学,西班牙语,['西班牙语'],1
西安外国语大学,翻译,['翻译'],4
西安外国语大学,商务英语,['商务英语'],2
西安外国语大学,新闻学,['新闻学'],1
西北政法大学,哲学,['哲学'],3
西北政法大学,社会工作,['社会工作'],1
西北政法大学,经济学类,"['经济学', '类']",9
西北政法大学,法学(民商法),"['法学', '(', '民商法', ')']",7
西北政法大学,法学(经济法),"['法学', '(', '经济法', ')']",6
西北政法大学,法学(刑事法),"['法学', '(', '刑事法', ')']",4
西北政法大学,法学(行政法),"['法学', '(', '行政法', ')']",5
西北政法大学,法学(国际法),"['法学', '(', '国际法', ')']",5
西北政法大学,法学(反恐怖主义法),"['法学', '(', '反', '恐怖主义', '法', ')']",1
西北政法大学,法学(公共安全法),"['法学', '(', '公共', '安全法', ')']",3
西北政法大学,政治学与行政学,"['政治学', '与', '行政', '学']",2
西北政法大学,英语,['英语'],1
西北政法大学,电子商务及法律,"['电子商务', '及', '法律']",2
西北政法大学,新闻学,['新闻学'],1
西北政法大学,网络与新媒体,"['网络', '与', '新', '媒体']",1
西北政法大学,工商管理类,"['工商管理', '类']",5
西北政法大学,行政管理,"['行政', '管理']",1
西北政法大学,国际政治,"['国际', '政治']",1
西安体育学院,康复治疗学,"['康复', '治疗学']",2
西安体育学院,体育旅游,"['体育', '旅游']",2
兰州大学,汉语言文学,"['汉语言', '文学']",9
兰州大学,英语,['英语'],7
兰州大学,新闻传播学类,"['新闻', '传播学', '类']",6
兰州大学,历史学类,"['历史学', '类']",9
兰州大学,经济学类,"['经济学', '类']",10
兰州大学,数学类,"['数学', '类']",10
兰州大学,大气科学类,"['大气', '科学', '类']",10
兰州大学,生物科学类,"['生物科学', '类']",8
兰州大学,理论与应用力学(基地班),"['理论', '与', '应用力学', '(', '基地', '班', ')']",8
兰州大学,电子信息类,"['电子信息', '类']",9
兰州大学,计算机类,"['计算机', '类']",7
兰州大学,化工与制药类,"['化工', '与', '制药', '类']",6
兰州大学,临床医学类,"['临床', '医学类']",20
兰州大学,口腔医学,['口腔医学'],11
兰州大学,工商管理类,"['工商管理', '类']",10
兰州大学,物理学类,"['物理学', '类']",24
兰州大学,化学类,"['化学', '类']",10
兰州大学,计算机科学与技术(中外合作办学)(数据科学方向),"['计算机科学', '与', '技术', '(', '中外合作', '办学', ')', '(', '数据', '科学', '方向', ')']",26
兰州理工大学,国际经济与贸易,"['国际', '经济', '与', '贸易']",2
兰州理工大学,法学,['法学'],2
兰州理工大学,知识产权,['知识产权'],4
兰州理工大学,汉语言文学,"['汉语言', '文学']",3
兰州理工大学,英语,['英语'],4
兰州理工大学,俄语,['俄语'],4
兰州理工大学,日语,['日语'],4
兰州理工大学,应用化学,['应用化学'],2
兰州理工大学,机械设计制造及其自动化,"['机械设计', '制造', '及其', '自动化']",2
兰州理工大学,材料成型及控制工程,"['材料', '成型', '及', '控制工程']",2
兰州理工大学,过程装备与控制工程,"['过程', '装备', '与', '控制工程']",2
兰州理工大学,智能制造工程,"['智能', '制造', '工程']",6
兰州理工大学,测控技术与仪器,"['测控', '技术', '与', '仪器']",4
兰州理工大学,冶金工程,"['冶金', '工程']",4
兰州理工大学,金属材料工程,"['金属材料', '工程']",2
兰州理工大学,无机非金属材料工程,"['无机', '非金属材料', '工程']",2
兰州理工大学,焊接技术与工程,"['焊接', '技术', '与', '工程']",2
兰州理工大学,功能材料,"['功能', '材料']",2
兰州理工大学,能源与动力工程,"['能源', '与', '动力工程']",2
兰州理工大学,电气工程及其自动化,"['电气工程', '及其', '自动化']",2
兰州理工大学,通信工程,['通信工程'],2
兰州理工大学,微电子科学与工程,"['微电子', '科学', '与', '工程']",2
兰州理工大学,电子信息科学与技术,"['电子信息', '科学', '与', '技术']",2
兰州理工大学,自动化,['自动化'],2
兰州理工大学,机器人工程,"['机器人', '工程']",4
兰州理工大学,计算机科学与技术,"['计算机科学', '与', '技术']",4
兰州理工大学,软件工程,['软件工程'],2
兰州理工大学,物联网工程,"['物', '联网', '工程']",2
兰州理工大学,数据科学与大数据技术,"['数据', '科学', '与', '大', '数据', '技术']",2
兰州理工大学,网络空间安全,"['网络空间', '安全']",2
兰州理工大学,土木工程,['土木工程'],3
兰州理工大学,建筑环境与能源应用工程,"['建筑', '环境', '与', '能源', '应用', '工程']",2
兰州理工大学,给排水科学与工程,"['给排水', '科学', '与', '工程']",4
兰州理工大学,道路桥梁与渡河工程,"['道路', '桥梁', '与', '渡河', '工程']",2
兰州理工大学,水利水电工程,"['水利水电', '工程']",2
兰州理工大学,测绘工程,"['测绘', '工程']",3
兰州理工大学,化学工程与工艺,"['化学工程', '与', '工艺']",2
兰州理工大学,油气储运工程,"['油气', '储运', '工程']",3
兰州理工大学,环境工程,['环境工程'],4
兰州理工大学,安全工程,['安全工程'],2
兰州理工大学,生物工程,['生物工程'],3
兰州理工大学,工程管理,"['工程', '管理']",3
兰州理工大学,市场营销,['市场营销'],2
兰州理工大学,会计学,['会计学'],5
兰州理工大学,工业工程,"['工业', '工程']",2
兰州交通大学,交通运输,['交通运输'],6
兰州交通大学,信息管理与信息系统,"['信息管理', '与', '信息系统']",2
兰州交通大学,物流管理,"['物流', '管理']",2
兰州交通大学,环境科学,"['环境', '科学']",2
兰州交通大学,建筑环境与能源应用工程,"['建筑', '环境', '与', '能源', '应用', '工程']",2
兰州交通大学,给排水科学与工程,"['给排水', '科学', '与', '工程']",3
兰州交通大学,环境工程,['环境工程'],2
兰州交通大学,土木工程,['土木工程'],3
兰州交通大学,土木工程(卓越计划班),"['土木工程', '(', '卓越', '计划', '班', ')']",2
兰州交通大学,工程造价,['工程造价'],2
兰州交通大学,水利水电工程,"['水利水电', '工程']",2
兰州交通大学,工程力学,['工程力学'],2
兰州交通大学,铁道工程,"['铁道', '工程']",2
兰州交通大学,机械设计制造及其自动化,"['机械设计', '制造', '及其', '自动化']",3
兰州交通大学,车辆工程,"['车辆', '工程']",8
兰州交通大学,车辆工程(卓越计划班),"['车辆', '工程', '(', '卓越', '计划', '班', ')']",2
兰州交通大学,能源与动力工程,"['能源', '与', '动力工程']",2
兰州交通大学,信息与计算科学,"['信息', '与', '计算', '科学']",2
兰州交通大学,市场营销,['市场营销'],1
兰州交通大学,会计学,['会计学'],1
兰州交通大学,财务管理,['财务管理'],1
兰州交通大学,英语,['英语'],1
兰州交通大学,法语,['法语'],1
兰州交通大学,西班牙语,['西班牙语'],1
兰州交通大学,葡萄牙语,['葡萄牙语'],1
兰州交通大学,应用化学,['应用化学'],2
兰州交通大学,过程装备与控制工程,"['过程', '装备', '与', '控制工程']",2
兰州交通大学,建筑学,['建筑学'],2
兰州交通大学,电气工程及其自动化,"['电气工程', '及其', '自动化']",5
兰州交通大学,电气工程及其自动化(卓越计划班),"['电气工程', '及其', '自动化', '(', '卓越', '计划', '班', ')']",2
兰州交通大学,自动化,['自动化'],2
兰州交通大学,轨道交通信号与控制,"['轨道交通', '信号', '与', '控制']",4
兰州交通大学,通信工程,['通信工程'],3
兰州交通大学,计算机科学与技术,"['计算机科学', '与', '技术']",2
兰州交通大学,电子科学与技术,"['电子', '科学', '与', '技术']",2
兰州交通大学,地理信息科学,"['地理信息', '科学']",2
兰州交通大学,材料科学与工程,"['材料科学', '与', '工程']",2
兰州交通大学,材料成型及控制工程,"['材料', '成型', '及', '控制工程']",2
兰州交通大学,生物制药,['生物制药'],2
兰州交通大学,数据科学与大数据技术,"['数据', '科学', '与', '大', '数据', '技术']",2
甘肃农业大学,农学,['农学'],10
甘肃农业大学,草业科学,"['草业', '科学']",5
甘肃农业大学,农林经济管理(基地班),"['农林', '经济', '管理', '(', '基地', '班', ')']",5
甘肃农业大学,车辆工程,"['车辆', '工程']",6
甘肃农业大学,林学,['林学'],5
甘肃农业大学,园林,['园林'],6
甘肃农业大学,水土保持与荒漠化防治,"['水土保持', '与', '荒漠化', '防治']",5
甘肃农业大学,风景园林,['风景园林'],8
甘肃农业大学,生物工程,['生物工程'],5
甘肃农业大学,生物技术,"['生物', '技术']",8
甘肃农业大学,园艺,['园艺'],7
甘肃农业大学,设施农业科学与工程,"['设施', '农业', '科学', '与', '工程']",7
甘肃农业大学,植物保护,['植物保护'],9
甘肃农业大学,汉语言文学,"['汉语言', '文学']",5
甘肃农业大学,材料化学,"['材料', '化学']",5
甘肃农业大学,应用统计学,"['应用', '统计学']",5
甘肃中医药大学,中医学(5+3一体化),"['中医学', '(', '5', '+', '3', '一体化', ')']",3
甘肃中医药大学,中医学,['中医学'],1
甘肃中医药大学,中医骨伤科学,"['中医', '骨伤', '科学']",1
甘肃中医药大学,中西医临床医学,"['中西医', '临床医学']",2
甘肃中医药大学,针灸推拿学,"['针灸', '推拿学']",1
甘肃中医药大学,中医康复学,"['中医', '康复', '学']",2
甘肃中医药大学,康复治疗学,"['康复', '治疗学']",1
甘肃中医药大学,临床医学,['临床医学'],2
甘肃中医药大学,医学影像学,"['医学', '影像学']",2
甘肃中医药大学,预防医学,"['预防', '医学']",2
甘肃中医药大学,中药学,['中药学'],2
甘肃中医药大学,中草药栽培与鉴定,"['中草药', '栽培', '与', '鉴定']",1
甘肃中医药大学,中药资源与开发,"['中药', '资源', '与', '开发']",1
甘肃中医药大学,药学,['药学'],1
甘肃中医药大学,中药制药,"['中药', '制药']",2
甘肃中医药大学,健康服务与管理,"['健康', '服务', '与', '管理']",2
甘肃中医药大学,国际经济与贸易,"['国际', '经济', '与', '贸易']",2
甘肃中医药大学,医疗保险,['医疗保险'],2
甘肃中医药大学,公共事业管理,"['公共事业', '管理']",2
甘肃中医药大学,应用心理学,"['应用', '心理学']",2
甘肃中医药大学,运动康复,"['运动', '康复']",2
甘肃中医药大学,食品质量与安全,"['食品质量', '与', '安全']",2
甘肃中医药大学,汉语言文学,"['汉语言', '文学']",2
甘肃中医药大学,护理学,['护理学'],2
甘肃中医药大学,医学检验技术,"['医学', '检验', '技术']",1
甘肃中医药大学,卫生检验与检疫,"['卫生', '检验', '与', '检疫']",1
甘肃中医药大学,医学信息工程,"['医学', '信息工程']",2
甘肃中医药大学,软件工程,['软件工程'],2
甘肃中医药大学,助产学,"['助产', '学']",1
西北师范大学,新闻学,['新闻学'],3
西北师范大学,地理信息科学,"['地理信息', '科学']",2
西北师范大学,环境工程,['环境工程'],2
西北师范大学,法学,['法学'],2
西北师范大学,汉语国际教育(师范类),"['汉语', '国际', '教育', '(', '师范类', ')']",2
西北师范大学,材料科学与工程,"['材料科学', '与', '工程']",2
西北师范大学,计算机科学与技术(师范类),"['计算机科学', '与', '技术', '(', '师范类', ')']",2
西北师范大学,软件工程,['软件工程'],5
西北师范大学,教育技术学(师范类),"['教育', '技术', '学', '(', '师范类', ')']",2
西北师范大学,数字媒体艺术,"['数字', '媒体', '艺术']",2
西北师范大学,学前教育(师范类),"['学前教育', '(', '师范类', ')']",2
西北师范大学,经济统计学,"['经济', '统计学']",2
西北师范大学,旅游管理,"['旅游', '管理']",2
西北师范大学,生物技术,"['生物', '技术']",2
西北师范大学,制药工程,"['制药', '工程']",2
西北师范大学,数学与应用数学(师范类),"['数学', '与', '应用', '数学', '(', '师范类', ')']",3
西北师范大学,统计学,['统计学'],2
西北师范大学,信息与计算科学,"['信息', '与', '计算', '科学']",2
西北师范大学,阿拉伯语,['阿拉伯语'],2
西北师范大学,朝鲜语,['朝鲜语'],2
西北师范大学,俄语(师范类),"['俄语', '(', '师范类', ')']",2
西北师范大学,翻译,['翻译'],2
西北师范大学,英语(师范类),"['英语', '(', '师范类', ')']",4
西北师范大学,汉语言文学(师范类),"['汉语言', '文学', '(', '师范类', ')']",2
西北师范大学,秘书学,['秘书学'],2
西北师范大学,材料物理,"['材料', '物理']",1
西北师范大学,电气工程及其自动化,"['电气工程', '及其', '自动化']",2
西北师范大学,物理学(师范类),"['物理学', '(', '师范类', ')']",2
西北师范大学,社会学类,"['社会学', '类']",2
西北师范大学,化学(中外合作办学),"['化学', '(', '中外合作', '办学', ')']",8
兰州城市学院,数学与应用数学(师范类),"['数学', '与', '应用', '数学', '(', '师范类', ')']",3
兰州城市学院,城乡规划,['城乡规划'],2
兰州城市学院,环境工程,['环境工程'],3
兰州城市学院,汉语言文学(师范类),"['汉语言', '文学', '(', '师范类', ')']",3
兰州城市学院,经济学,['经济学'],2
兰州城市学院,审计学,['审计学'],2
兰州城市学院,油气储运工程,"['油气', '储运', '工程']",2
兰州城市学院,石油工程,"['石油', '工程']",3
兰州城市学院,机械设计制造及其自动化,"['机械设计', '制造', '及其', '自动化']",2
兰州城市学院,焊接技术与工程,"['焊接', '技术', '与', '工程']",3
兰州城市学院,英语(师范类),"['英语', '(', '师范类', ')']",3
兰州城市学院,汉语国际教育(师范类),"['汉语', '国际', '教育', '(', '师范类', ')']",2
陇东学院,经济学,['经济学'],3
陇东学院,文物与博物馆学,"['文物', '与', '博物馆学']",3
陇东学院,人文地理与城乡规划,"['人文地理', '与', '城乡规划']",2
陇东学院,网络工程(云计算开发与运维方向),"['网络工程', '(', '云', '计算', '开发', '与', '运维', '方向', ')']",4
陇东学院,食品科学与工程,"['食品科学', '与', '工程']",2
陇东学院,安全工程,['安全工程'],4
陇东学院,生物制药,['生物制药'],4
陇东学院,过程装备与控制工程,"['过程', '装备', '与', '控制工程']",2
陇东学院,汉语言文学(师范类),"['汉语言', '文学', '(', '师范类', ')']",2
陇东学院,机械类,['机械类'],3
陇东学院,采矿工程,['采矿工程'],3
天水师范学院,汉语言文学(师范类),"['汉语言', '文学', '(', '师范类', ')']",4
天水师范学院,工商管理类,"['工商管理', '类']",4
天水师范学院,地理科学(师范类),"['地理', '科学', '(', '师范类', ')']",4
天水师范学院,商务英语,['商务英语'],4
天水师范学院,数学与应用数学(师范类),"['数学', '与', '应用', '数学', '(', '师范类', ')']",4
天水师范学院,化学(师范类),"['化学', '(', '师范类', ')']",4
天水师范学院,化学工程与工艺,"['化学工程', '与', '工艺']",4
河西学院,法学,['法学'],2
河西学院,经济学,['经济学'],2
河西学院,会计学,['会计学'],2
河西学院,农学,['农学'],2
河西学院,食品科学与工程,"['食品科学', '与', '工程']",2
河西学院,葡萄与葡萄酒工程,"['葡萄', '与', '葡萄酒', '工程']",4
河西学院,生物工程,['生物工程'],2
河西学院,农业水利工程,"['农业', '水利工程']",2
河西学院,工程管理,"['工程', '管理']",2
河西学院,英语(师范类),"['英语', '(', '师范类', ')']",2
河西学院,汉语言文学(师范类),"['汉语言', '文学', '(', '师范类', ')']",2
河西学院,机械设计制造及其自动化,"['机械设计', '制造', '及其', '自动化']",3
河西学院,能源与动力工程,"['能源', '与', '动力工程']",2
河西学院,网络与新媒体,"['网络', '与', '新', '媒体']",2
河西学院,网络工程,['网络工程'],2
兰州财经大学,财政学,['财政学'],2
兰州财经大学,税收学,"['税收', '学']",2
兰州财经大学,金融学,['金融学'],2
兰州财经大学,投资学,"['投资', '学']",2
兰州财经大学,信用管理,"['信用', '管理']",2
兰州财经大学,国际经济与贸易,"['国际', '经济', '与', '贸易']",2
兰州财经大学,贸易经济,"['贸易', '经济']",2
兰州财经大学,法学,['法学'],2
兰州财经大学,英语,['英语'],2
兰州财经大学,网络与新媒体,"['网络', '与', '新', '媒体']",2
兰州财经大学,统计学,['统计学'],3
兰州财经大学,房地产开发与管理,"['房地产', '开发', '与', '管理']",2
兰州财经大学,工商管理,['工商管理'],2
兰州财经大学,会计学,['会计学'],3
兰州财经大学,财务管理,['财务管理'],2
兰州财经大学,国际商务,"['国际', '商务']",2
兰州财经大学,农林经济管理,"['农林', '经济', '管理']",2
兰州财经大学,公共事业管理,"['公共事业', '管理']",2
兰州财经大学,物流管理,"['物流', '管理']",2
兰州财经大学,电子商务,['电子商务'],2
兰州财经大学,旅游管理,"['旅游', '管理']",2
兰州财经大学,资产评估,"['资产', '评估']",2
兰州财经大学,审计学,['审计学'],2
兰州财经大学,经济学,['经济学'],2
兰州财经大学,信息管理与信息系统,"['信息管理', '与', '信息系统']",3
兰州财经大学,社会工作,['社会工作'],2
兰州财经大学,人文地理与城乡规划,"['人文地理', '与', '城乡规划']",2
兰州财经大学,计算机科学与技术,"['计算机科学', '与', '技术']",3
兰州财经大学,汉语国际教育,"['汉语', '国际', '教育']",2
兰州财经大学,新闻学,['新闻学'],2
兰州财经大学,保险学,['保险学'],2
兰州财经大学,应用统计学,"['应用', '统计学']",3
兰州财经大学,商务英语,['商务英语'],2
兰州财经大学,知识产权,['知识产权'],2
兰州财经大学,广告学,['广告学'],2
兰州财经大学,汉语言文学,"['汉语言', '文学']",2
兰州财经大学,经济统计学,"['经济', '统计学']",3
兰州财经大学,互联网金融,"['互联网', '金融']",2
兰州财经大学,数据科学与大数据技术,"['数据', '科学', '与', '大', '数据', '技术']",3
兰州财经大学,电子信息工程,"['电子', '信息工程']",3
兰州财经大学,地理信息科学,"['地理信息', '科学']",2
兰州财经大学,智能科学与技术,"['智能科学', '与', '技术']",3
兰州财经大学,金融学(121中俄实验班),"['金融学', '(', '121', '中', '俄', '实验班', ')']",2
兰州财经大学,会计学(121中美实验班),"['会计学', '(', '121', '中美', '实验班', ')']",2
兰州财经大学,信息与计算科学,"['信息', '与', '计算', '科学']",3
西北民族大学,电子信息类,"['电子信息', '类']",6
西北民族大学,动物科学,"['动物', '科学']",3
西北民族大学,动物医学,"['动物', '医学']",3
西北民族大学,生物工程,['生物工程'],2
西北民族大学,食品科学与工程,"['食品科学', '与', '工程']",2
西北民族大学,计算机类,"['计算机', '类']",6
西北民族大学,土木工程,['土木工程'],6
西北民族大学,无机非金属材料工程,"['无机', '非金属材料', '工程']",3
西北民族大学,护理学,['护理学'],2
西北民族大学,财务管理,['财务管理'],4
西北民族大学,会计学,['会计学'],4
西北民族大学,金融学,['金融学'],3
西北民族大学,经济学,['经济学'],2
西北民族大学,法学,['法学'],2
西北民族大学,公共事业管理,"['公共事业', '管理']",2
西北民族大学,历史学,['历史学'],2
西北民族大学,社会学类,"['社会学', '类']",2
西北民族大学,英语,['英语'],2
西北民族大学,新闻传播学类,"['新闻', '传播学', '类']",4
西北民族大学,中国少数民族语言文学(零基础III),"['中国', '少数民族', '语言文学', '(', '零', '基础', 'III', ')']",2
西北民族大学,汉语言文学,"['汉语言', '文学']",2
青海大学,经济学,['经济学'],2
青海大学,临床医学,['临床医学'],6
青海大学,国际经济与贸易,"['国际', '经济', '与', '贸易']",6
青海大学,信息管理与信息系统,"['信息管理', '与', '信息系统']",9
青海大学,旅游管理,"['旅游', '管理']",10
青海大学,医学影像学,"['医学', '影像学']",1
青海大学,口腔医学,['口腔医学'],1
青海大学,预防医学,"['预防', '医学']",2
青海大学,中医学,['中医学'],1
青海大学,针灸推拿学,"['针灸', '推拿学']",1
青海大学,药学,['药学'],1
青海大学,中药学,['中药学'],2
青海大学,康复治疗学,"['康复', '治疗学']",1
青海大学,护理学,['护理学'],5
青海大学,食品科学与工程,"['食品科学', '与', '工程']",6
青海大学,动物科学,"['动物', '科学']",4
青海大学,动物医学,"['动物', '医学']",7
青海大学,林学,['林学'],1
青海大学,园林,['园林'],1
青海大学,应用化学,['应用化学'],8
青海大学,化学工程与工艺(卓越工程师),"['化学工程', '与', '工艺', '(', '卓越', '工程师', ')']",4
青海大学,能源化学工程,"['能源', '化学工程']",4
青海大学,环境工程,['环境工程'],6
青海大学,过程装备与控制工程,"['过程', '装备', '与', '控制工程']",7
青海大学,自动化,['自动化'],6
青海大学,电气工程及其自动化,"['电气工程', '及其', '自动化']",8
青海大学,土木工程,['土木工程'],12
青海大学,给排水科学与工程,"['给排水', '科学', '与', '工程']",6
青海大学,城乡规划,['城乡规划'],2
青海大学,工程管理,"['工程', '管理']",6
青海大学,生物技术,"['生物', '技术']",2
青海大学,环境科学,"['环境', '科学']",2
青海大学,生物工程,['生物工程'],4
青海大学,环境生态工程,"['环境', '生态', '工程']",4
青海大学,地质工程,"['地质', '工程']",2
青海大学,资源勘查工程,"['资源', '勘查', '工程']",2
青海大学,测绘工程,"['测绘', '工程']",6
青海大学,新能源材料与器件,"['新能源', '材料', '与', '器件']",8
青海大学,金融学,['金融学'],2
青海大学,植物保护,['植物保护'],2
青海大学,计算机科学与技术,"['计算机科学', '与', '技术']",9
青海大学,草业科学(卓越草业师),"['草业', '科学', '(', '卓越', '草', '业师', ')']",4
青海大学,冶金工程(卓越工程师),"['冶金', '工程', '(', '卓越', '工程师', ')']",2
青海大学,材料成型及控制工程,"['材料', '成型', '及', '控制工程']",6
青海大学,工商管理类,"['工商管理', '类']",6
青海大学,机械设计制造及其自动化,"['机械设计', '制造', '及其', '自动化']",14
青海大学,材料科学与工程,"['材料科学', '与', '工程']",8
青海大学,水利水电工程,"['水利水电', '工程']",12
青海大学,化工与制药类,"['化工', '与', '制药', '类']",6
青海大学,土木、水利与交通工程,"['土木', '、', '水利', '与', '交通', '工程']",2
青海大学,植物生产类,"['植物', '生产', '类']",4
青海大学,生物技术(高原生物菁英班),"['生物', '技术', '(', '高原', '生物', '菁英', '班', ')']",4
青海大学,生态学(高原生物菁英班),"['生态学', '(', '高原', '生物', '菁英', '班', ')']",2
青海师范大学,经济学,['经济学'],3
青海师范大学,金融学,['金融学'],2
青海师范大学,社会学,['社会学'],2
青海师范大学,教育技术学(师范类),"['教育', '技术', '学', '(', '师范类', ')']",3
青海师范大学,学前教育(师范类),"['学前教育', '(', '师范类', ')']",3
青海师范大学,小学教育(师范类，全科),"['小学', '教育', '(', '师范类', '，', '全科', ')']",3
青海师范大学,汉语言文学(师范类),"['汉语言', '文学', '(', '师范类', ')']",5
青海师范大学,英语(师范类),"['英语', '(', '师范类', ')']",5
青海师范大学,新闻学,['新闻学'],3
青海师范大学,历史学(师范类),"['历史学', '(', '师范类', ')']",4
青海师范大学,数学与应用数学(师范类),"['数学', '与', '应用', '数学', '(', '师范类', ')']",3
青海师范大学,物理学(师范类),"['物理学', '(', '师范类', ')']",5
青海师范大学,化学(师范类),"['化学', '(', '师范类', ')']",4
青海师范大学,地理科学(师范类),"['地理', '科学', '(', '师范类', ')']",3
青海师范大学,生物科学(师范类),"['生物科学', '(', '师范类', ')']",5
青海师范大学,生物技术,"['生物', '技术']",5
青海师范大学,生态学,['生态学'],5
青海师范大学,应用心理学,"['应用', '心理学']",3
青海师范大学,电子信息工程,"['电子', '信息工程']",3
青海师范大学,计算机科学与技术,"['计算机科学', '与', '技术']",3
青海师范大学,环境科学,"['环境', '科学']",2
青海师范大学,旅游管理,"['旅游', '管理']",2
青海师范大学,汉语言文学(师范类，赴北京师范大学珠海校区交流),"['汉语言', '文学', '(', '师范类', '，', '赴', '北京师范大学', '珠海', '校区', '交流', ')']",1
青海师范大学,统计学(赴南方科技大学交流),"['统计学', '(', '赴', '南方', '科技', '大学', '交流', ')']",3
青海民族大学,经济学,['经济学'],4
青海民族大学,社会工作,['社会工作'],4
青海民族大学,思想政治教育(师范类),"['思想', '政治', '教育', '(', '师范类', ')']",4
青海民族大学,小学教育(师范类，按语文培养),"['小学', '教育', '(', '师范类', '，', '按', '语文', '培养', ')']",2
青海民族大学,汉语言文学,"['汉语言', '文学']",2
青海民族大学,秘书学,['秘书学'],6
青海民族大学,英语(师范类),"['英语', '(', '师范类', ')']",4
青海民族大学,阿拉伯语,['阿拉伯语'],2
青海民族大学,化学(师范类),"['化学', '(', '师范类', ')']",2
青海民族大学,应用化学,['应用化学'],4
青海民族大学,生物科学,['生物科学'],2
青海民族大学,统计学,['统计学'],2
青海民族大学,能源与动力工程,"['能源', '与', '动力工程']",4
青海民族大学,通信工程,['通信工程'],2
青海民族大学,计算机科学与技术,"['计算机科学', '与', '技术']",2
青海民族大学,网络工程,['网络工程'],4
青海民族大学,水利水电工程,"['水利水电', '工程']",2
青海民族大学,化学工程与工艺,"['化学工程', '与', '工艺']",4
青海民族大学,旅游地学与规划工程,"['旅游', '地学', '与', '规划', '工程']",2
青海民族大学,交通运输,['交通运输'],2
青海民族大学,药物制剂,['药物制剂'],2
青海民族大学,信息管理与信息系统,"['信息管理', '与', '信息系统']",2
青海民族大学,财务管理,['财务管理'],4
青海民族大学,行政管理,"['行政', '管理']",2
青海民族大学,旅游管理,"['旅游', '管理']",6
青海民族大学,土地资源管理(中外合作办学),"['土地', '资源管理', '(', '中外合作', '办学', ')']",4
宁夏大学,汉语言文学(师范),"['汉语言', '文学', '(', '师范', ')']",3
宁夏大学,历史学(师范),"['历史学', '(', '师范', ')']",3
宁夏大学,新闻学(卓越新闻人才计划),"['新闻学', '(', '卓越', '新闻', '人才', '计划', ')']",4
宁夏大学,法学,['法学'],3
宁夏大学,行政管理,"['行政', '管理']",4
宁夏大学,思想政治教育(师范),"['思想', '政治', '教育', '(', '师范', ')']",3
宁夏大学,俄语,['俄语'],2
宁夏大学,英语(师范),"['英语', '(', '师范', ')']",4
宁夏大学,阿拉伯语,['阿拉伯语'],3
宁夏大学,工商管理类,"['工商管理', '类']",4
宁夏大学,农林经济管理,"['农林', '经济', '管理']",2
宁夏大学,学前教育(师范),"['学前教育', '(', '师范', ')']",2
宁夏大学,应用心理学(师范),"['应用', '心理学', '(', '师范', ')']",3
宁夏大学,工商管理(英国高等教育文凭项目),"['工商管理', '(', '英国', '高等教育', '文凭', '项目', ')']",5
宁夏大学,会计学(英国高等教育文凭项目),"['会计学', '(', '英国', '高等教育', '文凭', '项目', ')']",5
宁夏大学,物流管理,"['物流', '管理']",3
宁夏大学,数学类,"['数学', '类']",4
宁夏大学,数学与应用数学(基础拔尖人才培养班),"['数学', '与', '应用', '数学', '(', '基础', '拔尖', '人才培养', '班', ')']",4
宁夏大学,数学与应用数学(师范),"['数学', '与', '应用', '数学', '(', '师范', ')']",4
宁夏大学,电气工程及其自动化,"['电气工程', '及其', '自动化']",6
宁夏大学,电子信息类,"['电子信息', '类']",8
宁夏大学,物理学(基础拔尖人才培养班),"['物理学', '(', '基础', '拔尖', '人才培养', '班', ')']",4
宁夏大学,新能源材料与器件,"['新能源', '材料', '与', '器件']",4
宁夏大学,计算机类,"['计算机', '类']",8
宁夏大学,软件工程(与印度国家信息技术学院合作项目),"['软件工程', '(', '与', '印度', '国家', '信息技术', '学院', '合作项目', ')']",7
宁夏大学,化学(基础拔尖人才培养班),"['化学', '(', '基础', '拔尖', '人才培养', '班', ')']",3
宁夏大学,化学工程与工艺,"['化学工程', '与', '工艺']",5
宁夏大学,应用化学,['应用化学'],4
宁夏大学,生物科学(基础拔尖人才培养班),"['生物科学', '(', '基础', '拔尖', '人才培养', '班', ')']",4
宁夏大学,地理科学类,"['地理', '科学', '类']",4
宁夏大学,人文地理与城乡规划,"['人文地理', '与', '城乡规划']",2
宁夏大学,草业科学,"['草业', '科学']",3
宁夏大学,动物科学(卓越农林人才计划),"['动物', '科学', '(', '卓越', '农林', '人才', '计划', ')']",4
宁夏大学,动物医学,"['动物', '医学']",4
宁夏大学,农业资源与环境,"['农业', '资源', '与', '环境']",3
宁夏大学,林学类,"['林学', '类']",5
宁夏大学,植物生产类,"['植物', '生产', '类']",8
宁夏大学,葡萄与葡萄酒工程,"['葡萄', '与', '葡萄酒', '工程']",10
宁夏大学,食品科学与工程,"['食品科学', '与', '工程']",3
宁夏大学,机械类,['机械类'],6
宁夏大学,交通运输,['交通运输'],3
宁夏大学,工程管理,"['工程', '管理']",3
宁夏大学,建筑类,"['建筑', '类']",4
宁夏大学,教育技术学,"['教育', '技术', '学']",3
宁夏大学,机械工程(中外合作办学),"['机械工程', '(', '中外合作', '办学', ')']",6
宁夏医科大学,临床医学,['临床医学'],9
宁夏医科大学,麻醉学,['麻醉学'],1
宁夏医科大学,医学影像学,"['医学', '影像学']",1
宁夏医科大学,眼视光医学,"['眼视光', '医学']",1
宁夏医科大学,儿科学,['儿科学'],2
宁夏医科大学,医学检验技术,"['医学', '检验', '技术']",1
宁夏医科大学,临床医学,['临床医学'],1
宁夏医科大学,康复治疗学,"['康复', '治疗学']",1
宁夏医科大学,基础医学,['基础医学'],1
宁夏医科大学,口腔医学,['口腔医学'],2
宁夏医科大学,预防医学,"['预防', '医学']",4
宁夏医科大学,公共事业管理,"['公共事业', '管理']",1
宁夏医科大学,中医学,['中医学'],2
宁夏医科大学,针灸推拿学,"['针灸', '推拿学']",2
宁夏医科大学,中西医临床医学,"['中西医', '临床医学']",2
宁夏医科大学,护理学,['护理学'],2
宁夏医科大学,药学,['药学'],2
宁夏医科大学,临床药学,"['临床', '药学']",2
宁夏医科大学,中药学,['中药学'],2
宁夏医科大学,医学信息工程,"['医学', '信息工程']",1
宁夏师范学院,教育技术学(师范类),"['教育', '技术', '学', '(', '师范类', ')']",2
宁夏师范学院,小学教育(师范类),"['小学', '教育', '(', '师范类', ')']",2
宁夏师范学院,历史学(师范类),"['历史学', '(', '师范类', ')']",2
宁夏师范学院,数学与应用数学(师范类),"['数学', '与', '应用', '数学', '(', '师范类', ')']",3
宁夏师范学院,化学(师范类),"['化学', '(', '师范类', ')']",2
宁夏师范学院,应用化学(非师范),"['应用化学', '(', '非', '师范', ')']",2
宁夏师范学院,统计学(非师范),"['统计学', '(', '非', '师范', ')']",3
宁夏师范学院,电气工程及其自动化(非师范),"['电气工程', '及其', '自动化', '(', '非', '师范', ')']",4
宁夏师范学院,化学工程与工艺(非师范),"['化学工程', '与', '工艺', '(', '非', '师范', ')']",4
宁夏师范学院,翻译(非师范),"['翻译', '(', '非', '师范', ')']",5
宁夏师范学院,电子科学与技术(非师范),"['电子', '科学', '与', '技术', '(', '非', '师范', ')']",3
新疆大学,思想政治教育,"['思想', '政治', '教育']",3
新疆大学,政治学与行政学,"['政治学', '与', '行政', '学']",3
新疆大学,英语,['英语'],4
新疆大学,生态学,['生态学'],8
新疆大学,工业工程,"['工业', '工程']",2
新疆大学,服装设计与工程,"['服装设计', '与', '工程']",2
新疆大学,国际政治,"['国际', '政治']",3
新疆大学,材料科学与工程,"['材料科学', '与', '工程']",2
新疆大学,城乡规划,['城乡规划'],2
新疆大学,行政管理,"['行政', '管理']",3
新疆大学,俄语,['俄语'],3
新疆大学,数据科学与大数据技术,"['数据', '科学', '与', '大', '数据', '技术']",4
新疆大学,过程装备与控制工程,"['过程', '装备', '与', '控制工程']",5
新疆大学,水文与水资源工程,"['水文', '与', '水资源', '工程']",4
新疆大学,能源与动力工程,"['能源', '与', '动力工程']",2
新疆大学,测绘工程,"['测绘', '工程']",3
新疆大学,纺织工程,"['纺织', '工程']",7
新疆大学,劳动与社会保障,"['劳动', '与', '社会保障']",4
新疆大学,历史学,['历史学'],2
新疆大学,能源化学工程,"['能源', '化学工程']",2
新疆大学,环境科学,"['环境', '科学']",4
新疆大学,网络空间安全,"['网络空间', '安全']",2
新疆大学,机器人工程,"['机器人', '工程']",7
新疆大学,资源勘查工程,"['资源', '勘查', '工程']",8
新疆大学,社会学,['社会学'],4
新疆大学,经济学,['经济学'],2
新疆大学,俄语,['俄语'],2
新疆大学,生物工程,['生物工程'],4
新疆大学,金融学,['金融学'],3
新疆大学,国际经济与贸易,"['国际', '经济', '与', '贸易']",3
新疆大学,工商管理类,"['工商管理', '类']",7
新疆大学,新闻传播学类,"['新闻', '传播学', '类']",6
新疆大学,物理学,['物理学'],6
新疆大学,高分子材料与工程,"['高分子', '材料', '与', '工程']",5
新疆大学,遥感科学与技术,"['遥感', '科学', '与', '技术']",4
新疆大学,机械类,['机械类'],16
新疆大学,工程管理,"['工程', '管理']",3
新疆大学,物流管理,"['物流', '管理']",2
新疆大学,汉语国际教育,"['汉语', '国际', '教育']",3
新疆大学,数学与应用数学,"['数学', '与', '应用', '数学']",6
新疆大学,化学,['化学'],6
新疆大学,生物科学,['生物科学'],8
新疆大学,自然地理与资源环境,"['自然地理', '与', '资源', '环境']",2
新疆大学,通信工程,['通信工程'],3
新疆大学,机械类(智能制造技术方向),"['机械类', '(', '智能', '制造', '技术', '方向', ')']",3
新疆大学,自动化,['自动化'],8
新疆大学,土木工程,['土木工程'],11
新疆大学,给排水科学与工程,"['给排水', '科学', '与', '工程']",4
新疆大学,法学,['法学'],5
新疆大学,食品科学与工程,"['食品科学', '与', '工程']",4
新疆大学,信息安全,['信息安全'],4
新疆大学,交通工程,"['交通', '工程']",6
新疆大学,旅游管理,"['旅游', '管理']",4
新疆大学,化学工程与工艺,"['化学工程', '与', '工艺']",6
新疆大学,计算机科学与技术,"['计算机科学', '与', '技术']",6
新疆大学,建筑学,['建筑学'],3
新疆大学,汉语言文学,"['汉语言', '文学']",9
新疆大学,考古学,['考古学'],3
新疆大学,统计学,['统计学'],4
新疆大学,地理信息科学,"['地理信息', '科学']",5
新疆大学,电子信息工程,"['电子', '信息工程']",5
新疆大学,电气工程及其自动化,"['电气工程', '及其', '自动化']",6
新疆大学,建筑环境与能源应用工程,"['建筑', '环境', '与', '能源', '应用', '工程']",3
新疆大学,地质工程,"['地质', '工程']",5
新疆大学,采矿工程,['采矿工程'],7
新疆大学,软件工程,['软件工程'],59
新疆大学,信息与计算科学,"['信息', '与', '计算', '科学']",4
新疆大学,酒店管理,"['酒店', '管理']",4
新疆大学,机械类,['机械类'],1
塔里木大学,农学,['农学'],11
塔里木大学,植物保护,['植物保护'],10
塔里木大学,农业资源与环境,"['农业', '资源', '与', '环境']",10
塔里木大学,种子科学与工程,"['种子', '科学', '与', '工程']",8
塔里木大学,农药化肥,"['农药', '化肥']",5
塔里木大学,园艺,['园艺'],10
塔里木大学,园林,['园林'],13
塔里木大学,设施农业科学与工程,"['设施', '农业', '科学', '与', '工程']",3
塔里木大学,智慧农业,"['智慧', '农业']",6
塔里木大学,动物科学,"['动物', '科学']",12
塔里木大学,动物医学,"['动物', '医学']",18
塔里木大学,生物制药,['生物制药'],5
塔里木大学,应用化学,['应用化学'],12
塔里木大学,化学(师范类),"['化学', '(', '师范类', ')']",2
塔里木大学,材料科学与工程,"['材料科学', '与', '工程']",8
塔里木大学,食品质量与安全,"['食品质量', '与', '安全']",13
塔里木大学,农业水利工程,"['农业', '水利工程']",10
塔里木大学,水利水电工程,"['水利水电', '工程']",5
塔里木大学,土木工程,['土木工程'],10
塔里木大学,给排水科学与工程,"['给排水', '科学', '与', '工程']",5
塔里木大学,测绘工程,"['测绘', '工程']",10
塔里木大学,机械设计制造及其自动化,"['机械设计', '制造', '及其', '自动化']",10
塔里木大学,车辆工程,"['车辆', '工程']",5
塔里木大学,电气工程及其自动化,"['电气工程', '及其', '自动化']",15
塔里木大学,自动化,['自动化'],8
塔里木大学,物理学(师范类),"['物理学', '(', '师范类', ')']",2
塔里木大学,计算机科学与技术,"['计算机科学', '与', '技术']",18
塔里木大学,物联网工程,"['物', '联网', '工程']",5
塔里木大学,通信工程,['通信工程'],10
塔里木大学,网络空间安全,"['网络空间', '安全']",4
塔里木大学,数学与应用数学(师范类),"['数学', '与', '应用', '数学', '(', '师范类', ')']",5
塔里木大学,工商管理类,"['工商管理', '类']",38
塔里木大学,旅游管理,"['旅游', '管理']",12
塔里木大学,农林经济管理,"['农林', '经济', '管理']",10
塔里木大学,物流管理,"['物流', '管理']",5
塔里木大学,临床医学,['临床医学'],19
塔里木大学,预防医学,"['预防', '医学']",9
塔里木大学,马克思主义理论(师范类),"['马克思主义', '理论', '(', '师范类', ')']",3
塔里木大学,汉语言文学(师范类),"['汉语言', '文学', '(', '师范类', ')']",9
塔里木大学,中国少数民族语言文学,"['中国', '少数民族', '语言文学']",10
塔里木大学,网络与新媒体,"['网络', '与', '新', '媒体']",6
塔里木大学,学前教育(师范类),"['学前教育', '(', '师范类', ')']",18
塔里木大学,历史学,['历史学'],10
塔里木大学,历史学(师范类),"['历史学', '(', '师范类', ')']",10
塔里木大学,文物与博物馆学,"['文物', '与', '博物馆学']",7
塔里木大学,建筑学,['建筑学'],5
新疆农业大学,经济学,['经济学'],15
新疆农业大学,经济与贸易类,"['经济', '与', '贸易', '类']",15
新疆农业大学,国际经济与贸易,"['国际', '经济', '与', '贸易']",20
新疆农业大学,法学,['法学'],15
新疆农业大学,英语,['英语'],5
新疆农业大学,应用化学,['应用化学'],5
新疆农业大学,人文地理与城乡规划,"['人文地理', '与', '城乡规划']",15
新疆农业大学,电气工程及其自动化,"['电气工程', '及其', '自动化']",10
新疆农业大学,电子信息科学与技术,"['电子信息', '科学', '与', '技术']",5
新疆农业大学,计算机科学与技术,"['计算机科学', '与', '技术']",5
新疆农业大学,物联网工程,"['物', '联网', '工程']",5
新疆农业大学,土木工程,['土木工程'],15
新疆农业大学,水利水电工程,"['水利水电', '工程']",25
新疆农业大学,化学工程与工艺,"['化学工程', '与', '工艺']",5
新疆农业大学,交通运输,['交通运输'],5
新疆农业大学,交通工程,"['交通', '工程']",5
新疆农业大学,农业水利工程,"['农业', '水利工程']",15
新疆农业大学,食品科学与工程,"['食品科学', '与', '工程']",5
新疆农业大学,食品质量与安全,"['食品质量', '与', '安全']",5
新疆农业大学,葡萄与葡萄酒工程,"['葡萄', '与', '葡萄酒', '工程']",5
新疆农业大学,农学,['农学'],5
新疆农业大学,植物保护,['植物保护'],5
新疆农业大学,种子科学与工程,"['种子', '科学', '与', '工程']",5
新疆农业大学,水土保持与荒漠化防治,"['水土保持', '与', '荒漠化', '防治']",5
新疆农业大学,动物科学,"['动物', '科学']",20
新疆农业大学,药学,['药学'],5
新疆农业大学,工商管理类,"['工商管理', '类']",30
新疆农业大学,市场营销,['市场营销'],15
新疆农业大学,会计学,['会计学'],10
新疆农业大学,人力资源管理,"['人力', '资源管理']",15
新疆农业大学,农林经济管理,"['农林', '经济', '管理']",25
新疆农业大学,公共事业管理,"['公共事业', '管理']",15
新疆农业大学,土地资源管理,"['土地', '资源管理']",15
新疆农业大学,城市管理,"['城市', '管理']",18
新疆农业大学,物流工程,"['物流', '工程']",1
新疆农业大学,旅游管理,"['旅游', '管理']",15
新疆农业大学,交通运输(中外合作办学),"['交通运输', '(', '中外合作', '办学', ')']",5
石河子大学,材料科学与工程,"['材料科学', '与', '工程']",6
石河子大学,环境工程,['环境工程'],6
石河子大学,化学工程与工艺,"['化学工程', '与', '工艺']",6
石河子大学,应用化学,['应用化学'],4
石河子大学,机械设计制造及其自动化,"['机械设计', '制造', '及其', '自动化']",4
石河子大学,农业机械化及其自动化,"['农业', '机械化', '及其', '自动化']",5
石河子大学,工业工程,"['工业', '工程']",8
石河子大学,电子信息工程,"['电子', '信息工程']",4
石河子大学,电气工程及其自动化,"['电气工程', '及其', '自动化']",2
石河子大学,土木工程,['土木工程'],7
石河子大学,给排水科学与工程,"['给排水', '科学', '与', '工程']",4
石河子大学,建筑学,['建筑学'],4
石河子大学,食品科学与工程类,"['食品科学', '与', '工程', '类']",12
石河子大学,葡萄与葡萄酒工程,"['葡萄', '与', '葡萄酒', '工程']",3
石河子大学,植物生产类,"['植物', '生产', '类']",18
石河子大学,林学,['林学'],4
石河子大学,园林,['园林'],4
石河子大学,农业资源与环境,"['农业', '资源', '与', '环境']",6
石河子大学,动物科学,"['动物', '科学']",10
石河子大学,动物医学,"['动物', '医学']",12
石河子大学,临床医学,['临床医学'],10
石河子大学,口腔医学,['口腔医学'],4
石河子大学,预防医学,"['预防', '医学']",6
石河子大学,护理学,['护理学'],10
石河子大学,医学检验技术,"['医学', '检验', '技术']",2
石河子大学,医学影像学,"['医学', '影像学']",2
石河子大学,药学,['药学'],5
石河子大学,中药学,['中药学'],5
石河子大学,临床药学,"['临床', '药学']",4
石河子大学,生物科学类,"['生物科学', '类']",12
石河子大学,数学与应用数学(师范类),"['数学', '与', '应用', '数学', '(', '师范类', ')']",5
石河子大学,信息与计算科学,"['信息', '与', '计算', '科学']",6
石河子大学,物理学(师范类),"['物理学', '(', '师范类', ')']",5
石河子大学,应用物理学,"['应用', '物理学']",8
石河子大学,土地资源管理,"['土地', '资源管理']",3
石河子大学,地理科学(师范类),"['地理', '科学', '(', '师范类', ')']",3
石河子大学,工商管理类,"['工商管理', '类']",6
石河子大学,经济学类,"['经济学', '类']",10
石河子大学,农林经济管理,"['农林', '经济', '管理']",7
石河子大学,学前教育(师范类),"['学前教育', '(', '师范类', ')']",4
石河子大学,教育学(师范类),"['教育学', '(', '师范类', ')']",5
石河子大学,教育技术学(师范类),"['教育', '技术', '学', '(', '师范类', ')']",4
石河子大学,应用心理学,"['应用', '心理学']",4
石河子大学,小学教育(师范类),"['小学', '教育', '(', '师范类', ')']",4
石河子大学,汉语言文学(师范类),"['汉语言', '文学', '(', '师范类', ')']",4
石河子大学,历史学(师范类),"['历史学', '(', '师范类', ')']",4
石河子大学,法学,['法学'],4
石河子大学,社会工作,['社会工作'],7
石河子大学,政治学与行政学,"['政治学', '与', '行政', '学']",6
石河子大学,应急管理,"['应急', '管理']",4
石河子大学,英语,['英语'],6
石河子大学,阿拉伯语,['阿拉伯语'],2
石河子大学,俄语,['俄语'],4
石河子大学,新闻学,['新闻学'],4
石河子大学,会计学,['会计学'],4
石河子大学,数据科学与大数据技术,"['数据', '科学', '与', '大', '数据', '技术']",4
石河子大学,计算机科学与技术,"['计算机科学', '与', '技术']",2
石河子大学,网络空间安全,"['网络空间', '安全']",2
石河子大学,农业水利工程,"['农业', '水利工程']",4
石河子大学,水利水电工程,"['水利水电', '工程']",4
新疆医科大学,临床医学(“5+3一体化”),"['临床医学', '(', '“', '5', '+', '3', '一体化', '”', ')']",7
新疆医科大学,临床医学(“5+3一体化”儿科学),"['临床医学', '(', '“', '5', '+', '3', '一体化', '”', '儿科学', ')']",2
新疆医科大学,临床医学,['临床医学'],82
新疆医科大学,口腔医学,['口腔医学'],8
新疆医科大学,中西医临床医学,"['中西医', '临床医学']",15
新疆医科大学,中医学,['中医学'],22
新疆医科大学,针灸推拿学,"['针灸', '推拿学']",18
新疆医科大学,儿科学,['儿科学'],7
新疆医科大学,麻醉学,['麻醉学'],20
新疆医科大学,医学影像学,"['医学', '影像学']",18
新疆医科大学,医学检验技术,"['医学', '检验', '技术']",5
新疆医科大学,药学,['药学'],12
新疆医科大学,临床药学,"['临床', '药学']",14
新疆医科大学,预防医学,"['预防', '医学']",28
新疆医科大学,基础医学,['基础医学'],12
新疆医科大学,精神医学,"['精神', '医学']",4
新疆医科大学,中医康复学,"['中医', '康复', '学']",4
新疆医科大学,医学影像技术,"['医学影像', '技术']",5
新疆医科大学,康复治疗学,"['康复', '治疗学']",7
新疆医科大学,健康服务与管理,"['健康', '服务', '与', '管理']",2
新疆医科大学,中药学,['中药学'],13
新疆医科大学,法医学,['法医学'],2
新疆医科大学,护理学,['护理学'],20
新疆医科大学,信息管理与信息系统,"['信息管理', '与', '信息系统']",1
新疆医科大学,公共事业管理,"['公共事业', '管理']",1
新疆医科大学,生物医学工程,"['生物医学', '工程']",4
新疆医科大学,生物医药数据科学,"['生物医药', '数据', '科学']",3
新疆师范大学,思想政治教育(师范类),"['思想', '政治', '教育', '(', '师范类', ')']",6
新疆师范大学,公共事业管理,"['公共事业', '管理']",6
新疆师范大学,法学,['法学'],6
新疆师范大学,经济学,['经济学'],12
新疆师范大学,国际经济与贸易,"['国际', '经济', '与', '贸易']",21
新疆师范大学,人力资源管理,"['人力', '资源管理']",6
新疆师范大学,国际商务,"['国际', '商务']",12
新疆师范大学,教育技术学(师范类),"['教育', '技术', '学', '(', '师范类', ')']",3
新疆师范大学,小学教育(师范类),"['小学', '教育', '(', '师范类', ')']",4
新疆师范大学,特殊教育(师范类),"['特殊教育', '(', '师范类', ')']",3
新疆师范大学,学前教育(师范类),"['学前教育', '(', '师范类', ')']",2
新疆师范大学,汉语言文学(师范类),"['汉语言', '文学', '(', '师范类', ')']",12
新疆师范大学,历史学(师范类),"['历史学', '(', '师范类', ')']",7
新疆师范大学,文物与博物馆学,"['文物', '与', '博物馆学']",3
新疆师范大学,社会工作,['社会工作'],2
新疆师范大学,英语(师范类),"['英语', '(', '师范类', ')']",5
新疆师范大学,俄语,['俄语'],8
新疆师范大学,日语,['日语'],6
新疆师范大学,汉语国际教育,"['汉语', '国际', '教育']",9
新疆师范大学,数学与应用数学(师范类),"['数学', '与', '应用', '数学', '(', '师范类', ')']",8
新疆师范大学,信息与计算科学,"['信息', '与', '计算', '科学']",5
新疆师范大学,应用统计学,"['应用', '统计学']",8
新疆师范大学,物理学(师范类),"['物理学', '(', '师范类', ')']",15
新疆师范大学,电子信息科学与技术,"['电子信息', '科学', '与', '技术']",12
新疆师范大学,计算机科学与技术(师范类),"['计算机科学', '与', '技术', '(', '师范类', ')']",8
新疆师范大学,软件工程,['软件工程'],8
新疆师范大学,网络工程,['网络工程'],2
新疆师范大学,地理科学(师范类),"['地理', '科学', '(', '师范类', ')']",4
新疆师范大学,地理信息科学,"['地理信息', '科学']",4
新疆师范大学,旅游管理,"['旅游', '管理']",5
新疆师范大学,化学(师范类),"['化学', '(', '师范类', ')']",5
新疆师范大学,化学工程与工艺,"['化学工程', '与', '工艺']",2
新疆师范大学,生物科学(师范类),"['生物科学', '(', '师范类', ')']",7
新疆师范大学,心理学(师范类),"['心理学', '(', '师范类', ')']",8
喀什大学,法学,['法学'],15
喀什大学,经济统计学,"['经济', '统计学']",20
喀什大学,思想政治教育(师范类),"['思想', '政治', '教育', '(', '师范类', ')']",30
喀什大学,教育学(师范类),"['教育学', '(', '师范类', ')']",8
喀什大学,学前教育(师范类),"['学前教育', '(', '师范类', ')']",15
喀什大学,汉语言文学(师范类),"['汉语言', '文学', '(', '师范类', ')']",14
喀什大学,英语(师范类),"['英语', '(', '师范类', ')']",14
喀什大学,俄语,['俄语'],10
喀什大学,广播电视学,"['广播电视', '学']",13
喀什大学,历史学(师范类),"['历史学', '(', '师范类', ')']",14
喀什大学,数学与应用数学(师范类),"['数学', '与', '应用', '数学', '(', '师范类', ')']",16
喀什大学,物理学(师范类),"['物理学', '(', '师范类', ')']",20
喀什大学,化学(师范类),"['化学', '(', '师范类', ')']",15
喀什大学,应用化学,['应用化学'],10
喀什大学,生物科学(师范类),"['生物科学', '(', '师范类', ')']",18
喀什大学,地理科学(师范类),"['地理', '科学', '(', '师范类', ')']",12
喀什大学,心理学,['心理学'],14
喀什大学,应用统计学,"['应用', '统计学']",12
喀什大学,电子信息科学与技术,"['电子信息', '科学', '与', '技术']",12
喀什大学,网络工程,['网络工程'],12
喀什大学,环境科学与工程,"['环境', '科学', '与', '工程']",8
喀什大学,环境科学,"['环境', '科学']",10
喀什大学,统计学,['统计学'],14
喀什大学,计算机科学与技术(师范类),"['计算机科学', '与', '技术', '(', '师范类', ')']",15
喀什大学,电气工程及其自动化,"['电气工程', '及其', '自动化']",20
喀什大学,土木工程,['土木工程'],20
喀什大学,国际经济与贸易,"['国际', '经济', '与', '贸易']",16
喀什大学,社会工作,['社会工作'],15
喀什大学,食品科学与工程,"['食品科学', '与', '工程']",10
喀什大学,财务管理,['财务管理'],15
喀什大学,数字媒体技术,"['数字', '媒体', '技术']",12
喀什大学,金融数学,"['金融', '数学']",8
喀什大学,给排水科学与工程,"['给排水', '科学', '与', '工程']",15
喀什大学,食品质量与安全,"['食品质量', '与', '安全']",14
喀什大学,广告学,['广告学'],14
喀什大学,翻译,['翻译'],8
喀什大学,通信工程,['通信工程'],10
喀什大学,旅游管理,"['旅游', '管理']",15
喀什大学,小学教育(师范类),"['小学', '教育', '(', '师范类', ')']",16
喀什大学,护理学,['护理学'],4
喀什大学,预防医学,"['预防', '医学']",4
喀什大学,酒店管理,"['酒店', '管理']",4
喀什大学,交通工程,"['交通', '工程']",4
喀什大学,物流工程,"['物流', '工程']",6
伊犁师范大学,数字经济,"['数字', '经济']",7
伊犁师范大学,贸易经济,"['贸易', '经济']",15
伊犁师范大学,法学,['法学'],25
伊犁师范大学,思想政治教育(师范类),"['思想', '政治', '教育', '(', '师范类', ')']",5
伊犁师范大学,教育技术学(师范类),"['教育', '技术', '学', '(', '师范类', ')']",5
伊犁师范大学,学前教育(师范类),"['学前教育', '(', '师范类', ')']",10
伊犁师范大学,小学教育(师范类，理科方向),"['小学', '教育', '(', '师范类', '，', '理科', '方向', ')']",10
伊犁师范大学,小学教育(师范类，文科方向),"['小学', '教育', '(', '师范类', '，', '文科', '方向', ')']",10
伊犁师范大学,汉语言文学(师范类),"['汉语言', '文学', '(', '师范类', ')']",20
伊犁师范大学,汉语国际教育(师范类),"['汉语', '国际', '教育', '(', '师范类', ')']",5
伊犁师范大学,物联网工程,"['物', '联网', '工程']",10
伊犁师范大学,土木工程,['土木工程'],5
伊犁师范大学,英语(师范类),"['英语', '(', '师范类', ')']",10
伊犁师范大学,环境工程,['环境工程'],5
伊犁师范大学,俄语,['俄语'],7
伊犁师范大学,环境科学,"['环境', '科学']",5
伊犁师范大学,翻译,['翻译'],5
伊犁师范大学,食品质量与安全,"['食品质量', '与', '安全']",5
伊犁师范大学,广播电视学,"['广播电视', '学']",10
伊犁师范大学,生物工程,['生物工程'],5
伊犁师范大学,网络与新媒体,"['网络', '与', '新', '媒体']",5
伊犁师范大学,植物保护,['植物保护'],5
伊犁师范大学,历史学(师范类),"['历史学', '(', '师范类', ')']",9
伊犁师范大学,信息管理与信息系统,"['信息管理', '与', '信息系统']",15
伊犁师范大学,文物与博物馆学,"['文物', '与', '博物馆学']",5
伊犁师范大学,会计学,['会计学'],10
伊犁师范大学,数学与应用数学(师范类),"['数学', '与', '应用', '数学', '(', '师范类', ')']",17
伊犁师范大学,跨境电子商务,"['跨境', '电子商务']",10
伊犁师范大学,物理学(师范类),"['物理学', '(', '师范类', ')']",5
伊犁师范大学,旅游管理,"['旅游', '管理']",10
伊犁师范大学,会展经济与管理,"['会展经济', '与', '管理']",5
伊犁师范大学,化学(师范类),"['化学', '(', '师范类', ')']",10
伊犁师范大学,应用化学,['应用化学'],5
伊犁师范大学,地理科学(师范类),"['地理', '科学', '(', '师范类', ')']",5
伊犁师范大学,自然地理与资源环境,"['自然地理', '与', '资源', '环境']",9
伊犁师范大学,生物科学(师范类),"['生物科学', '(', '师范类', ')']",10
伊犁师范大学,应用心理学(师范类),"['应用', '心理学', '(', '师范类', ')']",5
伊犁师范大学,应用统计学,"['应用', '统计学']",10
伊犁师范大学,材料化学,"['材料', '化学']",6
伊犁师范大学,电气工程及其自动化,"['电气工程', '及其', '自动化']",5
伊犁师范大学,电子信息工程,"['电子', '信息工程']",5
伊犁师范大学,电子信息科学与技术,"['电子信息', '科学', '与', '技术']",5
伊犁师范大学,计算机科学与技术,"['计算机科学', '与', '技术']",15
新疆财经大学,金融学,['金融学'],7
新疆财经大学,金融工程,"['金融', '工程']",2
新疆财经大学,保险学,['保险学'],11
新疆财经大学,经济统计学,"['经济', '统计学']",6
新疆财经大学,统计学,['统计学'],6
新疆财经大学,金融数学,"['金融', '数学']",8
新疆财经大学,数据科学与大数据技术,"['数据', '科学', '与', '大', '数据', '技术']",5
新疆财经大学,工商管理,['工商管理'],2
新疆财经大学,人力资源管理,"['人力', '资源管理']",4
新疆财经大学,市场营销,['市场营销'],3
新疆财经大学,物流管理,"['物流', '管理']",1
新疆财经大学,会计学,['会计学'],5
新疆财经大学,财务管理,['财务管理'],7
新疆财经大学,审计学,['审计学'],2
新疆财经大学,经济学,['经济学'],9
新疆财经大学,数字经济,"['数字', '经济']",6
新疆财经大学,财政学,['财政学'],2
新疆财经大学,税收学,"['税收', '学']",2
新疆财经大学,行政管理,"['行政', '管理']",8
新疆财经大学,旅游管理,"['旅游', '管理']",9
新疆财经大学,酒店管理,"['酒店', '管理']",2
新疆财经大学,会展经济与管理,"['会展经济', '与', '管理']",1
新疆财经大学,国际经济与贸易,"['国际', '经济', '与', '贸易']",10
新疆财经大学,国际商务,"['国际', '商务']",8
新疆财经大学,商务英语,['商务英语'],2
新疆财经大学,法学,['法学'],7
新疆财经大学,新闻学,['新闻学'],10
新疆财经大学,信息管理与信息系统,"['信息管理', '与', '信息系统']",4
新疆财经大学,电子商务,['电子商务'],3
新疆财经大学,计算机科学与技术,"['计算机科学', '与', '技术']",7
新疆财经大学,网络空间安全,"['网络空间', '安全']",4
新疆财经大学,工程造价,['工程造价'],2
新疆财经大学,汉语言文学,"['汉语言', '文学']",2
新疆财经大学,汉语国际教育,"['汉语', '国际', '教育']",3
新疆艺术学院,文化产业管理,"['文化产业', '管理']",5
天津城建大学,交通工程,"['交通', '工程']",1
天津城建大学,港口航道与海岸工程,"['港口', '航道', '与', '海岸', '工程']",3
天津城建大学,建筑环境与能源应用工程,"['建筑', '环境', '与', '能源', '应用', '工程']",2
天津城建大学,能源与动力工程,"['能源', '与', '动力工程']",1
天津城建大学,安全工程,['安全工程'],1
天津城建大学,给排水科学与工程,"['给排水', '科学', '与', '工程']",1
天津城建大学,环境工程,['环境工程'],1
天津城建大学,人工智能,['人工智能'],2
天津城建大学,地质工程,"['地质', '工程']",1
天津城建大学,地理信息科学,"['地理信息', '科学']",1
天津城建大学,测绘工程,"['测绘', '工程']",1
天津城建大学,应用化学,['应用化学'],1
天津城建大学,应用物理学,"['应用', '物理学']",1
天津城建大学,智能建造,"['智能', '建造']",1
天津城建大学,智能制造工程,"['智能', '制造', '工程']",1
天津城建大学,建筑类,"['建筑', '类']",5
天津城建大学,土木类,"['土木', '类']",7
天津城建大学,材料类,"['材料', '类']",2
天津城建大学,管理科学与工程类,"['管理科学', '与', '工程', '类']",3
天津城建大学,公共管理类,"['公共', '管理', '类']",1
天津城建大学,计算机类,"['计算机', '类']",2
天津城建大学,电子信息类,"['电子信息', '类']",1
天津城建大学,机械类,['机械类'],2
天津城建大学,外国语言文学类,"['外国', '语言', '文学类']",2
天津城建大学,电气类,"['电气', '类']",3
河北科技师范学院,化学(师范类),"['化学', '(', '师范类', ')']",5
河北科技师范学院,电气工程及其自动化,"['电气工程', '及其', '自动化']",5
河北科技师范学院,电子信息工程,"['电子', '信息工程']",5
河北科技师范学院,数学与应用数学(师范类),"['数学', '与', '应用', '数学', '(', '师范类', ')']",5
河北科技师范学院,物理学(师范类),"['物理学', '(', '师范类', ')']",5
河北科技师范学院,英语(师范类),"['英语', '(', '师范类', ')']",5
山西中医药大学,中医学,['中医学'],27
山西中医药大学,中医学,['中医学'],4
山西中医药大学,针灸推拿学,"['针灸', '推拿学']",4
山西中医药大学,康复治疗学,"['康复', '治疗学']",5
山西中医药大学,中医养生学,"['中医', '养生学']",2
山西中医药大学,中西医临床医学,"['中西医', '临床医学']",10
山西中医药大学,护理学,['护理学'],12
山西中医药大学,中药学,['中药学'],6
山西中医药大学,中药学(临床中药学方向),"['中药学', '(', '临床', '中药学', '方向', ')']",2
山西中医药大学,药学,['药学'],3
山西中医药大学,制药工程,"['制药', '工程']",1
山西中医药大学,生物制药,['生物制药'],3
山西中医药大学,食品科学与工程,"['食品科学', '与', '工程']",2
山西中医药大学,市场营销,['市场营销'],6
山西中医药大学,健康服务与管理,"['健康', '服务', '与', '管理']",4
山西中医药大学,中药资源与开发,"['中药', '资源', '与', '开发']",2
山西中医药大学,信息管理与信息系统,"['信息管理', '与', '信息系统']",2
吕梁学院,思想政治教育(师范类),"['思想', '政治', '教育', '(', '师范类', ')']",5
吕梁学院,学前教育(师范类),"['学前教育', '(', '师范类', ')']",5
吕梁学院,汉语言文学(师范类),"['汉语言', '文学', '(', '师范类', ')']",5
吕梁学院,英语(师范类),"['英语', '(', '师范类', ')']",5
吕梁学院,新闻学,['新闻学'],5
吕梁学院,历史学(师范类),"['历史学', '(', '师范类', ')']",5
吕梁学院,数学与应用数学(师范类),"['数学', '与', '应用', '数学', '(', '师范类', ')']",5
吕梁学院,信息与计算科学,"['信息', '与', '计算', '科学']",2
吕梁学院,物理学(师范类),"['物理学', '(', '师范类', ')']",5
吕梁学院,化学(师范类),"['化学', '(', '师范类', ')']",5
吕梁学院,生物科学,['生物科学'],5
吕梁学院,应用心理学,"['应用', '心理学']",5
吕梁学院,机械设计制造及其自动化,"['机械设计', '制造', '及其', '自动化']",5
吕梁学院,机械电子工程,"['机械', '电子', '工程']",5
吕梁学院,材料化学,"['材料', '化学']",5
吕梁学院,冶金工程,"['冶金', '工程']",5
吕梁学院,电子信息工程,"['电子', '信息工程']",3
吕梁学院,人工智能,['人工智能'],5
吕梁学院,计算机科学与技术,"['计算机科学', '与', '技术']",5
吕梁学院,软件工程,['软件工程'],5
吕梁学院,数据科学与大数据技术,"['数据', '科学', '与', '大', '数据', '技术']",5
吕梁学院,土木工程,['土木工程'],5
吕梁学院,测绘工程,"['测绘', '工程']",5
吕梁学院,化学工程与工艺,"['化学工程', '与', '工艺']",5
吕梁学院,制药工程,"['制药', '工程']",5
吕梁学院,采矿工程,['采矿工程'],5
吕梁学院,食品科学与工程,"['食品科学', '与', '工程']",5
吕梁学院,食品质量与安全,"['食品质量', '与', '安全']",5
吕梁学院,建筑学,['建筑学'],5
吕梁学院,安全工程,['安全工程'],5
吕梁学院,园林,['园林'],5
吕梁学院,工程管理,"['工程', '管理']",5
吕梁学院,会计学,['会计学'],4
吕梁学院,财务管理,['财务管理'],6
吕梁学院,物业管理,['物业管理'],5
吕梁学院,文化产业管理,"['文化产业', '管理']",5
吕梁学院,环境科学与工程,"['环境', '科学', '与', '工程']",5
呼伦贝尔学院,英语(师范类),"['英语', '(', '师范类', ')']",4
呼伦贝尔学院,汉语言文学(师范类),"['汉语言', '文学', '(', '师范类', ')']",4
呼伦贝尔学院,秘书学,['秘书学'],4
呼伦贝尔学院,会计学,['会计学'],4
呼伦贝尔学院,经济与金融,"['经济', '与', '金融']",4
呼伦贝尔学院,心理学,['心理学'],4
呼伦贝尔学院,小学教育(师范类，数学),"['小学', '教育', '(', '师范类', '，', '数学', ')']",4
呼伦贝尔学院,数学与应用数学(师范类),"['数学', '与', '应用', '数学', '(', '师范类', ')']",4
呼伦贝尔学院,物理学(师范类),"['物理学', '(', '师范类', ')']",3
呼伦贝尔学院,生物科学(师范类),"['生物科学', '(', '师范类', ')']",4
呼伦贝尔学院,环境科学,"['环境', '科学']",4
呼伦贝尔学院,土木工程,['土木工程'],4
呼伦贝尔学院,地理科学(师范类),"['地理', '科学', '(', '师范类', ')']",4
长沙医学院,临床医学,['临床医学'],2
长沙医学院,口腔医学,['口腔医学'],2
长沙医学院,中医学,['中医学'],2
长沙医学院,医学影像学,"['医学', '影像学']",2
长沙医学院,预防医学,"['预防', '医学']",2
齐鲁医药学院,康复治疗学,"['康复', '治疗学']",25
齐鲁医药学院,养老服务管理,"['养老', '服务', '管理']",30
齐鲁医药学院,卫生检验与检疫,"['卫生', '检验', '与', '检疫']",20
齐鲁医药学院,中药学,['中药学'],15
齐鲁医药学院,药物制剂,['药物制剂'],35
齐鲁医药学院,预防医学,"['预防', '医学']",55
齐鲁医药学院,医学影像学,"['医学', '影像学']",70
齐鲁医药学院,生物医学工程,"['生物医学', '工程']",35
齐鲁医药学院,口腔医学技术,"['口腔医学', '技术']",15
齐鲁医药学院,市场营销,['市场营销'],45
齐鲁医药学院,助产学,"['助产', '学']",30
齐鲁医药学院,临床医学,['临床医学'],76
齐鲁医药学院,智能医学工程,"['智能', '医学工程']",34
齐鲁医药学院,健康服务与管理,"['健康', '服务', '与', '管理']",25
齐鲁医药学院,化妆品科学与技术,"['化妆品', '科学', '与', '技术']",31
齐鲁医药学院,药学,['药学'],50
齐鲁医药学院,医疗保险,['医疗保险'],30
齐鲁医药学院,眼视光学,"['眼视', '光学']",30
齐鲁医药学院,生物制药,['生物制药'],40
齐鲁医药学院,口腔医学,['口腔医学'],68
齐鲁医药学院,医学检验技术,"['医学', '检验', '技术']",25
齐鲁医药学院,医学影像技术,"['医学影像', '技术']",25
齐鲁医药学院,应用心理学,"['应用', '心理学']",30
齐鲁医药学院,护理学,['护理学'],75
辽宁对外经贸学院,国际经济与贸易,"['国际', '经济', '与', '贸易']",11
辽宁对外经贸学院,金融学,['金融学'],11
辽宁对外经贸学院,会计学,['会计学'],11
辽宁对外经贸学院,人力资源管理,"['人力', '资源管理']",1
辽宁对外经贸学院,信息管理与信息系统,"['信息管理', '与', '信息系统']",1
江西科技学院,软件工程,['软件工程'],2
江西科技学院,会计学,['会计学'],2
江西科技学院,小学教育,"['小学', '教育']",2
南京工业职业技术大学,大数据与会计,"['大', '数据', '与', '会计']",1
南京工业职业技术大学,机械设计制造及自动化,"['机械设计', '制造', '及', '自动化']",2
南京工业职业技术大学,物联网工程技术,"['物', '联网', '工程技术']",2
南京工业职业技术大学,城市轨道交通设备与控制技术,"['城市', '轨道交通', '设备', '与', '控制技术']",2
南京工业职业技术大学,建设工程管理,"['建设工程', '管理']",1
上海工程技术大学,电子信息类,"['电子信息', '类']",8
上海工程技术大学,国际经济与贸易,"['国际', '经济', '与', '贸易']",1
上海工程技术大学,旅游管理(邮轮经济),"['旅游', '管理', '(', '邮轮', '经济', ')']",2
上海工程技术大学,制药工程,"['制药', '工程']",1
上海工程技术大学,环境工程,['环境工程'],2
上海工程技术大学,涂料工程,"['涂料', '工程']",2
上海工程技术大学,电子封装技术,"['电子', '封装', '技术']",4
上海工程技术大学,工业设计,"['工业', '设计']",2
上海工程技术大学,服装设计与工程,"['服装设计', '与', '工程']",5
上海工程技术大学,纺织工程,"['纺织', '工程']",5
上海工程技术大学,车辆工程(城市轨道交通车辆),"['车辆', '工程', '(', '城市', '轨道交通', '车辆', ')']",2
上海工程技术大学,轨道交通信号与控制,"['轨道交通', '信号', '与', '控制']",1
上海工程技术大学,交通运输,['交通运输'],3
上海工程技术大学,铁道工程,"['铁道', '工程']",2
上海工程技术大学,数据计算及应用,"['数据', '计算', '及', '应用']",4
上海工程技术大学,翻译,['翻译'],3
天津天狮学院,金融学类,"['金融学', '类']",2
天津天狮学院,英语,['英语'],1
天津天狮学院,电子信息类,"['电子信息', '类']",1
天津天狮学院,劳动与社会保障,"['劳动', '与', '社会保障']",1
青岛滨海学院,网络工程,['网络工程'],25
青岛滨海学院,广播电视学,"['广播电视', '学']",25
青岛滨海学院,金属材料工程,"['金属材料', '工程']",71
青岛滨海学院,助产学,"['助产', '学']",44
青岛滨海学院,财务管理,['财务管理'],103
青岛滨海学院,预防医学,"['预防', '医学']",83
青岛滨海学院,医学影像技术,"['医学影像', '技术']",60
青岛滨海学院,融合教育,"['融合', '教育']",28
青岛滨海学院,护理学,['护理学'],53
青岛滨海学院,给排水科学与工程,"['给排水', '科学', '与', '工程']",43
青岛滨海学院,计算机科学与技术,"['计算机科学', '与', '技术']",52
青岛滨海学院,医学检验技术,"['医学', '检验', '技术']",61
青岛滨海学院,土木工程,['土木工程'],58
青岛滨海学院,朝鲜语,['朝鲜语'],64
青岛滨海学院,生物医学工程,"['生物医学', '工程']",26
青岛滨海学院,俄语,['俄语'],32
青岛滨海学院,翻译,['翻译'],54
青岛滨海学院,数据科学与大数据技术,"['数据', '科学', '与', '大', '数据', '技术']",28
青岛滨海学院,工业设计,"['工业', '设计']",38
青岛滨海学院,广告学,['广告学'],23
青岛滨海学院,建筑学,['建筑学'],41
青岛滨海学院,市场营销,['市场营销'],27
青岛滨海学院,建筑环境与能源应用工程,"['建筑', '环境', '与', '能源', '应用', '工程']",36
青岛滨海学院,日语,['日语'],59
青岛滨海学院,智能制造工程,"['智能', '制造', '工程']",26
青岛滨海学院,国际经济与贸易,"['国际', '经济', '与', '贸易']",28
青岛滨海学院,汉语国际教育,"['汉语', '国际', '教育']",23
青岛滨海学院,电子商务,['电子商务'],38
青岛滨海学院,电气工程及其自动化,"['电气工程', '及其', '自动化']",85
青岛滨海学院,英语,['英语'],55
青岛滨海学院,康复治疗学,"['康复', '治疗学']",76
青岛滨海学院,经济学,['经济学'],21
青岛滨海学院,酒店管理,"['酒店', '管理']",28
青岛滨海学院,工程管理,"['工程', '管理']",47
青岛滨海学院,电子科学与技术,"['电子', '科学', '与', '技术']",34
青岛滨海学院,工业工程,"['工业', '工程']",33
青岛滨海学院,工程造价,['工程造价'],28
青岛滨海学院,物流管理,"['物流', '管理']",32
青岛滨海学院,人工智能,['人工智能'],27
青岛滨海学院,机械设计制造及其自动化,"['机械设计', '制造', '及其', '自动化']",29
青岛滨海学院,学前教育(师范类),"['学前教育', '(', '师范类', ')']",35
安徽建筑大学,土木工程,['土木工程'],2
安徽建筑大学,道路桥梁与渡河工程,"['道路', '桥梁', '与', '渡河', '工程']",2
安徽建筑大学,测绘工程,"['测绘', '工程']",2
安徽建筑大学,安全工程,['安全工程'],2
安徽建筑大学,风景园林,['风景园林'],2
安徽建筑大学,建筑环境与能源应用工程,"['建筑', '环境', '与', '能源', '应用', '工程']",2
安徽建筑大学,环境工程,['环境工程'],2
安徽建筑大学,经济学,['经济学'],1
安徽建筑大学,金融工程,"['金融', '工程']",2
安徽建筑大学,工程管理,"['工程', '管理']",2
安徽建筑大学,会计学,['会计学'],2
安徽建筑大学,财务管理,['财务管理'],2
安徽建筑大学,电子信息工程,"['电子', '信息工程']",2
安徽建筑大学,通信工程,['通信工程'],2
安徽建筑大学,网络工程,['网络工程'],2
安徽建筑大学,建筑电气与智能化,"['建筑', '电气', '与', '智能化']",2
安徽建筑大学,应用化学,['应用化学'],2
安徽建筑大学,无机非金属材料工程,"['无机', '非金属材料', '工程']",2
安徽建筑大学,声学,['声学'],2
安徽建筑大学,机械设计制造及其自动化,"['机械设计', '制造', '及其', '自动化']",2
安徽建筑大学,过程装备与控制工程,"['过程', '装备', '与', '控制工程']",2
安徽建筑大学,测控技术与仪器,"['测控', '技术', '与', '仪器']",2
安徽建筑大学,自动化,['自动化'],2
安徽建筑大学,人力资源管理,"['人力', '资源管理']",2
安徽建筑大学,土地资源管理,"['土地', '资源管理']",2
安徽科技学院,电子信息工程,"['电子', '信息工程']",1
安徽科技学院,电气工程及其自动化,"['电气工程', '及其', '自动化']",1
安徽科技学院,工商管理,['工商管理'],1
安徽科技学院,物流管理,"['物流', '管理']",2
安徽科技学院,市场营销,['市场营销'],2
安徽科技学院,质量管理工程,"['质量', '管理', '工程']",2
安徽科技学院,应用化学,['应用化学'],4
安徽科技学院,无机非金属材料工程,"['无机', '非金属材料', '工程']",4
安徽科技学院,材料科学与工程,"['材料科学', '与', '工程']",3
安徽科技学院,新能源材料与器件,"['新能源', '材料', '与', '器件']",4
安徽科技学院,城乡规划,['城乡规划'],1
安徽科技学院,风景园林,['风景园林'],3
安徽科技学院,建筑学,['建筑学'],4
安徽科技学院,土木工程,['土木工程'],2
安徽科技学院,数据科学与大数据技术,"['数据', '科学', '与', '大', '数据', '技术']",1
安徽科技学院,农业智能装备工程,"['农业', '智能', '装备', '工程']",3
安徽科技学院,生物制药,['生物制药'],2
安徽科技学院,食品科学与工程,"['食品科学', '与', '工程']",1
安徽科技学院,食品质量与安全,"['食品质量', '与', '安全']",3
安徽科技学院,地理信息科学,"['地理信息', '科学']",4
景德镇学院,汉语言文学(师范类),"['汉语言', '文学', '(', '师范类', ')']",2
景德镇学院,财务管理,['财务管理'],2
景德镇学院,汽车服务工程,"['汽车', '服务', '工程']",2
景德镇学院,学前教育(师范类),"['学前教育', '(', '师范类', ')']",2
萍乡学院,环境生态工程,"['环境', '生态', '工程']",2
萍乡学院,工程管理,"['工程', '管理']",2
萍乡学院,汉语言文学(师范类),"['汉语言', '文学', '(', '师范类', ')']",2
枣庄学院,日语,['日语'],35
枣庄学院,电气工程及其自动化,"['电气工程', '及其', '自动化']",34
枣庄学院,学前教育(师范类),"['学前教育', '(', '师范类', ')']",60
枣庄学院,思想政治教育(师范类),"['思想', '政治', '教育', '(', '师范类', ')']",36
枣庄学院,世界语,['世界语'],25
枣庄学院,生物制药,['生物制药'],40
枣庄学院,生物技术,"['生物', '技术']",55
枣庄学院,食品科学与工程,"['食品科学', '与', '工程']",34
枣庄学院,人工智能,['人工智能'],45
枣庄学院,通信工程,['通信工程'],19
枣庄学院,经济统计学,"['经济', '统计学']",40
枣庄学院,小学教育(师范类),"['小学', '教育', '(', '师范类', ')']",30
枣庄学院,应用化学,['应用化学'],40
枣庄学院,机器人工程,"['机器人', '工程']",25
枣庄学院,材料科学与工程,"['材料科学', '与', '工程']",25
枣庄学院,化学(师范类),"['化学', '(', '师范类', ')']",45
枣庄学院,生物科学(师范类),"['生物科学', '(', '师范类', ')']",75
枣庄学院,历史学(师范类),"['历史学', '(', '师范类', ')']",29
枣庄学院,制药工程,"['制药', '工程']",63
枣庄学院,财务管理,['财务管理'],33
枣庄学院,英语(师范类),"['英语', '(', '师范类', ')']",40
枣庄学院,行政管理,"['行政', '管理']",23
枣庄学院,金融数学,"['金融', '数学']",30
枣庄学院,地理科学(师范类),"['地理', '科学', '(', '师范类', ')']",45
枣庄学院,数学与应用数学(师范类),"['数学', '与', '应用', '数学', '(', '师范类', ')']",40
枣庄学院,心理学(师范类),"['心理学', '(', '师范类', ')']",30
枣庄学院,食品质量与安全,"['食品质量', '与', '安全']",49
枣庄学院,土木类,"['土木', '类']",82
枣庄学院,化学工程与工艺,"['化学工程', '与', '工艺']",30
枣庄学院,植物科学与技术,"['植物', '科学', '与', '技术']",30
枣庄学院,健康服务与管理,"['健康', '服务', '与', '管理']",40
枣庄学院,汉语言文学(师范类),"['汉语言', '文学', '(', '师范类', ')']",15
枣庄学院,数据科学与大数据技术,"['数据', '科学', '与', '大', '数据', '技术']",50
枣庄学院,生物信息学,"['生物', '信息学']",45
枣庄学院,工业设计(校企合作，与山东新视觉数码科技公司合作),"['工业', '设计', '(', '校企', '合作', '，', '与', '山东', '新', '视觉', '数码科技', '公司', '合作', ')']",40
枣庄学院,计算机科学与技术(校企合作，与山东贝沃智能科技集团合作),"['计算机科学', '与', '技术', '(', '校企', '合作', '，', '与', '山东', '贝沃', '智能', '科技', '集团', '合作', ')']",80
枣庄学院,数学与应用数学(校企合作，与中软创新研究院合作),"['数学', '与', '应用', '数学', '(', '校企', '合作', '，', '与', '中软', '创新', '研究院', '合作', ')']",40
枣庄学院,计算机科学与技术(校企合作，与山东贝沃智能科技集团合作),"['计算机科学', '与', '技术', '(', '校企', '合作', '，', '与', '山东', '贝沃', '智能', '科技', '集团', '合作', ')']",80
枣庄学院,网络工程(校企合作，与北京华晟经世信息技术公司合作),"['网络工程', '(', '校企', '合作', '，', '与', '北京华', '晟', '经世', '信息技术', '公司', '合作', ')']",95
枣庄学院,光电信息科学与工程(校企合作，与北京中科特瑞科技有限公司合作),"['光电', '信息科学', '与', '工程', '(', '校企', '合作', '，', '与', '北京', '中', '科特', '瑞', '科技', '有限公司', '合作', ')']",35
枣庄学院,金融工程(校企合作，与青岛英谷教育科技有限公司合作),"['金融', '工程', '(', '校企', '合作', '，', '与', '青岛', '英谷', '教育', '科技', '有限公司', '合作', ')']",50
枣庄学院,物联网工程(校企合作，与山东贝沃智能科技集团合作),"['物', '联网', '工程', '(', '校企', '合作', '，', '与', '山东', '贝沃', '智能', '科技', '集团', '合作', ')']",40
枣庄学院,机械设计制造及其自动化(校企合作，与北京华晟经世信息技术公司合作),"['机械设计', '制造', '及其', '自动化', '(', '校企', '合作', '，', '与', '北京华', '晟', '经世', '信息技术', '公司', '合作', ')']",100
枣庄学院,计算机科学与技术(校企合作，与北京华晟经世信息技术公司合作),"['计算机科学', '与', '技术', '(', '校企', '合作', '，', '与', '北京华', '晟', '经世', '信息技术', '公司', '合作', ')']",95
枣庄学院,地理信息科学(校企合作，与北京中科特瑞科技有限公司合作),"['地理信息', '科学', '(', '校企', '合作', '，', '与', '北京', '中', '科特', '瑞', '科技', '有限公司', '合作', ')']",35
枣庄学院,财务管理(校企合作，与达内时代科技集团有限公司合作),"['财务管理', '(', '校企', '合作', '，', '与', '达', '内', '时代', '科技', '集团', '有限公司', '合作', ')']",40
枣庄学院,网络与新媒体(校企合作，与凤凰数媒北京教育科技公司合作),"['网络', '与', '新', '媒体', '(', '校企', '合作', '，', '与', '凤凰', '数媒', '北京', '教育', '科技', '公司', '合作', ')']",40
枣庄学院,电子信息工程(校企合作，与中软创新研究院合作),"['电子', '信息工程', '(', '校企', '合作', '，', '与', '中软', '创新', '研究院', '合作', ')']",40
山东工艺美术学院,建筑学,['建筑学'],27
山东工艺美术学院,风景园林,['风景园林'],10
山东工艺美术学院,服装设计与工程,"['服装设计', '与', '工程']",9
山东工艺美术学院,工业设计,"['工业', '设计']",74
山东工艺美术学院,包装工程,"['包装', '工程']",15
山东工艺美术学院,广告学,['广告学'],30
山东工艺美术学院,文化产业管理,"['文化产业', '管理']",10
黄淮学院,汉语言文学(师范类),"['汉语言', '文学', '(', '师范类', ')']",15
黄淮学院,网络与新媒体,"['网络', '与', '新', '媒体']",20
黄淮学院,英语(师范类),"['英语', '(', '师范类', ')']",10
黄淮学院,新能源科学与工程,"['新', '能源科学', '与', '工程']",25
黄淮学院,制药工程,"['制药', '工程']",40
黄淮学院,电子商务,['电子商务'],20
黄淮学院,数学与应用数学(师范类),"['数学', '与', '应用', '数学', '(', '师范类', ')']",15
黄淮学院,通信工程,['通信工程'],10
黄淮学院,土木工程,['土木工程'],35
黄淮学院,机械电子工程,"['机械', '电子', '工程']",15
黄淮学院,物联网工程,"['物', '联网', '工程']",10
黄淮学院,新能源汽车工程,"['新能源', '汽车', '工程']",15
黄淮学院,机器人工程,"['机器人', '工程']",10
黄淮学院,医学影像技术,"['医学影像', '技术']",10
黄淮学院,商务经济学,"['商务', '经济学']",10
平顶山学院,网络与新媒体,"['网络', '与', '新', '媒体']",5
平顶山学院,翻译,['翻译'],5
平顶山学院,测控技术与仪器,"['测控', '技术', '与', '仪器']",5
平顶山学院,电气工程及其自动化,"['电气工程', '及其', '自动化']",5
平顶山学院,材料科学与工程,"['材料科学', '与', '工程']",5
平顶山学院,国际经济与贸易,"['国际', '经济', '与', '贸易']",5
平顶山学院,旅游管理,"['旅游', '管理']",10
平顶山学院,护理学,['护理学'],5
平顶山学院,城乡规划,['城乡规划'],10
湖北理工学院,计算机类,"['计算机', '类']",2
湖北理工学院,应用化学,['应用化学'],2
湖北理工学院,土木类,"['土木', '类']",2
湖北理工学院,国际经济与贸易,"['国际', '经济', '与', '贸易']",2
湖北理工学院,机械设计制造及其自动化(中外合作办学),"['机械设计', '制造', '及其', '自动化', '(', '中外合作', '办学', ')']",6
湖北理工学院,电子信息工程(中外合作办学),"['电子', '信息工程', '(', '中外合作', '办学', ')']",6
湖北科技学院,汉语言文学,"['汉语言', '文学']",3
湖北科技学院,核工程与核技术,"['核工程', '与', '核技术']",3
湖北医药学院,临床医学,['临床医学'],2
湖北医药学院,麻醉学,['麻醉学'],1
湖北医药学院,精神医学,"['精神', '医学']",1
湖北医药学院,口腔医学,['口腔医学'],1
湖北医药学院,医学检验技术,"['医学', '检验', '技术']",1
湖北医药学院,预防医学,"['预防', '医学']",1
安徽三联学院,财务管理,['财务管理'],10
安徽三联学院,会计学,['会计学'],10
安徽三联学院,国际经济与贸易,"['国际', '经济', '与', '贸易']",10
吉林外国语大学,汉语国际教育,"['汉语', '国际', '教育']",3
吉林外国语大学,英语(英西班牙双语),"['英语', '(', '英', '西班牙', '双语', ')']",3
吉林外国语大学,英语(英韩双语),"['英语', '(', '英韩', '双语', ')']",4
吉林外国语大学,法语,['法语'],4
吉林外国语大学,日语,['日语'],4
吉林外国语大学,朝鲜语,['朝鲜语'],4
吉林外国语大学,商务英语,['商务英语'],3
吉林外国语大学,数据科学与大数据技术,"['数据', '科学', '与', '大', '数据', '技术']",6
吉林外国语大学,俄语(中外合作办学),"['俄语', '(', '中外合作', '办学', ')']",4
吉林外国语大学,西班牙语(中外合作办学),"['西班牙语', '(', '中外合作', '办学', ')']",4
吉林外国语大学,人工智能,['人工智能'],8
贵阳学院,法学,['法学'],2
贵阳学院,软件工程,['软件工程'],4
贵阳学院,电子信息工程,"['电子', '信息工程']",2
贵阳学院,电子信息科学与技术,"['电子信息', '科学', '与', '技术']",2
贵阳学院,经济学,['经济学'],4
贵阳学院,机械设计制造及其自动化,"['机械设计', '制造', '及其', '自动化']",4
贵阳学院,土木工程,['土木工程'],2
六盘水师范学院,学前教育(师范类),"['学前教育', '(', '师范类', ')']",2
六盘水师范学院,汉语言文学(师范类),"['汉语言', '文学', '(', '师范类', ')']",2
六盘水师范学院,生物科学(师范类),"['生物科学', '(', '师范类', ')']",2
六盘水师范学院,机械类,['机械类'],3
六盘水师范学院,能源与动力工程,"['能源', '与', '动力工程']",2
六盘水师范学院,自动化,['自动化'],2
新疆工程学院,安全工程,['安全工程'],10
新疆工程学院,消防工程,['消防工程'],6
新疆工程学院,材料成型及控制工程,"['材料', '成型', '及', '控制工程']",5
新疆工程学院,焊接技术与工程,"['焊接', '技术', '与', '工程']",4
新疆工程学院,机器人工程,"['机器人', '工程']",3
新疆工程学院,机械电子工程,"['机械', '电子', '工程']",9
新疆工程学院,机械设计制造及其自动化,"['机械设计', '制造', '及其', '自动化']",10
新疆工程学院,测控技术与仪器,"['测控', '技术', '与', '仪器']",4
新疆工程学院,轨道交通信号与控制,"['轨道交通', '信号', '与', '控制']",4
新疆工程学院,自动化,['自动化'],2
新疆工程学院,采矿工程,['采矿工程'],4
新疆工程学院,地质工程,"['地质', '工程']",7
新疆工程学院,勘查技术与工程,"['勘查', '技术', '与', '工程']",3
新疆工程学院,矿物加工工程,"['矿物', '加工', '工程']",2
新疆工程学院,资源勘查工程,"['资源', '勘查', '工程']",6
新疆工程学院,电气工程及其自动化,"['电气工程', '及其', '自动化']",4
新疆工程学院,新能源科学与工程,"['新', '能源科学', '与', '工程']",8
新疆工程学院,测绘工程,"['测绘', '工程']",7
新疆工程学院,建筑环境与能源应用工程,"['建筑', '环境', '与', '能源', '应用', '工程']",4
新疆工程学院,土木工程,['土木工程'],12
新疆工程学院,数据科学与大数据技术,"['数据', '科学', '与', '大', '数据', '技术']",2
新疆工程学院,通信工程,['通信工程'],10
新疆工程学院,物联网工程,"['物', '联网', '工程']",8
新疆工程学院,国际商务,"['国际', '商务']",4
新疆工程学院,能源经济,['能源经济'],4
新疆工程学院,物流工程,"['物流', '工程']",4
新疆工程学院,材料科学与工程,"['材料科学', '与', '工程']",7
新疆工程学院,化学工程与工艺,"['化学工程', '与', '工艺']",7
新疆工程学院,环境科学与工程,"['环境', '科学', '与', '工程']",7
新疆工程学院,工业设计,"['工业', '设计']",2
新疆工程学院,铁道工程,"['铁道', '工程']",6
昌吉学院,金融数学,"['金融', '数学']",20
昌吉学院,教育技术学(师范类),"['教育', '技术', '学', '(', '师范类', ')']",10
昌吉学院,小学教育(师范类),"['小学', '教育', '(', '师范类', ')']",10
昌吉学院,汉语言文学(师范类),"['汉语言', '文学', '(', '师范类', ')']",20
昌吉学院,秘书学,['秘书学'],12
昌吉学院,网络与新媒体,"['网络', '与', '新', '媒体']",10
昌吉学院,数学与应用数学(师范类),"['数学', '与', '应用', '数学', '(', '师范类', ')']",30
昌吉学院,材料物理,"['材料', '物理']",20
昌吉学院,能源与动力工程,"['能源', '与', '动力工程']",15
昌吉学院,计算机科学与技术,"['计算机科学', '与', '技术']",10
昌吉学院,网络工程,['网络工程'],10
昌吉学院,化学工程与工艺,"['化学工程', '与', '工艺']",20
昌吉学院,财务管理,['财务管理'],10
昌吉学院,公共事业管理,"['公共事业', '管理']",15
昌吉学院,旅游管理,"['旅游', '管理']",10
唐山学院,财务管理,['财务管理'],5
唐山学院,机械设计制造及其自动化,"['机械设计', '制造', '及其', '自动化']",5
唐山学院,电气工程及其自动化,"['电气工程', '及其', '自动化']",5
唐山学院,轨道交通信号与控制,"['轨道交通', '信号', '与', '控制']",5
沈阳大学,焊接技术与工程,"['焊接', '技术', '与', '工程']",4
沈阳大学,土木工程,['土木工程'],8
沈阳大学,建筑环境与能源应用工程,"['建筑', '环境', '与', '能源', '应用', '工程']",3
沈阳大学,旅游管理,"['旅游', '管理']",3
沈阳大学,自动化(中外合作办学),"['自动化', '(', '中外合作', '办学', ')']",4
沈阳大学,工业工程(中外合作办学),"['工业', '工程', '(', '中外合作', '办学', ')']",5
上海立信会计金融学院,会计学,['会计学'],6
上海立信会计金融学院,财务管理,['财务管理'],5
上海立信会计金融学院,审计学,['审计学'],6
上海立信会计金融学院,金融学类,"['金融学', '类']",7
上海立信会计金融学院,金融工程,"['金融', '工程']",4
上海立信会计金融学院,工商管理类,"['工商管理', '类']",3
上海立信会计金融学院,经济学类,"['经济学', '类']",5
上海立信会计金融学院,财政学类,"['财政学', '类']",5
上海立信会计金融学院,行政管理,"['行政', '管理']",2
上海立信会计金融学院,劳动与社会保障,"['劳动', '与', '社会保障']",2
上海立信会计金融学院,应用统计学,"['应用', '统计学']",4
上海立信会计金融学院,数学与应用数学,"['数学', '与', '应用', '数学']",4
上海立信会计金融学院,金融数学,"['金融', '数学']",2
上海立信会计金融学院,信息管理与信息系统,"['信息管理', '与', '信息系统']",2
上海立信会计金融学院,计算机科学与技术,"['计算机科学', '与', '技术']",4
上海立信会计金融学院,电子商务,['电子商务'],2
上海立信会计金融学院,数据科学与大数据技术,"['数据', '科学', '与', '大', '数据', '技术']",2
上海立信会计金融学院,商务英语,['商务英语'],2
上海立信会计金融学院,保险学,['保险学'],2
上海立信会计金融学院,精算学,['精算学'],6
上海立信会计金融学院,法学,['法学'],2
上海立信会计金融学院,金融科技,"['金融', '科技']",4
上海立信会计金融学院,汉语言文学,"['汉语言', '文学']",1
上海立信会计金融学院,数字经济,"['数字', '经济']",1
上海立信会计金融学院,金融工程(中外合作办学)(中美合作),"['金融', '工程', '(', '中外合作', '办学', ')', '(', '中美合作', ')']",7
金陵科技学院,国际经济与贸易,"['国际', '经济', '与', '贸易']",1
金陵科技学院,市场营销,['市场营销'],1
金陵科技学院,会计学,['会计学'],1
金陵科技学院,汉语国际教育,"['汉语', '国际', '教育']",1
金陵科技学院,古典文献学,"['古典', '文献学']",1
金陵科技学院,行政管理,"['行政', '管理']",1
金陵科技学院,旅游管理,"['旅游', '管理']",1
金陵科技学院,机械设计制造及其自动化,"['机械设计', '制造', '及其', '自动化']",1
金陵科技学院,车辆工程,"['车辆', '工程']",1
金陵科技学院,建筑电气与智能化,"['建筑', '电气', '与', '智能化']",1
金陵科技学院,自动化,['自动化'],1
金陵科技学院,土木工程,['土木工程'],1
金陵科技学院,工程管理,"['工程', '管理']",1
金陵科技学院,数据科学与大数据技术,"['数据', '科学', '与', '大', '数据', '技术']",1
金陵科技学院,电子信息工程,"['电子', '信息工程']",1
金陵科技学院,通信工程,['通信工程'],1
金陵科技学院,光电信息科学与工程,"['光电', '信息科学', '与', '工程']",1
金陵科技学院,网络工程,['网络工程'],1
金陵科技学院,信息安全,['信息安全'],1
金陵科技学院,宝石及材料工艺学,"['宝石', '及', '材料', '工艺学']",1
淮阴工学院,园林,['园林'],2
淮阴工学院,农学,['农学'],2
淮阴工学院,国际经济与贸易,"['国际', '经济', '与', '贸易']",2
淮阴工学院,经济与金融,"['经济', '与', '金融']",2
淮阴工学院,财务管理,['财务管理'],2
淮阴工学院,会计学,['会计学'],2
淮阴工学院,社会工作,['社会工作'],4
淮阴工学院,英语,['英语'],3
淮阴工学院,俄语,['俄语'],2
淮阴工学院,行政管理,"['行政', '管理']",4
淮阴工学院,机械电子工程,"['机械', '电子', '工程']",2
淮阴工学院,金属材料工程,"['金属材料', '工程']",2
淮阴工学院,机器人工程,"['机器人', '工程']",2
淮阴工学院,软件工程,['软件工程'],3
淮阴工学院,化学工程与工艺,"['化学工程', '与', '工艺']",4
淮阴工学院,高分子材料与工程,"['高分子', '材料', '与', '工程']",4
淮阴工学院,生物工程,['生物工程'],4
淮阴工学院,交通运输,['交通运输'],2
淮阴工学院,车辆工程,"['车辆', '工程']",2
淮阴工学院,工程管理,"['工程', '管理']",2
淮阴工学院,应用物理学,"['应用', '物理学']",4
淮阴工学院,工业设计,"['工业', '设计']",3
徐州工程学院,土木工程,['土木工程'],3
徐州工程学院,电子信息工程,"['电子', '信息工程']",10
徐州工程学院,食品科学与工程,"['食品科学', '与', '工程']",10
徐州工程学院,生物工程,['生物工程'],10
徐州工程学院,物流工程,"['物流', '工程']",1
徐州工程学院,会计学,['会计学'],2
徐州工程学院,英语,['英语'],6
徐州工程学院,朝鲜语,['朝鲜语'],4
徐州工程学院,汉语言文学,"['汉语言', '文学']",6
徐州工程学院,国际经济与贸易,"['国际', '经济', '与', '贸易']",5
徐州工程学院,市场营销,['市场营销'],2
徐州工程学院,旅游管理,"['旅游', '管理']",1
徐州工程学院,电气工程及其自动化(中外合作办学),"['电气工程', '及其', '自动化', '(', '中外合作', '办学', ')']",3
徐州工程学院,机械电子工程(中外合作办学),"['机械', '电子', '工程', '(', '中外合作', '办学', ')']",2
常州工学院,机械设计制造及其自动化,"['机械设计', '制造', '及其', '自动化']",5
常州工学院,电气工程及其自动化,"['电气工程', '及其', '自动化']",5
浙江科技学院,智能制造工程,"['智能', '制造', '工程']",3
浙江科技学院,土木工程,['土木工程'],2
浙江科技学院,材料科学与工程,"['材料科学', '与', '工程']",3
浙江科技学院,信息管理与信息系统,"['信息管理', '与', '信息系统']",2
浙江科技学院,机械类(中德联合培养),"['机械类', '(', '中', '德', '联合', '培养', ')']",5
浙江科技学院,土木工程(中外合作办学)(中德合作办学),"['土木工程', '(', '中外合作', '办学', ')', '(', '中', '德', '合作', '办学', ')']",5
浙江科技学院,工业工程(中外合作办学)(中德合作办学),"['工业', '工程', '(', '中外合作', '办学', ')', '(', '中', '德', '合作', '办学', ')']",5
宁波工程学院,机械设计制造及其自动化,"['机械设计', '制造', '及其', '自动化']",6
宁波工程学院,车辆工程,"['车辆', '工程']",2
宁波工程学院,电子科学与技术,"['电子', '科学', '与', '技术']",3
宁波工程学院,电气工程及其自动化,"['电气工程', '及其', '自动化']",4
宁波工程学院,工程管理,"['工程', '管理']",2
宁波工程学院,油气储运工程,"['油气', '储运', '工程']",4
宁波工程学院,应用化学,['应用化学'],3
宁波工程学院,材料科学与工程,"['材料科学', '与', '工程']",2
宁波工程学院,会计学,['会计学'],2
宁波工程学院,物流工程,"['物流', '工程']",2
宁波工程学院,日语,['日语'],2
宁波工程学院,德语,['德语'],2
宁波工程学院,信息与计算科学,"['信息', '与', '计算', '科学']",3
宁波工程学院,会计学(中外合作办学)(4加0),"['会计学', '(', '中外合作', '办学', ')', '(', '4', '加', '0', ')']",3
合肥学院,机械设计制造及其自动化,"['机械设计', '制造', '及其', '自动化']",2
合肥学院,通信工程,['通信工程'],2
合肥学院,智能科学与技术,"['智能科学', '与', '技术']",2
合肥学院,交通工程,"['交通', '工程']",2
合肥学院,食品科学与工程,"['食品科学', '与', '工程']",2
合肥学院,生物工程,['生物工程'],2
合肥学院,国际经济与贸易,"['国际', '经济', '与', '贸易']",2
合肥学院,工商管理,['工商管理'],2
合肥学院,会计学,['会计学'],2
合肥学院,财务管理,['财务管理'],2
合肥学院,小学教育(师范类),"['小学', '教育', '(', '师范类', ')']",2
合肥学院,旅游管理,"['旅游', '管理']",4
合肥学院,物流管理(中外合作办学),"['物流', '管理', '(', '中外合作', '办学', ')']",4
厦门理工学院,机械设计制造及其自动化,"['机械设计', '制造', '及其', '自动化']",3
厦门理工学院,车辆工程,"['车辆', '工程']",4
厦门理工学院,新能源材料与器件,"['新能源', '材料', '与', '器件']",3
厦门理工学院,电气工程及其自动化,"['电气工程', '及其', '自动化']",3
厦门理工学院,通信工程,['通信工程'],3
厦门理工学院,计算机科学与技术,"['计算机科学', '与', '技术']",4
厦门理工学院,软件工程,['软件工程'],3
厦门理工学院,文化产业管理,"['文化产业', '管理']",3
厦门理工学院,网络与新媒体,"['网络', '与', '新', '媒体']",2
厦门理工学院,电子信息工程(中外合作办学),"['电子', '信息工程', '(', '中外合作', '办学', ')']",6
青岛大学,法学,['法学'],103
青岛大学,口腔医学,['口腔医学'],35
青岛大学,金融学,['金融学'],67
青岛大学,智能制造工程,"['智能', '制造', '工程']",73
青岛大学,食品科学与工程,"['食品科学', '与', '工程']",20
青岛大学,服装设计与工程,"['服装设计', '与', '工程']",53
青岛大学,西班牙语,['西班牙语'],13
青岛大学,软件工程,['软件工程'],115
青岛大学,临床医学(5+3一体化，儿科),"['临床医学', '(', '5', '+', '3', '一体化', '，', '儿科', ')']",20
青岛大学,法语,['法语'],16
青岛大学,财政学,['财政学'],29
青岛大学,德语,['德语'],26
青岛大学,英语,['英语'],19
青岛大学,药学,['药学'],56
青岛大学,自动化,['自动化'],150
青岛大学,会计学,['会计学'],110
青岛大学,预防医学,"['预防', '医学']",49
青岛大学,微电子科学与工程,"['微电子', '科学', '与', '工程']",83
青岛大学,旅游管理,"['旅游', '管理']",21
青岛大学,纺织工程,"['纺织', '工程']",40
青岛大学,生物技术,"['生物', '技术']",37
青岛大学,光电信息科学与工程,"['光电', '信息科学', '与', '工程']",26
青岛大学,护理学,['护理学'],35
青岛大学,临床医学,['临床医学'],279
青岛大学,朝鲜语,['朝鲜语'],17
青岛大学,经济学,['经济学'],57
青岛大学,电气工程及其自动化,"['电气工程', '及其', '自动化']",194
青岛大学,机械工程,['机械工程'],62
青岛大学,能源与动力工程,"['能源', '与', '动力工程']",57
青岛大学,测控技术与仪器,"['测控', '技术', '与', '仪器']",39
青岛大学,机器人工程,"['机器人', '工程']",61
青岛大学,工业设计,"['工业', '设计']",23
青岛大学,数学与应用数学,"['数学', '与', '应用', '数学']",111
青岛大学,通信工程,['通信工程'],77
青岛大学,汉语言文学,"['汉语言', '文学']",61
青岛大学,材料类,"['材料', '类']",143
青岛大学,医学影像学,"['医学', '影像学']",51
青岛大学,应用物理学,"['应用', '物理学']",66
青岛大学,应用心理学,"['应用', '心理学']",24
青岛大学,智能科学与技术,"['智能科学', '与', '技术']",68
青岛大学,日语,['日语'],19
青岛大学,医学检验技术,"['医学', '检验', '技术']",40
青岛大学,信息安全,['信息安全'],71
青岛大学,新闻学,['新闻学'],14
青岛大学,国际政治,"['国际', '政治']",17
青岛大学,电子信息工程,"['电子', '信息工程']",73
青岛大学,信息管理与信息系统,"['信息管理', '与', '信息系统']",23
青岛大学,化学工程与工艺,"['化学工程', '与', '工艺']",32
青岛大学,计算机科学与技术,"['计算机科学', '与', '技术']",112
青岛大学,应用化学,['应用化学'],78
青岛大学,新能源科学与工程,"['新', '能源科学', '与', '工程']",36
青岛大学,行政管理,"['行政', '管理']",13
青岛大学,轻化工程,"['轻化', '工程']",37
青岛大学,应用统计学,"['应用', '统计学']",64
青岛大学,物流管理,"['物流', '管理']",15
青岛大学,标准化工程,"['标准化', '工程']",21
青岛大学,国际经济与贸易,"['国际', '经济', '与', '贸易']",41
青岛大学,工商管理,['工商管理'],38
青岛大学,临床医学(5+3一体化),"['临床医学', '(', '5', '+', '3', '一体化', ')']",150
青岛大学,环境科学与工程,"['环境', '科学', '与', '工程']",52
青岛大学,西班牙语(中外合作办学),"['西班牙语', '(', '中外合作', '办学', ')']",79
青岛大学,化学工程与工艺(地方专项计划),"['化学工程', '与', '工艺', '(', '地方', '专项', '计划', ')']",10
青岛大学,光电信息科学与工程(地方专项计划),"['光电', '信息科学', '与', '工程', '(', '地方', '专项', '计划', ')']",5
青岛大学,轻化工程(地方专项计划),"['轻化', '工程', '(', '地方', '专项', '计划', ')']",20
青岛大学,信息管理与信息系统(地方专项计划),"['信息管理', '与', '信息系统', '(', '地方', '专项', '计划', ')']",5
青岛大学,信息安全(地方专项计划),"['信息安全', '(', '地方', '专项', '计划', ')']",5
青岛大学,材料类(地方专项计划),"['材料', '类', '(', '地方', '专项', '计划', ')']",10
青岛大学,应用物理学(地方专项计划),"['应用', '物理学', '(', '地方', '专项', '计划', ')']",10
青岛大学,应用统计学(地方专项计划),"['应用', '统计学', '(', '地方', '专项', '计划', ')']",5
青岛大学,法学(地方专项计划),"['法学', '(', '地方', '专项', '计划', ')']",10
青岛大学,机械工程(地方专项计划),"['机械工程', '(', '地方', '专项', '计划', ')']",15
青岛大学,会计学(地方专项计划),"['会计学', '(', '地方', '专项', '计划', ')']",5
青岛大学,国际政治(地方专项计划),"['国际', '政治', '(', '地方', '专项', '计划', ')']",5
青岛大学,测控技术与仪器(地方专项计划),"['测控', '技术', '与', '仪器', '(', '地方', '专项', '计划', ')']",10
青岛大学,标准化工程(地方专项计划),"['标准化', '工程', '(', '地方', '专项', '计划', ')']",5
青岛大学,纺织工程(地方专项计划),"['纺织', '工程', '(', '地方', '专项', '计划', ')']",20
青岛大学,护理学(地方专项计划),"['护理学', '(', '地方', '专项', '计划', ')']",15
青岛大学,电子信息工程(地方专项计划),"['电子', '信息工程', '(', '地方', '专项', '计划', ')']",5
青岛大学,能源与动力工程(地方专项计划),"['能源', '与', '动力工程', '(', '地方', '专项', '计划', ')']",10
青岛大学,通信工程(地方专项计划),"['通信工程', '(', '地方', '专项', '计划', ')']",5
青岛大学,服装设计与工程(地方专项计划),"['服装设计', '与', '工程', '(', '地方', '专项', '计划', ')']",5
青岛大学,环境科学与工程(地方专项计划),"['环境', '科学', '与', '工程', '(', '地方', '专项', '计划', ')']",10
青岛大学,汉语言文学(地方专项计划),"['汉语言', '文学', '(', '地方', '专项', '计划', ')']",10
青岛大学,行政管理(地方专项计划),"['行政', '管理', '(', '地方', '专项', '计划', ')']",10
青岛大学,旅游管理(地方专项计划),"['旅游', '管理', '(', '地方', '专项', '计划', ')']",10
青岛大学,软件工程(校企合作，与NIIT合作，软件外包方向),"['软件工程', '(', '校企', '合作', '，', '与', 'NIIT', '合作', '，', '软件', '外', '包', '方向', ')']",60
烟台大学,英语,['英语'],118
烟台大学,统计学,['统计学'],75
烟台大学,生物科学,['生物科学'],50
烟台大学,软件工程,['软件工程'],82
烟台大学,集成电路设计与集成系统,"['集成电路', '设计', '与', '集成系统']",85
烟台大学,药学,['药学'],150
烟台大学,生物工程,['生物工程'],75
烟台大学,食品科学与工程,"['食品科学', '与', '工程']",46
烟台大学,化学工程与工艺,"['化学工程', '与', '工艺']",95
烟台大学,知识产权,['知识产权'],29
烟台大学,信息与计算科学,"['信息', '与', '计算', '科学']",77
烟台大学,核工程与核技术,"['核工程', '与', '核技术']",35
烟台大学,能源与动力工程,"['能源', '与', '动力工程']",60
烟台大学,数学与应用数学,"['数学', '与', '应用', '数学']",135
烟台大学,投资学,"['投资', '学']",60
烟台大学,给排水科学与工程,"['给排水', '科学', '与', '工程']",65
烟台大学,材料科学与工程,"['材料科学', '与', '工程']",35
烟台大学,智能科学与技术,"['智能科学', '与', '技术']",70
烟台大学,建筑学,['建筑学'],78
烟台大学,国际经济与贸易,"['国际', '经济', '与', '贸易']",47
烟台大学,城乡规划,['城乡规划'],30
烟台大学,水产养殖学,"['水产', '养殖', '学']",25
烟台大学,会计学,['会计学'],65
烟台大学,人力资源管理,"['人力', '资源管理']",45
烟台大学,制药工程,"['制药', '工程']",70
烟台大学,通信工程,['通信工程'],72
烟台大学,应用物理学,"['应用', '物理学']",102
烟台大学,计算机科学与技术,"['计算机科学', '与', '技术']",120
烟台大学,应用化学,['应用化学'],120
烟台大学,生物制药,['生物制药'],70
烟台大学,法学,['法学'],158
烟台大学,海洋科学,"['海洋', '科学']",55
烟台大学,环保设备工程,"['环保', '设备', '工程']",25
烟台大学,自动化,['自动化'],74
烟台大学,工程管理,"['工程', '管理']",30
烟台大学,机械设计制造及其自动化,"['机械设计', '制造', '及其', '自动化']",195
烟台大学,工商管理,['工商管理'],67
烟台大学,机器人工程,"['机器人', '工程']",85
烟台大学,车辆工程,"['车辆', '工程']",90
烟台大学,汉语言文学,"['汉语言', '文学']",205
烟台大学,朝鲜语,['朝鲜语'],25
烟台大学,日语,['日语'],25
烟台大学,新闻学,['新闻学'],64
烟台大学,物联网工程,"['物', '联网', '工程']",65
烟台大学,环境科学与工程,"['环境', '科学', '与', '工程']",30
烟台大学,食品质量与安全,"['食品质量', '与', '安全']",69
烟台大学,土木工程,['土木工程'],95
烟台大学,高分子材料与工程,"['高分子', '材料', '与', '工程']",88
烟台大学,汉语国际教育,"['汉语', '国际', '教育']",40
烟台大学,电子信息科学与技术,"['电子信息', '科学', '与', '技术']",119
烟台大学,金属材料工程,"['金属材料', '工程']",20
烟台大学,本科预科班（招收边防军人子女）,"['本科', '预科班', '（', '招收', '边防军', '人', '子女', '）']",7
烟台大学,材料科学与工程(中外合作办学),"['材料科学', '与', '工程', '(', '中外合作', '办学', ')']",100
烟台大学,法学(中外合作办学),"['法学', '(', '中外合作', '办学', ')']",96
烟台大学,环保设备工程(中外合作办学),"['环保', '设备', '工程', '(', '中外合作', '办学', ')']",90
烟台大学,环境科学与工程(中外合作办学),"['环境', '科学', '与', '工程', '(', '中外合作', '办学', ')']",90
烟台大学,车辆工程(中外合作办学),"['车辆', '工程', '(', '中外合作', '办学', ')']",90
潍坊学院,法学,['法学'],112
潍坊学院,工程管理,"['工程', '管理']",27
潍坊学院,农业机械化及其自动化,"['农业', '机械化', '及其', '自动化']",24
潍坊学院,数据科学与大数据技术,"['数据', '科学', '与', '大', '数据', '技术']",51
潍坊学院,网络工程,['网络工程'],24
潍坊学院,小学教育(师范类),"['小学', '教育', '(', '师范类', ')']",64
潍坊学院,学前教育(师范类),"['学前教育', '(', '师范类', ')']",51
潍坊学院,土木工程,['土木工程'],50
潍坊学院,国际经济与贸易,"['国际', '经济', '与', '贸易']",37
潍坊学院,物理学(师范类),"['物理学', '(', '师范类', ')']",50
潍坊学院,化学工程与工艺,"['化学工程', '与', '工艺']",37
潍坊学院,英语(师范类),"['英语', '(', '师范类', ')']",65
潍坊学院,文物与博物馆学,"['文物', '与', '博物馆学']",24
潍坊学院,广播电视学,"['广播电视', '学']",36
潍坊学院,日语,['日语'],31
潍坊学院,数学与应用数学(师范类),"['数学', '与', '应用', '数学', '(', '师范类', ')']",47
潍坊学院,生物科学(师范类),"['生物科学', '(', '师范类', ')']",41
潍坊学院,制药工程,"['制药', '工程']",25
潍坊学院,旅游管理,"['旅游', '管理']",36
潍坊学院,车辆工程,"['车辆', '工程']",43
潍坊学院,软件工程,['软件工程'],38
潍坊学院,应用统计学,"['应用', '统计学']",36
潍坊学院,电子科学与技术,"['电子', '科学', '与', '技术']",37
潍坊学院,应用心理学,"['应用', '心理学']",30
潍坊学院,建筑学,['建筑学'],36
潍坊学院,通信工程,['通信工程'],37
潍坊学院,市场营销,['市场营销'],44
潍坊学院,化学(师范类),"['化学', '(', '师范类', ')']",40
潍坊学院,特殊教育(师范类),"['特殊教育', '(', '师范类', ')']",50
潍坊学院,信息与计算科学,"['信息', '与', '计算', '科学']",36
潍坊学院,计算机科学与技术,"['计算机科学', '与', '技术']",51
潍坊学院,经济与金融,"['经济', '与', '金融']",37
潍坊学院,会计学,['会计学'],66
潍坊学院,数字媒体技术,"['数字', '媒体', '技术']",26
潍坊学院,汉语言文学(师范类),"['汉语言', '文学', '(', '师范类', ')']",96
潍坊学院,设施农业科学与工程,"['设施', '农业', '科学', '与', '工程']",50
潍坊学院,工业设计,"['工业', '设计']",30
潍坊学院,环境工程,['环境工程'],25
潍坊学院,法语,['法语'],30
潍坊学院,园林,['园林'],50
潍坊学院,机械设计制造及其自动化,"['机械设计', '制造', '及其', '自动化']",50
潍坊学院,思想政治教育(师范类),"['思想', '政治', '教育', '(', '师范类', ')']",37
潍坊学院,种子科学与工程,"['种子', '科学', '与', '工程']",52
潍坊学院,光电信息科学与工程,"['光电', '信息科学', '与', '工程']",25
潍坊学院,行政管理,"['行政', '管理']",63
潍坊学院,机器人工程,"['机器人', '工程']",30
潍坊学院,朝鲜语,['朝鲜语'],30
潍坊学院,自动化,['自动化'],46
潍坊学院,生物技术,"['生物', '技术']",33
潍坊学院,历史学(师范类),"['历史学', '(', '师范类', ')']",37
潍坊学院,机械设计制造及其自动化(校企合作，与潍柴控股公司合作共建产业学院),"['机械设计', '制造', '及其', '自动化', '(', '校企', '合作', '，', '与', '潍柴', '控股公司', '合作', '共建', '产业', '学院', ')']",50
潍坊学院,市场营销(校企合作，与青岛英谷教育科技公司合作),"['市场营销', '(', '校企', '合作', '，', '与', '青岛', '英谷', '教育', '科技', '公司', '合作', ')']",70
潍坊学院,机械设计制造及其自动化(校企合作，与青岛英谷教育科技公司合作),"['机械设计', '制造', '及其', '自动化', '(', '校企', '合作', '，', '与', '青岛', '英谷', '教育', '科技', '公司', '合作', ')']",60
潍坊学院,自动化(校企合作，与青岛英谷教育科技公司合作),"['自动化', '(', '校企', '合作', '，', '与', '青岛', '英谷', '教育', '科技', '公司', '合作', ')']",60
潍坊学院,电子科学与技术(校企合作，与青岛英谷教育科技公司合作),"['电子', '科学', '与', '技术', '(', '校企', '合作', '，', '与', '青岛', '英谷', '教育', '科技', '公司', '合作', ')']",80
潍坊学院,电子科学与技术(校企合作，与歌尔股份公司合作共建产业学院),"['电子', '科学', '与', '技术', '(', '校企', '合作', '，', '与', '歌尔', '股份公司', '合作', '共建', '产业', '学院', ')']",40
潍坊学院,通信工程(校企合作，与青岛英谷教育科技公司合作),"['通信工程', '(', '校企', '合作', '，', '与', '青岛', '英谷', '教育', '科技', '公司', '合作', ')']",80
潍坊学院,计算机科学与技术(校企合作，与青岛英谷教育科技公司合作),"['计算机科学', '与', '技术', '(', '校企', '合作', '，', '与', '青岛', '英谷', '教育', '科技', '公司', '合作', ')']",80
潍坊学院,自动化(校企合作，与潍柴控股公司合作共建产业学院),"['自动化', '(', '校企', '合作', '，', '与', '潍柴', '控股公司', '合作', '共建', '产业', '学院', ')']",50
潍坊学院,数字媒体技术(校企合作，与杭州时光坐标影视传媒公司合作),"['数字', '媒体', '技术', '(', '校企', '合作', '，', '与', '杭州', '时光', '坐标', '影视', '传媒', '公司', '合作', ')']",40
潍坊学院,应用统计学(校企合作，与青岛英谷教育科技公司合作),"['应用', '统计学', '(', '校企', '合作', '，', '与', '青岛', '英谷', '教育', '科技', '公司', '合作', ')']",75
潍坊学院,电子信息工程(校企合作，与歌尔股份公司合作共建产业学院),"['电子', '信息工程', '(', '校企', '合作', '，', '与', '歌尔', '股份公司', '合作', '共建', '产业', '学院', ')']",40
潍坊学院,会计学(校企合作，与青岛英谷教育科技公司合作),"['会计学', '(', '校企', '合作', '，', '与', '青岛', '英谷', '教育', '科技', '公司', '合作', ')']",75
郑州工程技术学院,电子信息工程,"['电子', '信息工程']",3
郑州工程技术学院,机械设计制造及其自动化,"['机械设计', '制造', '及其', '自动化']",3
郑州工程技术学院,酒店管理,"['酒店', '管理']",3
郑州工程技术学院,物联网工程,"['物', '联网', '工程']",2
郑州工程技术学院,商务英语,['商务英语'],3
郑州工程技术学院,物流工程,"['物流', '工程']",3
郑州工程技术学院,高分子材料与工程,"['高分子', '材料', '与', '工程']",3
郑州工程技术学院,车辆工程,"['车辆', '工程']",3
郑州工程技术学院,广告学,['广告学'],4
郑州工程技术学院,软件工程,['软件工程'],2
郑州工程技术学院,智能建造,"['智能', '建造']",3
郑州工程技术学院,投资学,"['投资', '学']",3
洛阳理工学院,无机非金属材料工程,"['无机', '非金属材料', '工程']",8
洛阳理工学院,机械设计制造及其自动化,"['机械设计', '制造', '及其', '自动化']",4
洛阳理工学院,电气工程及其自动化,"['电气工程', '及其', '自动化']",4
洛阳理工学院,自动化,['自动化'],4
洛阳理工学院,计算机科学与技术,"['计算机科学', '与', '技术']",4
洛阳理工学院,软件工程,['软件工程'],4
洛阳理工学院,数据科学与大数据技术,"['数据', '科学', '与', '大', '数据', '技术']",4
洛阳理工学院,土木工程,['土木工程'],4
洛阳理工学院,建筑环境与能源应用工程,"['建筑', '环境', '与', '能源', '应用', '工程']",4
洛阳理工学院,工程造价,['工程造价'],4
洛阳理工学院,工商管理,['工商管理'],4
洛阳理工学院,会计学,['会计学'],4
洛阳理工学院,学前教育(师范类),"['学前教育', '(', '师范类', ')']",4
洛阳理工学院,英语,['英语'],2
洛阳理工学院,商务英语,['商务英语'],4
洛阳理工学院,新闻学,['新闻学'],4
洛阳理工学院,机械设计制造及其自动化(中外合作办学),"['机械设计', '制造', '及其', '自动化', '(', '中外合作', '办学', ')']",4
新乡学院,外国语言文学类,"['外国', '语言', '文学类']",4
新乡学院,新闻传播学类,"['新闻', '传播学', '类']",4
新乡学院,数学类,"['数学', '类']",6
新乡学院,生物技术,"['生物', '技术']",6
新乡学院,机械类,['机械类'],6
新乡学院,增材制造工程,"['增材', '制造', '工程']",6
新乡学院,电气工程及其自动化,"['电气工程', '及其', '自动化']",4
新乡学院,电子信息类,"['电子信息', '类']",6
新乡学院,计算机类,"['计算机', '类']",6
新乡学院,化学工程与工艺,"['化学工程', '与', '工艺']",6
新乡学院,制药工程,"['制药', '工程']",4
新乡学院,建筑类,"['建筑', '类']",6
新乡学院,物业管理(物业智能化管理方向),"['物业管理', '(', '物业', '智能化', '管理', '方向', ')']",5
新乡学院,健康服务与管理(智慧健康管理方向),"['健康', '服务', '与', '管理', '(', '智慧', '健康', '管理', '方向', ')']",6
新乡学院,电子商务,['电子商务'],5
新乡学院,酒店管理(旅居新业态方向),"['酒店', '管理', '(', '旅居', '新', '业态', '方向', ')']",5
江汉大学,日语,['日语'],5
三峡大学,水利水电工程,"['水利水电', '工程']",2
三峡大学,环境工程,['环境工程'],2
三峡大学,建筑类,"['建筑', '类']",6
三峡大学,机械设计制造及其自动化,"['机械设计', '制造', '及其', '自动化']",5
三峡大学,智能制造工程,"['智能', '制造', '工程']",5
三峡大学,材料类,"['材料', '类']",10
三峡大学,化学工程与工艺,"['化学工程', '与', '工艺']",10
三峡大学,电气工程及其自动化,"['电气工程', '及其', '自动化']",4
三峡大学,电气工程及其自动化(输电线路工程方向),"['电气工程', '及其', '自动化', '(', '输电', '线路', '工程', '方向', ')']",2
三峡大学,人力资源管理,"['人力', '资源管理']",2
三峡大学,国际经济与贸易,"['国际', '经济', '与', '贸易']",2
三峡大学,旅游管理,"['旅游', '管理']",2
三峡大学,物流管理,"['物流', '管理']",2
三峡大学,金融学,['金融学'],4
三峡大学,临床医学,['临床医学'],4
三峡大学,医学影像学,"['医学', '影像学']",2
三峡大学,中医学,['中医学'],2
三峡大学,护理学,['护理学'],2
三峡大学,预防医学,"['预防', '医学']",2
三峡大学,中国语言文学类,"['中国', '语言', '文学类']",2
三峡大学,广播电视学,"['广播电视', '学']",4
三峡大学,法学,['法学'],2
三峡大学,公共管理类,"['公共', '管理', '类']",4
三峡大学,物理学(设物理学、教师教育、光电信息3个专业方向),"['物理学', '(', '设', '物理学', '、', '教师', '教育', '、', '光电', '信息', '3', '个', '专业', '方向', ')']",4
三峡大学,数学类(设教师教育、大数据与科学计算2个专业方向),"['数学', '类', '(', '设', '教师', '教育', '、', '大', '数据', '与', '科学计算', '2', '个', '专业', '方向', ')']",4
三峡大学,化学,['化学'],6
三峡大学,制药工程,"['制药', '工程']",7
三峡大学,生物工程,['生物工程'],5
三峡大学,生物科学,['生物科学'],4
三峡大学,外国语言文学类,"['外国', '语言', '文学类']",2
三峡大学,电气工程及其自动化(中外合作办学),"['电气工程', '及其', '自动化', '(', '中外合作', '办学', ')']",2
长沙学院,土木工程,['土木工程'],2
长沙学院,机械设计制造及其自动化,"['机械设计', '制造', '及其', '自动化']",2
长沙学院,软件工程,['软件工程'],2
长沙学院,物联网工程,"['物', '联网', '工程']",2
长沙学院,电气工程及其自动化,"['电气工程', '及其', '自动化']",2
长沙学院,电子信息工程,"['电子', '信息工程']",2
长沙学院,法学,['法学'],2
长沙学院,汉语言文学,"['汉语言', '文学']",2
长沙学院,英语,['英语'],2
长沙学院,财务管理,['财务管理'],2
长沙学院,物业管理,['物业管理'],2
长沙学院,旅游管理,"['旅游', '管理']",2
长沙学院,应用化学,['应用化学'],2
长沙学院,功能材料,"['功能', '材料']",2
长沙学院,生物制药,['生物制药'],2
广州大学,国际经济与贸易,"['国际', '经济', '与', '贸易']",3
广州大学,统计学,['统计学'],3
广州大学,法学,['法学'],3
广州大学,应用心理学,"['应用', '心理学']",3
广州大学,广播电视学,"['广播电视', '学']",3
广州大学,会计学,['会计学'],3
广州大学,行政管理,"['行政', '管理']",4
广州大学,化学工程与工艺,"['化学工程', '与', '工艺']",4
广州大学,电子信息工程,"['电子', '信息工程']",4
广州大学,物联网工程,"['物', '联网', '工程']",4
广州大学,土木类,"['土木', '类']",6
成都大学,数据科学与大数据技术(中外合作办学),"['数据', '科学', '与', '大', '数据', '技术', '(', '中外合作', '办学', ')']",2
西安文理学院,文物与博物馆学,"['文物', '与', '博物馆学']",2
西安文理学院,历史学(师范类),"['历史学', '(', '师范类', ')']",2
西安文理学院,物联网工程,"['物', '联网', '工程']",2
西安文理学院,自动化,['自动化'],2
西安文理学院,电子商务,['电子商务'],2
海南热带海洋学院,国际事务与国际关系,"['国际事务', '与', '国际', '关系']",3
海南热带海洋学院,中国语言文学类,"['中国', '语言', '文学类']",6
海南热带海洋学院,俄语,['俄语'],2
海南热带海洋学院,新闻学,['新闻学'],3
海南热带海洋学院,历史学类,"['历史学', '类']",3
海南热带海洋学院,工商管理类,"['工商管理', '类']",4
海南热带海洋学院,物流管理,"['物流', '管理']",2
海南热带海洋学院,电子商务,['电子商务'],3
海南热带海洋学院,旅游管理类,"['旅游', '管理', '类']",4
海南热带海洋学院,数学与应用数学(师范类),"['数学', '与', '应用', '数学', '(', '师范类', ')']",2
海南热带海洋学院,海洋科学类,"['海洋', '科学', '类']",5
海南热带海洋学院,海洋资源与环境,"['海洋资源', '与', '环境']",3
海南热带海洋学院,生物科学类,"['生物科学', '类']",3
海南热带海洋学院,生态学,['生态学'],2
海南热带海洋学院,电子信息类,"['电子信息', '类']",2
海南热带海洋学院,计算机类,"['计算机', '类']",3
海南热带海洋学院,环境工程,['环境工程'],3
海南热带海洋学院,食品科学与工程类,"['食品科学', '与', '工程', '类']",5
海南热带海洋学院,水产养殖学,"['水产', '养殖', '学']",3
海南热带海洋学院,海洋渔业科学与技术,"['海洋渔业', '科学', '与', '技术']",3
海南热带海洋学院,市场营销(中外合作办学),"['市场营销', '(', '中外合作', '办学', ')']",5
海南热带海洋学院,旅游管理(中外合作办学),"['旅游', '管理', '(', '中外合作', '办学', ')']",11
华北科技学院,应急技术与管理,"['应急', '技术', '与', '管理']",8
华北科技学院,防灾减灾科学与工程,"['防灾', '减灾', '科学', '与', '工程']",8
华北科技学院,安全工程,['安全工程'],6
华北科技学院,采矿工程,['采矿工程'],21
华北科技学院,化工安全工程,"['化工', '安全工程']",12
华北科技学院,环境工程,['环境工程'],8
华北科技学院,矿物加工工程,"['矿物', '加工', '工程']",6
华北科技学院,材料科学与工程,"['材料科学', '与', '工程']",11
华北科技学院,应用化学,['应用化学'],15
华北科技学院,机械设计制造及其自动化,"['机械设计', '制造', '及其', '自动化']",4
华北科技学院,电气工程及其自动化,"['电气工程', '及其', '自动化']",4
华北科技学院,自动化,['自动化'],4
华北科技学院,通信工程,['通信工程'],6
华北科技学院,建筑电气与智能化,"['建筑', '电气', '与', '智能化']",10
华北科技学院,计算机科学与技术,"['计算机科学', '与', '技术']",3
华北科技学院,网络工程,['网络工程'],11
华北科技学院,物联网工程,"['物', '联网', '工程']",8
华北科技学院,网络空间安全,"['网络空间', '安全']",10
华北科技学院,会计学,['会计学'],6
华北科技学院,国际经济与贸易,"['国际', '经济', '与', '贸易']",6
华北科技学院,市场营销,['市场营销'],8
华北科技学院,公共事业管理,"['公共事业', '管理']",12
华北科技学院,土木工程,['土木工程'],8
华北科技学院,汉语言文学,"['汉语言', '文学']",9
华北科技学院,法学,['法学'],2
华北科技学院,英语,['英语'],8
华北科技学院,应用统计学,"['应用', '统计学']",10
华北科技学院,应急装备技术与工程,"['应急', '装备', '技术', '与', '工程']",5
华北科技学院,安全工程(中外合作办学)(职业安全与公共健康),"['安全工程', '(', '中外合作', '办学', ')', '(', '职业', '安全', '与', '公共', '健康', ')']",10
中国人民警察大学,消防工程,['消防工程'],4
中国人民警察大学,火灾勘查,"['火灾', '勘查']",2
中国人民警察大学,消防指挥,"['消防', '指挥']",4
中国人民警察大学,抢险救援指挥与技术,"['抢险', '救援', '指挥', '与', '技术']",4
中国人民警察大学,核生化消防,"['核生化', '消防']",4
广州航海学院,船舶与海洋工程,"['船舶', '与', '海洋工程']",2
广州航海学院,港口航道与海岸工程,"['港口', '航道', '与', '海岸', '工程']",2
成都工业学院,智能制造工程,"['智能', '制造', '工程']",2
成都工业学院,城市地下空间工程,"['城市', '地下', '空间', '工程']",2
成都工业学院,计算机类,"['计算机', '类']",2
成都工业学院,电子信息类,"['电子信息', '类']",2
成都工业学院,自动化,['自动化'],2
成都工业学院,网络工程,['网络工程'],2
成都工业学院,金融科技,"['金融', '科技']",2
成都工业学院,汽车服务工程,"['汽车', '服务', '工程']",2
成都工业学院,车辆工程,"['车辆', '工程']",2
扬州大学,英语(师范类),"['英语', '(', '师范类', ')']",1
扬州大学,日语,['日语'],2
扬州大学,高分子材料与工程,"['高分子', '材料', '与', '工程']",1
扬州大学,工程管理,"['工程', '管理']",1
扬州大学,电气工程及其自动化,"['电气工程', '及其', '自动化']",1
扬州大学,建筑环境与能源应用工程,"['建筑', '环境', '与', '能源', '应用', '工程']",3
扬州大学,环境工程,['环境工程'],1
扬州大学,给排水科学与工程,"['给排水', '科学', '与', '工程']",2
扬州大学,农学,['农学'],3
扬州大学,植物保护,['植物保护'],2
扬州大学,动物科学,"['动物', '科学']",1
扬州大学,动物医学,"['动物', '医学']",3
扬州大学,生物技术,"['生物', '技术']",1
扬州大学,经济学,['经济学'],2
扬州大学,工商管理,['工商管理'],2
扬州大学,汉语言文学(师范类),"['汉语言', '文学', '(', '师范类', ')']",1
扬州大学,法学,['法学'],1
扬州大学,土木工程,['土木工程'],2
扬州大学,烹饪与营养教育,"['烹饪', '与', '营养', '教育']",2
三江学院,英语,['英语'],2
三江学院,财务管理,['财务管理'],10
三江学院,国际经济与贸易,"['国际', '经济', '与', '贸易']",2
三江学院,物流管理,"['物流', '管理']",2
三江学院,软件工程,['软件工程'],13
三江学院,智能车辆工程,"['智能', '车辆', '工程']",2
三江学院,土木工程,['土木工程'],10
三江学院,集成电路设计与集成系统,"['集成电路', '设计', '与', '集成系统']",2
三江学院,电子信息工程,"['电子', '信息工程']",5
三江学院,旅游管理,"['旅游', '管理']",10
三江学院,文化产业管理,"['文化产业', '管理']",4
中华女子学院,女性学,"['女性', '学']",3
中华女子学院,社会工作,['社会工作'],4
中华女子学院,社会学,['社会学'],3
中华女子学院,法学,['法学'],4
中华女子学院,会计学,['会计学'],4
中华女子学院,人力资源管理,"['人力', '资源管理']",4
中华女子学院,学前教育(师范类),"['学前教育', '(', '师范类', ')']",4
中华女子学院,应用心理学(师范类),"['应用', '心理学', '(', '师范类', ')']",3
中华女子学院,数字媒体技术,"['数字', '媒体', '技术']",4
中华女子学院,金融学,['金融学'],4
中华女子学院,汉语国际教育(师范类),"['汉语', '国际', '教育', '(', '师范类', ')']",3
中华女子学院,网络与新媒体,"['网络', '与', '新', '媒体']",2
中华女子学院,养老服务管理,"['养老', '服务', '管理']",2
齐齐哈尔医学院,临床医学,['临床医学'],12
齐齐哈尔医学院,精神医学,"['精神', '医学']",2
齐齐哈尔医学院,预防医学,"['预防', '医学']",4
齐齐哈尔医学院,药学类,"['药学', '类']",1
齐齐哈尔医学院,医学检验技术,"['医学', '检验', '技术']",2
齐齐哈尔医学院,医学影像技术,"['医学影像', '技术']",5
齐齐哈尔医学院,信息管理与信息系统,"['信息管理', '与', '信息系统']",1
北京信息科技大学,机械设计制造及其自动化,"['机械设计', '制造', '及其', '自动化']",7
北京信息科技大学,工业设计,"['工业', '设计']",3
北京信息科技大学,机器人工程(勤信实验班),"['机器人', '工程', '(', '勤信', '实验班', ')']",2
北京信息科技大学,智能感知工程(勤信实验班),"['智能', '感知', '工程', '(', '勤信', '实验班', ')']",2
北京信息科技大学,自动化,['自动化'],3
北京信息科技大学,电气工程及其自动化,"['电气工程', '及其', '自动化']",2
北京信息科技大学,人工智能(勤信实验班),"['人工智能', '(', '勤信', '实验班', ')']",2
北京信息科技大学,物联网工程,"['物', '联网', '工程']",2
北京信息科技大学,电子信息类(勤信实验班),"['电子信息', '类', '(', '勤信', '实验班', ')']",2
北京信息科技大学,软件工程,['软件工程'],2
北京信息科技大学,数据科学与大数据技术,"['数据', '科学', '与', '大', '数据', '技术']",4
北京信息科技大学,计算机类(勤信实验班),"['计算机', '类', '(', '勤信', '实验班', ')']",3
北京信息科技大学,会计学(智能会计勤信实验班),"['会计学', '(', '智能', '会计', '勤信', '实验班', ')']",2
北京信息科技大学,国际经济与贸易,"['国际', '经济', '与', '贸易']",3
北京信息科技大学,传播学,['传播学'],2
北京信息科技大学,翻译,['翻译'],2
北京信息科技大学,电子信息科学与技术,"['电子信息', '科学', '与', '技术']",4
太原学院,计算机科学与技术,"['计算机科学', '与', '技术']",6
太原学院,网络工程,['网络工程'],6
太原学院,机械工程,['机械工程'],6
太原学院,汽车服务工程,"['汽车', '服务', '工程']",4
太原学院,建筑环境与能源应用工程,"['建筑', '环境', '与', '能源', '应用', '工程']",4
太原学院,土木工程,['土木工程'],6
太原学院,酒店管理,"['酒店', '管理']",4
太原学院,会展经济与管理,"['会展经济', '与', '管理']",4
大连大学,金融学,['金融学'],2
大连大学,国际经济与贸易,"['国际', '经济', '与', '贸易']",2
大连大学,法学,['法学'],3
大连大学,小学教育(师范类),"['小学', '教育', '(', '师范类', ')']",2
大连大学,运动康复,"['运动', '康复']",4
大连大学,汉语国际教育,"['汉语', '国际', '教育']",3
大连大学,日语,['日语'],3
大连大学,翻译,['翻译'],3
大连大学,化学,['化学'],6
大连大学,生物技术,"['生物', '技术']",3
大连大学,机械设计制造及其自动化,"['机械设计', '制造', '及其', '自动化']",2
大连大学,材料成型及控制工程,"['材料', '成型', '及', '控制工程']",5
大连大学,电子信息工程,"['电子', '信息工程']",3
大连大学,自动化,['自动化'],3
大连大学,计算机科学与技术,"['计算机科学', '与', '技术']",3
大连大学,软件工程,['软件工程'],2
大连大学,土木工程,['土木工程'],4
大连大学,建筑环境与能源应用工程,"['建筑', '环境', '与', '能源', '应用', '工程']",6
大连大学,化学工程与工艺,"['化学工程', '与', '工艺']",3
大连大学,制药工程,"['制药', '工程']",4
大连大学,环境工程,['环境工程'],4
大连大学,建筑学,['建筑学'],3
大连大学,生物工程,['生物工程'],4
大连大学,口腔医学,['口腔医学'],4
大连大学,医学检验技术,"['医学', '检验', '技术']",5
大连大学,护理学,['护理学'],6
大连大学,工程管理,"['工程', '管理']",5
大连大学,旅游管理,"['旅游', '管理']",4
大连大学,酒店管理,"['酒店', '管理']",5
大连大学,工商管理类,"['工商管理', '类']",3
大连大学,数学与应用数学,"['数学', '与', '应用', '数学']",3
大连大学,数据科学与大数据技术,"['数据', '科学', '与', '大', '数据', '技术']",3
大连大学,园艺,['园艺'],5
大连大学,临床医学(中山临床学院),"['临床医学', '(', '中山', '临床', '学院', ')']",3
大连大学,会计学(中外合作办学),"['会计学', '(', '中外合作', '办学', ')']",4
吉林工商学院,财政学,['财政学'],2
吉林工商学院,税收学,"['税收', '学']",2
吉林工商学院,金融学,['金融学'],4
吉林工商学院,国际经济与贸易,"['国际', '经济', '与', '贸易']",2
吉林工商学院,英语,['英语'],3
吉林工商学院,日语,['日语'],2
吉林工商学院,广告学,['广告学'],2
吉林工商学院,机械设计制造及其自动化,"['机械设计', '制造', '及其', '自动化']",2
吉林工商学院,机械电子工程,"['机械', '电子', '工程']",3
吉林工商学院,电子信息工程,"['电子', '信息工程']",4
吉林工商学院,食品质量与安全,"['食品质量', '与', '安全']",4
吉林工商学院,粮食工程,"['粮食', '工程']",2
吉林工商学院,烹饪与营养教育,"['烹饪', '与', '营养', '教育']",2
吉林工商学院,生物工程,['生物工程'],2
吉林工商学院,市场营销,['市场营销'],2
吉林工商学院,会计学,['会计学'],4
吉林工商学院,审计学,['审计学'],2
吉林工商学院,电子商务,['电子商务'],2
吉林工商学院,计算机科学与技术,"['计算机科学', '与', '技术']",4
南京工程学院,机械类,['机械类'],6
南京工程学院,土木类,"['土木', '类']",6
南京工程学院,环境科学与工程类,"['环境', '科学', '与', '工程', '类']",8
南京工程学院,工业工程,"['工业', '工程']",2
南京工程学院,材料成型及控制工程,"['材料', '成型', '及', '控制工程']",4
南京工程学院,交通设备与控制工程,"['交通设备', '与', '控制工程']",2
南京工程学院,机器人工程,"['机器人', '工程']",2
南京工程学院,计算机科学与技术,"['计算机科学', '与', '技术']",2
南京工程学院,电气工程及其自动化(电力系统及其自动化),"['电气工程', '及其', '自动化', '(', '电力系统', '及其', '自动化', ')']",3
南京工程学院,电气工程及其自动化(输配电工程),"['电气工程', '及其', '自动化', '(', '输配电', '工程', ')']",3
南京工程学院,电气工程与智能控制,"['电气工程', '与', '智能', '控制']",2
南京工程学院,通信工程,['通信工程'],2
南京工程学院,建筑学,['建筑学'],2
南京工程学院,会计学,['会计学'],2
南京工程学院,财务管理,['财务管理'],2
南京工程学院,劳动与社会保障,"['劳动', '与', '社会保障']",2
南京工程学院,社会工作,['社会工作'],3
南京工程学院,大数据管理与应用,"['大', '数据管理', '与', '应用']",2
南京工程学院,工程造价,['工程造价'],2
南京工程学院,能源动力类,"['能源动力', '类']",8
南京工程学院,材料类,"['材料', '类']",2
南京工程学院,软件工程(中外合作办学),"['软件工程', '(', '中外合作', '办学', ')']",6
南京工程学院,电气工程及其自动化(中外合作办学),"['电气工程', '及其', '自动化', '(', '中外合作', '办学', ')']",5
南京审计大学,经济学,['经济学'],2
南京审计大学,财政学,['财政学'],2
南京审计大学,税收学,"['税收', '学']",2
南京审计大学,金融学,['金融学'],3
南京审计大学,投资学,"['投资', '学']",2
南京审计大学,法学(法务会计),"['法学', '(', '法务', '会计', ')']",3
南京审计大学,计算机科学与技术,"['计算机科学', '与', '技术']",2
南京审计大学,工程审计,"['工程', '审计']",3
南京审计大学,工商管理,['工商管理'],3
南京审计大学,审计学,['审计学'],3
南京审计大学,会计学,['会计学'],3
南京审计大学,财务管理,['财务管理'],2
南京审计大学,金融工程(中外合作办学),"['金融', '工程', '(', '中外合作', '办学', ')']",2
南京审计大学,信息管理与信息系统(中外合作办学),"['信息管理', '与', '信息系统', '(', '中外合作', '办学', ')']",2
南京审计大学,工程管理(中外合作办学),"['工程', '管理', '(', '中外合作', '办学', ')']",2
南京审计大学,审计学(中外合作办学),"['审计学', '(', '中外合作', '办学', ')']",4
蚌埠学院,生物制药,['生物制药'],5
池州学院,材料化学,"['材料', '化学']",3
池州学院,高分子材料与工程,"['高分子', '材料', '与', '工程']",3
池州学院,计算机科学与技术,"['计算机科学', '与', '技术']",3
池州学院,网络工程,['网络工程'],4
池州学院,环境工程,['环境工程'],3
三明学院,市场营销,['市场营销'],2
三明学院,电子商务,['电子商务'],2
三明学院,数字媒体技术,"['数字', '媒体', '技术']",3
三明学院,物联网工程,"['物', '联网', '工程']",2
三明学院,网络工程,['网络工程'],2
三明学院,机械设计制造及其自动化,"['机械设计', '制造', '及其', '自动化']",5
三明学院,土木工程,['土木工程'],5
三明学院,汉语言文学(非师范类),"['汉语言', '文学', '(', '非', '师范类', ')']",3
三明学院,传播学,['传播学'],2
三明学院,商务英语,['商务英语'],2
龙岩学院,经济与贸易类,"['经济', '与', '贸易', '类']",6
龙岩学院,旅游管理,"['旅游', '管理']",2
龙岩学院,计算机科学与技术,"['计算机科学', '与', '技术']",2
龙岩学院,机械设计制造及其自动化,"['机械设计', '制造', '及其', '自动化']",2
福建商学院,人力资源管理,"['人力', '资源管理']",2
福建商学院,财务管理,['财务管理'],2
江西科技师范大学,日语,['日语'],2
江西科技师范大学,财务管理,['财务管理'],2
江西科技师范大学,国际经济与贸易,"['国际', '经济', '与', '贸易']",2
江西科技师范大学,法学,['法学'],3
江西科技师范大学,计算机科学与技术,"['计算机科学', '与', '技术']",2
江西科技师范大学,药物制剂,['药物制剂'],3
江西科技师范大学,金属材料工程,"['金属材料', '工程']",3
江西科技师范大学,汉语言文学(师范),"['汉语言', '文学', '(', '师范', ')']",3
江西科技师范大学,历史学(师范),"['历史学', '(', '师范', ')']",2
江西科技师范大学,英语(师范),"['英语', '(', '师范', ')']",2
江西科技师范大学,会计学(国际会计),"['会计学', '(', '国际会计', ')']",2
江西科技师范大学,旅游管理(含职教师范),"['旅游', '管理', '(', '含', '职教', '师范', ')']",3
江西科技师范大学,酒店管理(国际酒店),"['酒店', '管理', '(', '国际', '酒店', ')']",2
江西科技师范大学,物流管理(含职教师范),"['物流', '管理', '(', '含', '职教', '师范', ')']",3
江西科技师范大学,教育技术学(师范),"['教育', '技术', '学', '(', '师范', ')']",2
江西科技师范大学,学前教育(师范),"['学前教育', '(', '师范', ')']",2
江西科技师范大学,思想政治教育(师范),"['思想', '政治', '教育', '(', '师范', ')']",2
江西科技师范大学,数学与应用数学(师范),"['数学', '与', '应用', '数学', '(', '师范', ')']",2
江西科技师范大学,物理学(师范),"['物理学', '(', '师范', ')']",2
江西科技师范大学,化学(师范),"['化学', '(', '师范', ')']",2
江西科技师范大学,土木工程(含职教师范),"['土木工程', '(', '含', '职教', '师范', ')']",2
江西科技师范大学,食品科学与工程(含职教师范),"['食品科学', '与', '工程', '(', '含', '职教', '师范', ')']",2
江西科技师范大学,机械设计制造及其自动化(含职教师范),"['机械设计', '制造', '及其', '自动化', '(', '含', '职教', '师范', ')']",2
南昌工程学院,水利水电工程,"['水利水电', '工程']",5
南昌工程学院,水文与水资源工程,"['水文', '与', '水资源', '工程']",2
南昌工程学院,智慧水利,"['智慧', '水利']",4
南昌工程学院,土木工程,['土木工程'],4
南昌工程学院,城乡规划,['城乡规划'],2
南昌工程学院,工程造价,['工程造价'],2
南昌工程学院,机械设计制造及其自动化,"['机械设计', '制造', '及其', '自动化']",2
南昌工程学院,车辆工程,"['车辆', '工程']",2
南昌工程学院,机器人工程,"['机器人', '工程']",2
南昌工程学院,工业工程,"['工业', '工程']",2
南昌工程学院,电气工程及其自动化,"['电气工程', '及其', '自动化']",2
南昌工程学院,自动化,['自动化'],2
南昌工程学院,计算机科学与技术,"['计算机科学', '与', '技术']",4
南昌工程学院,数据科学与大数据技术,"['数据', '科学', '与', '大', '数据', '技术']",2
南昌工程学院,应用统计学,"['应用', '统计学']",2
南昌工程学院,市场营销,['市场营销'],2
南昌工程学院,物流管理,"['物流', '管理']",2
南昌工程学院,电子商务,['电子商务'],2
南昌工程学院,审计学,['审计学'],2
南昌工程学院,国际经济与贸易,"['国际', '经济', '与', '贸易']",2
南昌工程学院,新闻传播学类,"['新闻', '传播学', '类']",2
南昌工程学院,英语,['英语'],2
信阳农林学院,网络与新媒体,"['网络', '与', '新', '媒体']",5
信阳农林学院,网络工程,['网络工程'],5
信阳农林学院,制药工程,"['制药', '工程']",5
信阳农林学院,食品科学与工程,"['食品科学', '与', '工程']",5
信阳农林学院,园艺,['园艺'],5
信阳农林学院,水产养殖学,"['水产', '养殖', '学']",5
信阳农林学院,会计学,['会计学'],5
信阳农林学院,酒店管理,"['酒店', '管理']",5
河南工学院,工业工程,"['工业', '工程']",10
河南工学院,财务管理,['财务管理'],5
河南工学院,材料成型及控制工程,"['材料', '成型', '及', '控制工程']",10
河南工学院,电缆工程,"['电缆', '工程']",5
安阳工学院,网络工程,['网络工程'],2
安阳工学院,飞行器制造工程,"['飞行器', '制造', '工程']",2
安阳工学院,环境工程,['环境工程'],2
安阳工学院,物流管理,"['物流', '管理']",2
安阳工学院,食品科学与工程,"['食品科学', '与', '工程']",2
安阳工学院,电子商务,['电子商务'],2
安阳工学院,安全工程,['安全工程'],2
安阳工学院,飞行器适航技术,"['飞行器', '适航', '技术']",2
安阳工学院,商务英语(民航服务英语方向),"['商务英语', '(', '民航', '服务', '英语', '方向', ')']",2
安阳工学院,动物医学,"['动物', '医学']",2
安阳工学院,城乡规划(中外合作办学),"['城乡规划', '(', '中外合作', '办学', ')']",2
安阳工学院,机械电子工程(中外合作办学),"['机械', '电子', '工程', '(', '中外合作', '办学', ')']",2
安阳工学院,信息管理与信息系统(中外合作办学),"['信息管理', '与', '信息系统', '(', '中外合作', '办学', ')']",3
湖北警官学院,法学,['法学'],9
湖北警官学院,计算机科学与技术,"['计算机科学', '与', '技术']",3
湖北警官学院,信息安全,['信息安全'],3
荆楚理工学院,外国语言文学类,"['外国', '语言', '文学类']",6
荆楚理工学院,网络与新媒体,"['网络', '与', '新', '媒体']",3
荆楚理工学院,应用物理学,"['应用', '物理学']",2
荆楚理工学院,印刷工程,"['印刷', '工程']",2
荆楚理工学院,植物科学与技术,"['植物', '科学', '与', '技术']",2
荆楚理工学院,工商管理类,"['工商管理', '类']",3
荆楚理工学院,化学工程与工艺,"['化学工程', '与', '工艺']",2
湖南工程学院,商务英语,['商务英语'],4
湖南工程学院,材料化学,"['材料', '化学']",2
湖南工程学院,电子信息工程,"['电子', '信息工程']",2
湖南工程学院,自动化,['自动化'],2
湖南工程学院,化学工程与工艺,"['化学工程', '与', '工艺']",2
湖南工程学院,纺织工程,"['纺织', '工程']",4
湖南工程学院,建筑学,['建筑学'],4
湖南工程学院,工商管理,['工商管理'],2
湖南工程学院,会计学,['会计学'],2
湖南工程学院,机器人工程,"['机器人', '工程']",2
湖南工程学院,电气工程及其自动化(中外合作办学),"['电气工程', '及其', '自动化', '(', '中外合作', '办学', ')']",2
湖南工程学院,机械设计制造及其自动化(中外合作办学),"['机械设计', '制造', '及其', '自动化', '(', '中外合作', '办学', ')']",2
五邑大学,汉语言文学,"['汉语言', '文学']",2
五邑大学,电子信息工程,"['电子', '信息工程']",2
五邑大学,通信工程,['通信工程'],1
梧州学院,数字经济,"['数字', '经济']",1
梧州学院,机械设计制造及其自动化,"['机械设计', '制造', '及其', '自动化']",3
梧州学院,电子信息工程,"['电子', '信息工程']",2
梧州学院,汉语言文学,"['汉语言', '文学']",2
梧州学院,法学,['法学'],1
梧州学院,英语,['英语'],1
攀枝花学院,生物工程,['生物工程'],3
攀枝花学院,土木工程,['土木工程'],4
玉溪师范学院,思想政治教育(师范类),"['思想', '政治', '教育', '(', '师范类', ')']",2
玉溪师范学院,汉语言文学(师范类),"['汉语言', '文学', '(', '师范类', ')']",2
玉溪师范学院,泰语,['泰语'],2
玉溪师范学院,小学教育(师范类),"['小学', '教育', '(', '师范类', ')']",2
玉溪师范学院,化学(师范类),"['化学', '(', '师范类', ')']",2
玉溪师范学院,数学与应用数学(师范类),"['数学', '与', '应用', '数学', '(', '师范类', ')']",2
玉溪师范学院,物理学(师范类),"['物理学', '(', '师范类', ')']",2
玉溪师范学院,信息安全,['信息安全'],2
楚雄师范学院,社会工作,['社会工作'],5
楚雄师范学院,地理科学(师范类),"['地理', '科学', '(', '师范类', ')']",7
楚雄师范学院,自然地理与资源环境,"['自然地理', '与', '资源', '环境']",2
楚雄师范学院,生物技术,"['生物', '技术']",2
楚雄师范学院,会计学,['会计学'],3
云南警官学院,法学,['法学'],3
云南警官学院,网络空间安全,"['网络空间', '安全']",2
昆明学院,财务管理,['财务管理'],2
昆明学院,特殊教育(师范类),"['特殊教育', '(', '师范类', ')']",2
昆明学院,历史学(师范类),"['历史学', '(', '师范类', ')']",2
昆明学院,广播电视学,"['广播电视', '学']",2
昆明学院,英语(师范类),"['英语', '(', '师范类', ')']",2
昆明学院,软件工程,['软件工程'],2
昆明学院,电气工程及其自动化,"['电气工程', '及其', '自动化']",2
昆明学院,建筑学,['建筑学'],2
昆明学院,园艺,['园艺'],2
昆明学院,动物医学,"['动物', '医学']",3
昆明学院,植物保护,['植物保护'],2
昆明学院,护理学,['护理学'],2
昆明学院,烹饪与营养教育,"['烹饪', '与', '营养', '教育']",2
昆明学院,数学与应用数学(师范类),"['数学', '与', '应用', '数学', '(', '师范类', ')']",2
昆明学院,物理学(师范类),"['物理学', '(', '师范类', ')']",3
昆明学院,化学,['化学'],2
昆明学院,化学工程与工艺,"['化学工程', '与', '工艺']",2
榆林学院,数学与应用数学(师范类),"['数学', '与', '应用', '数学', '(', '师范类', ')']",3
榆林学院,化学(师范类),"['化学', '(', '师范类', ')']",3
榆林学院,机械设计制造及其自动化,"['机械设计', '制造', '及其', '自动化']",2
榆林学院,过程装备与控制工程,"['过程', '装备', '与', '控制工程']",2
榆林学院,土木工程,['土木工程'],3
榆林学院,给排水科学与工程,"['给排水', '科学', '与', '工程']",3
榆林学院,化学工程与工艺,"['化学工程', '与', '工艺']",3
榆林学院,安全工程,['安全工程'],3
榆林学院,动物科学,"['动物', '科学']",6
榆林学院,英语(师范类),"['英语', '(', '师范类', ')']",2
榆林学院,新能源科学与工程,"['新', '能源科学', '与', '工程']",2
榆林学院,建筑环境与能源应用工程,"['建筑', '环境', '与', '能源', '应用', '工程']",3
榆林学院,设施农业科学与工程,"['设施', '农业', '科学', '与', '工程']",3
榆林学院,机械设计制造及其自动化(中外合作办学),"['机械设计', '制造', '及其', '自动化', '(', '中外合作', '办学', ')']",3
商洛学院,思想政治教育(师范类),"['思想', '政治', '教育', '(', '师范类', ')']",2
商洛学院,应用心理学(师范类),"['应用', '心理学', '(', '师范类', ')']",2
商洛学院,网络与新媒体,"['网络', '与', '新', '媒体']",2
商洛学院,化学(师范类),"['化学', '(', '师范类', ')']",2
商洛学院,应用化学,['应用化学'],2
商洛学院,土木工程,['土木工程'],2
商洛学院,城乡规划,['城乡规划'],2
商洛学院,会计学,['会计学'],2
商洛学院,电气工程及其自动化(中外合作办学),"['电气工程', '及其', '自动化', '(', '中外合作', '办学', ')']",2
安康学院,思想政治教育(师范类),"['思想', '政治', '教育', '(', '师范类', ')']",2
安康学院,学前教育(师范类),"['学前教育', '(', '师范类', ')']",2
安康学院,秘书学,['秘书学'],2
安康学院,英语(师范类),"['英语', '(', '师范类', ')']",2
安康学院,商务英语,['商务英语'],2
安康学院,会计学,['会计学'],2
安康学院,财务管理,['财务管理'],2
安康学院,旅游管理,"['旅游', '管理']",2
安康学院,生物技术,"['生物', '技术']",2
安康学院,统计学,['统计学'],2
安康学院,计算机科学与技术,"['计算机科学', '与', '技术']",2
安康学院,制药工程,"['制药', '工程']",2
安康学院,环境生态工程,"['环境', '生态', '工程']",2
安康学院,食品科学与工程,"['食品科学', '与', '工程']",2
安康学院,农学,['农学'],2
安康学院,康复治疗学,"['康复', '治疗学']",2
安康学院,工程造价,['工程造价'],2
西安培华学院,新闻学,['新闻学'],2
西安培华学院,网络与新媒体,"['网络', '与', '新', '媒体']",2
西安培华学院,金融工程,"['金融', '工程']",5
西安培华学院,市场营销,['市场营销'],2
西安培华学院,会计学,['会计学'],2
西安培华学院,财务管理,['财务管理'],1
西安培华学院,人力资源管理,"['人力', '资源管理']",2
西安培华学院,法学,['法学'],5
西安培华学院,汉语言文学,"['汉语言', '文学']",5
西安培华学院,汉语国际教育,"['汉语', '国际', '教育']",5
西安培华学院,英语,['英语'],3
西安培华学院,日语,['日语'],2
西安培华学院,医学检验技术,"['医学', '检验', '技术']",2
西安培华学院,护理学,['护理学'],1
甘肃政法大学,金融学,['金融学'],1
甘肃政法大学,国际经济与贸易,"['国际', '经济', '与', '贸易']",1
甘肃政法大学,知识产权,['知识产权'],2
甘肃政法大学,政治学与行政学,"['政治学', '与', '行政', '学']",1
甘肃政法大学,思想政治教育,"['思想', '政治', '教育']",1
甘肃政法大学,汉语言文学,"['汉语言', '文学']",2
甘肃政法大学,新闻学,['新闻学'],2
甘肃政法大学,人工智能,['人工智能'],2
甘肃政法大学,计算机科学与技术,"['计算机科学', '与', '技术']",1
甘肃政法大学,信息安全,['信息安全'],2
甘肃政法大学,网络空间安全,"['网络空间', '安全']",2
甘肃政法大学,信息管理与信息系统,"['信息管理', '与', '信息系统']",1
甘肃政法大学,工商管理,['工商管理'],1
甘肃政法大学,市场营销,['市场营销'],1
甘肃政法大学,会计学,['会计学'],2
甘肃政法大学,财务管理,['财务管理'],1
甘肃政法大学,人力资源管理,"['人力', '资源管理']",2
甘肃政法大学,行政管理,"['行政', '管理']",2
甘肃政法大学,法学,['法学'],27
甘肃政法大学,英语(法律英语方向),"['英语', '(', '法律', '英语', '方向', ')']",2
甘肃政法大学,法学(卓越法治基地实验班政府法治方向),"['法学', '(', '卓越', '法治', '基地', '实验班', '政府', '法治', '方向', ')']",2
甘肃政法大学,英语(翻译方向),"['英语', '(', '翻译', '方向', ')']",2
甘肃政法大学,法学(卓越法治基地实验班生态环境法治方向),"['法学', '(', '卓越', '法治', '基地', '实验班', '生态环境', '法治', '方向', ')']",2
甘肃政法大学,法学(卓越法治基地实验班纪检方向),"['法学', '(', '卓越', '法治', '基地', '实验班', '纪检', '方向', ')']",2
甘肃政法大学,经济统计学,"['经济', '统计学']",1
甘肃政法大学,刑事科学技术(物证鉴定技术方向),"['刑事', '科学技术', '(', '物证', '鉴定', '技术', '方向', ')']",1
甘肃政法大学,法学(卓越法治基地实验班智慧法治方向),"['法学', '(', '卓越', '法治', '基地', '实验班', '智慧', '法治', '方向', ')']",2
甘肃政法大学,数据科学与大数据技术,"['数据', '科学', '与', '大', '数据', '技术']",1
甘肃政法大学,网络与新媒体,"['网络', '与', '新', '媒体']",1
北方民族大学,材料类,"['材料', '类']",5
北方民族大学,电气类,"['电气', '类']",2
北方民族大学,电子信息类,"['电子信息', '类']",2
北方民族大学,医学影像技术,"['医学影像', '技术']",2
北方民族大学,机械类,['机械类'],5
北方民族大学,旅游管理,"['旅游', '管理']",2
北方民族大学,公共管理类,"['公共', '管理', '类']",2
北方民族大学,化工与制药类,"['化工', '与', '制药', '类']",4
北方民族大学,制药工程(与合肥工业大学联合培养),"['制药', '工程', '(', '与', '合肥工业大学', '联合', '培养', ')']",2
北方民族大学,计算机类,"['计算机', '类']",5
北方民族大学,金融学,['金融学'],1
北方民族大学,工商管理类,"['工商管理', '类']",2
北方民族大学,法学,['法学'],2
北方民族大学,生物科学类,"['生物科学', '类']",1
北方民族大学,食品科学与工程(与合肥工业大学联合培养),"['食品科学', '与', '工程', '(', '与', '合肥工业大学', '联合', '培养', ')']",1
北方民族大学,土木类,"['土木', '类']",1
北方民族大学,水利水电工程,"['水利水电', '工程']",1
北方民族大学,外国语言文学类,"['外国', '语言', '文学类']",2
北方民族大学,日语,['日语'],2
北方民族大学,阿拉伯语,['阿拉伯语'],1
北方民族大学,汉语言文学,"['汉语言', '文学']",1
北方民族大学,新闻传播学类,"['新闻', '传播学', '类']",1
北方民族大学,民族学,['民族学'],1
北方民族大学,历史学,['历史学'],1
北方民族大学,数学类,"['数学', '类']",2
北方民族大学,统计学类,"['统计学', '类']",1
北方民族大学,数据科学与大数据技术,"['数据', '科学', '与', '大', '数据', '技术']",2
北方民族大学,金融数学,"['金融', '数学']",1
北方民族大学,经济学类,"['经济学', '类']",2
北方民族大学,电子商务,['电子商务'],1
北方民族大学,物流管理,"['物流', '管理']",1
北方民族大学,软件工程(中外合作办学),"['软件工程', '(', '中外合作', '办学', ')']",2
中国矿业大学(北京),采矿工程,['采矿工程'],2
中国矿业大学(北京),工业工程,"['工业', '工程']",2
中国矿业大学(北京),新能源科学与工程,"['新', '能源科学', '与', '工程']",3
中国矿业大学(北京),智能采矿工程,"['智能', '采矿工程']",4
中国矿业大学(北京),安全科学与工程类,"['安全', '科学', '与', '工程', '类']",9
中国矿业大学(北京),地球物理学,"['地球', '物理学']",4
中国矿业大学(北京),矿物加工工程,"['矿物', '加工', '工程']",6
中国矿业大学(北京),环境工程,['环境工程'],7
中国矿业大学(北京),化学工程与工艺,"['化学工程', '与', '工艺']",7
中国矿业大学(北京),碳储科学与工程,"['碳储', '科学', '与', '工程']",2
中国矿业大学(北京),计算机科学与技术,"['计算机科学', '与', '技术']",7
中国矿业大学(北京),电气工程及其自动化,"['电气工程', '及其', '自动化']",9
中国矿业大学(北京),材料科学与工程,"['材料科学', '与', '工程']",3
中国矿业大学(北京),人工智能,['人工智能'],4
中国矿业大学(北京),机械类,['机械类'],8
中国矿业大学(北京),工商管理类,"['工商管理', '类']",11
中国矿业大学(北京),工程力学,['工程力学'],5
中国矿业大学(北京),建筑学,['建筑学'],2
中国矿业大学(北京),城市地下空间工程,"['城市', '地下', '空间', '工程']",3
中国矿业大学(北京),智能建造,"['智能', '建造']",2
中国矿业大学(北京),数学类,"['数学', '类']",8
中国矿业大学(北京),法学,['法学'],4
中国矿业大学(北京),英语,['英语'],4
中国矿业大学(北京),行政管理,"['行政', '管理']",5
中国矿业大学(北京),地质类,"['地质', '类']",9
中国矿业大学(北京),测绘类,"['测绘', '类']",6
中国矿业大学(北京),土木工程,['土木工程'],10
中国石油大学(北京),安全工程,['安全工程'],4
中国石油大学(北京),材料科学与工程,"['材料科学', '与', '工程']",6
中国石油大学(北京),储能科学与工程,"['储能', '科学', '与', '工程']",2
中国石油大学(北京),电子信息工程,"['电子', '信息工程']",5
中国石油大学(北京),海洋油气工程,"['海洋', '油气', '工程']",4
中国石油大学(北京),化工与制药类,"['化工', '与', '制药', '类']",9
中国石油大学(北京),环境科学与工程类,"['环境', '科学', '与', '工程', '类']",7
中国石油大学(北京),机械类,['机械类'],15
中国石油大学(北京),计算机科学与技术,"['计算机科学', '与', '技术']",5
中国石油大学(北京),经济学类,"['经济学', '类']",4
中国石油大学(北京),能源与动力工程,"['能源', '与', '动力工程']",4
中国石油大学(北京),人工智能,['人工智能'],3
中国石油大学(北京),数学类,"['数学', '类']",4
中国石油大学(北京),碳储科学与工程,"['碳储', '科学', '与', '工程']",3
中国石油大学(北京),新能源科学与工程,"['新', '能源科学', '与', '工程']",4
中国石油大学(北京),信息管理与信息系统,"['信息管理', '与', '信息系统']",4
中国石油大学(北京),应用化学,['应用化学'],4
中国石油大学(北京),自动化,['自动化'],6
中国石油大学(北京),思想政治教育,"['思想', '政治', '教育']",5
中国石油大学(北京),英语,['英语'],4
中国石油大学(北京),地球物理学类,"['地球', '物理学', '类']",2
中国石油大学(北京),地质类,"['地质', '类']",6
中国石油大学(北京),工商管理类,"['工商管理', '类']",3
中国石油大学(北京),石油工程,"['石油', '工程']",8
中国石油大学(北京),油气储运工程,"['油气', '储运', '工程']",4
中国地质大学(北京),地质学(理科基地班),"['地质学', '(', '理科', '基地', '班', ')']",2
中国地质大学(北京),地理信息科学,"['地理信息', '科学']",3
中国地质大学(北京),地质学类(地质地矿类),"['地质学', '类', '(', '地质', '地矿', '类', ')']",10
中国地质大学(北京),地质工程,"['地质', '工程']",2
中国地质大学(北京),土木工程,['土木工程'],4
中国地质大学(北京),机械设计制造及其自动化,"['机械设计', '制造', '及其', '自动化']",2
中国地质大学(北京),安全工程,['安全工程'],2
中国地质大学(北京),城市地下空间工程,"['城市', '地下', '空间', '工程']",2
中国地质大学(北京),材料类,"['材料', '类']",5
中国地质大学(北京),计算机科学与技术,"['计算机科学', '与', '技术']",3
中国地质大学(北京),电气工程及其自动化,"['电气工程', '及其', '自动化']",2
中国地质大学(北京),电子信息工程,"['电子', '信息工程']",3
中国地质大学(北京),软件工程,['软件工程'],3
中国地质大学(北京),数据科学与大数据技术,"['数据', '科学', '与', '大', '数据', '技术']",2
中国地质大学(北京),人工智能,['人工智能'],2
中国地质大学(北京),水文与水资源工程,"['水文', '与', '水资源', '工程']",2
中国地质大学(北京),环境工程,['环境工程'],1
中国地质大学(北京),地下水科学与工程,"['地下水', '科学', '与', '工程']",3
中国地质大学(北京),环境生态工程,"['环境', '生态', '工程']",2
中国地质大学(北京),地质类(能源类),"['地质', '类', '(', '能源', '类', ')']",9
中国地质大学(北京),工商管理类,"['工商管理', '类']",2
中国地质大学(北京),经济学,['经济学'],2
中国地质大学(北京),信息管理与信息系统,"['信息管理', '与', '信息系统']",2
中国地质大学(北京),法学,['法学'],1
中国地质大学(北京),英语,['英语'],4
中国地质大学(北京),宝石及材料工艺学,"['宝石', '及', '材料', '工艺学']",2
中国地质大学(北京),地球物理学,"['地球', '物理学']",4
中国地质大学(北京),勘查技术与工程,"['勘查', '技术', '与', '工程']",2
中国地质大学(北京),智能地球探测,"['智能', '地球', '探测']",1
中国地质大学(北京),海洋科学,"['海洋', '科学']",3
中国地质大学(北京),海洋资源与环境,"['海洋资源', '与', '环境']",2
中国地质大学(北京),土地资源管理,"['土地', '资源管理']",1
中国地质大学(北京),测绘工程,"['测绘', '工程']",2
中国地质大学(北京),土地整治工程,"['土地', '整治', '工程']",2
中国地质大学(北京),自然资源登记与管理,"['自然资源', '登记', '与', '管理']",2
中国地质大学(北京),遥感科学与技术,"['遥感', '科学', '与', '技术']",2
中国地质大学(北京),数学与应用数学,"['数学', '与', '应用', '数学']",2
北京联合大学,数据科学与大数据技术,"['数据', '科学', '与', '大', '数据', '技术']",1
北京联合大学,计算机科学与技术,"['计算机科学', '与', '技术']",2
北京联合大学,软件工程(实验班),"['软件工程', '(', '实验班', ')']",7
北京联合大学,电子信息工程,"['电子', '信息工程']",1
北京联合大学,自动化,['自动化'],2
北京联合大学,机器人工程,"['机器人', '工程']",3
北京联合大学,金融学,['金融学'],7
北京联合大学,金融学(实验班),"['金融学', '(', '实验班', ')']",2
北京联合大学,会计学,['会计学'],3
北京联合大学,财务管理,['财务管理'],2
北京联合大学,电气工程及其自动化,"['电气工程', '及其', '自动化']",1
北京联合大学,教育康复学,"['教育', '康复', '学']",4
北京联合大学,网络与新媒体,"['网络', '与', '新', '媒体']",2
北京联合大学,法学,['法学'],2
北京联合大学,新闻学,['新闻学'],2
北京联合大学,会计学(国际会计),"['会计学', '(', '国际会计', ')']",2
北京联合大学,食品科学与工程(营养与健康),"['食品科学', '与', '工程', '(', '营养', '与', '健康', ')']",3
北京联合大学,生物工程,['生物工程'],2
北京联合大学,工程管理(投资与造价管理),"['工程', '管理', '(', '投资', '与', '造价', '管理', ')']",2
北京联合大学,人力资源管理,"['人力', '资源管理']",2
北京联合大学,旅游管理,"['旅游', '管理']",1
北京联合大学,旅游管理(博雅实验班),"['旅游', '管理', '(', '博雅', '实验班', ')']",2
北京联合大学,酒店管理,"['酒店', '管理']",2
北京联合大学,会展经济与管理,"['会展经济', '与', '管理']",3
北京联合大学,烹饪与营养教育,"['烹饪', '与', '营养', '教育']",5
北京联合大学,英语,['英语'],4
北京联合大学,西班牙语,['西班牙语'],4
北京城市学院,金融学(国际课程班),"['金融学', '(', '国际', '课程班', ')']",1
北京城市学院,国际经济与贸易,"['国际', '经济', '与', '贸易']",1
北京城市学院,学前教育,['学前教育'],2
北京城市学院,小学教育,"['小学', '教育']",2
北京城市学院,外国语言文学类,"['外国', '语言', '文学类']",19
北京城市学院,传播学,['传播学'],2
北京城市学院,文物与博物馆学,"['文物', '与', '博物馆学']",1
北京城市学院,机械类,['机械类'],1
北京城市学院,计算机科学与技术,"['计算机科学', '与', '技术']",1
北京城市学院,土木工程(智能设计与建造),"['土木工程', '(', '智能', '设计', '与', '建造', ')']",1
北京城市学院,建筑学,['建筑学'],1
北京城市学院,建筑学(中国传统建筑文化与技艺),"['建筑学', '(', '中国', '传统', '建筑', '文化', '与', '技艺', ')']",1
北京城市学院,城乡规划,['城乡规划'],1
北京城市学院,康复治疗学,"['康复', '治疗学']",1
北京城市学院,工程造价,['工程造价'],1
北京城市学院,工商管理类,"['工商管理', '类']",1
北京城市学院,跨境电子商务,"['跨境', '电子商务']",2
北京城市学院,会展经济与管理,"['会展经济', '与', '管理']",1
北京城市学院,软件工程(校企合作，阿里云校企合作班),"['软件工程', '(', '校企', '合作', '，', '阿里', '云', '校企', '合作', '班', ')']",1
北京城市学院,数据科学与大数据技术(校企合作，阿里云校企合作班),"['数据', '科学', '与', '大', '数据', '技术', '(', '校企', '合作', '，', '阿里', '云', '校企', '合作', '班', ')']",2
河北金融学院,金融学,['金融学'],3
河北金融学院,投资学,"['投资', '学']",2
河北金融学院,信用管理,"['信用', '管理']",2
河北金融学院,会计学,['会计学'],3
河北金融学院,保险学,['保险学'],4
河北金融学院,财政学,['财政学'],2
河北金融学院,税收学,"['税收', '学']",2
河北金融学院,工商管理类,"['工商管理', '类']",2
河北金融学院,经济学,['经济学'],3
河北金融学院,数字经济,"['数字', '经济']",3
河北金融学院,计算机类,"['计算机', '类']",6
河北金融学院,英语,['英语'],2
河北金融学院,商务英语,['商务英语'],2
河北金融学院,翻译,['翻译'],2
河北金融学院,人工智能,['人工智能'],3
河北金融学院,金融科技,"['金融', '科技']",2
河北金融学院,数据科学与大数据技术,"['数据', '科学', '与', '大', '数据', '技术']",3
河北金融学院,金融学(中外合作办学),"['金融学', '(', '中外合作', '办学', ')']",2
河北金融学院,财务管理(中外合作办学),"['财务管理', '(', '中外合作', '办学', ')']",2
集宁师范学院,汉语言文学(师范类),"['汉语言', '文学', '(', '师范类', ')']",5
集宁师范学院,英语(师范类),"['英语', '(', '师范类', ')']",5
集宁师范学院,数学与应用数学(师范类),"['数学', '与', '应用', '数学', '(', '师范类', ')']",5
辽宁科技学院,自动化,['自动化'],2
辽宁科技学院,工程造价,['工程造价'],2
辽宁科技学院,冶金工程,"['冶金', '工程']",2
辽宁科技学院,制药工程,"['制药', '工程']",2
辽宁科技学院,计算机科学与技术,"['计算机科学', '与', '技术']",2
长春工程学院,电气工程及其自动化,"['电气工程', '及其', '自动化']",2
长春工程学院,智能电网信息工程,"['智能', '电网', '信息工程']",2
长春工程学院,自动化,['自动化'],4
长春工程学院,道路桥梁与渡河工程,"['道路', '桥梁', '与', '渡河', '工程']",3
长春工程学院,土木工程,['土木工程'],2
长春工程学院,测绘工程,"['测绘', '工程']",3
长春工程学院,资源勘查工程,"['资源', '勘查', '工程']",3
长春工程学院,机械设计制造及其自动化,"['机械设计', '制造', '及其', '自动化']",2
长春工程学院,机器人工程,"['机器人', '工程']",2
长春工程学院,汽车服务工程,"['汽车', '服务', '工程']",2
长春工程学院,应急技术与管理,"['应急', '技术', '与', '管理']",3
长春工程学院,环境科学,"['环境', '科学']",3
长春工程学院,水利水电工程,"['水利水电', '工程']",1
长春工程学院,农业水利工程,"['农业', '水利工程']",2
长春工程学院,建筑环境与能源应用工程,"['建筑', '环境', '与', '能源', '应用', '工程']",2
长春工程学院,能源与动力工程,"['能源', '与', '动力工程']",4
长春工程学院,新能源科学与工程,"['新', '能源科学', '与', '工程']",2
长春工程学院,工程管理,"['工程', '管理']",2
长春工程学院,工程造价,['工程造价'],2
长春工程学院,建筑学,['建筑学'],2
长春工程学院,应用化学,['应用化学'],2
长春工程学院,计算机科学与技术,"['计算机科学', '与', '技术']",4
长春工程学院,软件工程,['软件工程'],2
长春工程学院,数据科学与大数据技术,"['数据', '科学', '与', '大', '数据', '技术']",2
长春工程学院,本科预科班（招收边防军人子女）,"['本科', '预科班', '（', '招收', '边防军', '人', '子女', '）']",6
长春工程学院,机械设计制造及其自动化(中外合作办学),"['机械设计', '制造', '及其', '自动化', '(', '中外合作', '办学', ')']",18
长春工程学院,土木工程(中外合作办学),"['土木工程', '(', '中外合作', '办学', ')']",15
长春工程学院,电气工程及其自动化(中外合作办学),"['电气工程', '及其', '自动化', '(', '中外合作', '办学', ')']",10
长春工程学院,能源与动力工程(中外合作办学),"['能源', '与', '动力工程', '(', '中外合作', '办学', ')']",7
吉林农业科技学院,机械设计制造及其自动化,"['机械设计', '制造', '及其', '自动化']",3
吉林农业科技学院,智能制造工程,"['智能', '制造', '工程']",2
吉林农业科技学院,电子信息科学与技术,"['电子信息', '科学', '与', '技术']",3
吉林农业科技学院,数据科学与大数据技术,"['数据', '科学', '与', '大', '数据', '技术']",2
吉林农业科技学院,土木工程,['土木工程'],2
吉林农业科技学院,生物制药,['生物制药'],2
吉林农业科技学院,动物医学,"['动物', '医学']",2
吉林农业科技学院,植物生产类,"['植物', '生产', '类']",2
吉林农业科技学院,食品科学与工程类,"['食品科学', '与', '工程', '类']",3
吉林农业科技学院,工商管理类,"['工商管理', '类']",3
吉林农业科技学院,中药学类,"['中药学', '类']",4
吉林农业科技学院,机械设计制造及其自动化(中外合作办学),"['机械设计', '制造', '及其', '自动化', '(', '中外合作', '办学', ')']",6
吉林农业科技学院,动物医学(中外合作办学),"['动物', '医学', '(', '中外合作', '办学', ')']",6
吉林警察学院,财务管理,['财务管理'],20
吉林警察学院,法学,['法学'],20
吉林警察学院,计算机科学与技术,"['计算机科学', '与', '技术']",20
黑龙江工业学院,商务英语,['商务英语'],1
黑龙江工业学院,智能制造工程,"['智能', '制造', '工程']",2
黑龙江工业学院,电气工程及其自动化,"['电气工程', '及其', '自动化']",5
黑龙江工业学院,数据科学与大数据技术,"['数据', '科学', '与', '大', '数据', '技术']",3
黑龙江工业学院,俄语,['俄语'],3
黑龙江工业学院,土木工程,['土木工程'],12
黑龙江工业学院,测绘工程,"['测绘', '工程']",2
黑龙江工业学院,商务经济学,"['商务', '经济学']",3
黑龙江工业学院,市场营销,['市场营销'],3
黑龙江工业学院,财务管理,['财务管理'],2
黑龙江工业学院,中国共产党历史,"['中国共产党', '历史']",1
黑龙江工业学院,学前教育(师范类),"['学前教育', '(', '师范类', ')']",1
黑龙江工业学院,秘书学,['秘书学'],3
黑龙江工业学院,网络与新媒体,"['网络', '与', '新', '媒体']",2
黑龙江工业学院,机械设计制造及其自动化,"['机械设计', '制造', '及其', '自动化']",4
黑龙江工业学院,材料科学与工程,"['材料科学', '与', '工程']",2
黑龙江工业学院,采矿工程,['采矿工程'],2
黑龙江工业学院,矿物加工工程,"['矿物', '加工', '工程']",2
黑龙江工业学院,人工智能,['人工智能'],2
黑龙江东方学院,生物工程,['生物工程'],5
黑龙江东方学院,土木工程,['土木工程'],5
黑龙江东方学院,机械设计制造及其自动化,"['机械设计', '制造', '及其', '自动化']",10
黑龙江东方学院,机械电子工程,"['机械', '电子', '工程']",5
黑龙江东方学院,财务管理,['财务管理'],5
黑龙江东方学院,新闻学,['新闻学'],5
黑龙江东方学院,朝鲜语,['朝鲜语'],5
上海电机学院,电气类,"['电气', '类']",4
上海电机学院,机械类(汽车类),"['机械类', '(', '汽车', '类', ')']",2
上海电机学院,智能制造工程,"['智能', '制造', '工程']",2
上海电机学院,计算机类,"['计算机', '类']",3
上海电机学院,电子信息工程,"['电子', '信息工程']",2
上海电机学院,德语,['德语'],2
上海电机学院,英语,['英语'],3
上海电机学院,经济学类,"['经济学', '类']",4
上海电机学院,机械电子工程(中外合作办学)(中德合作),"['机械', '电子', '工程', '(', '中外合作', '办学', ')', '(', '中', '德', '合作', ')']",5
上海电机学院,物流管理(中外合作办学)(中德合作),"['物流', '管理', '(', '中外合作', '办学', ')', '(', '中', '德', '合作', ')']",2
上海电机学院,国际经济与贸易(中外合作办学)(中美合作),"['国际', '经济', '与', '贸易', '(', '中外合作', '办学', ')', '(', '中美合作', ')']",3
南京晓庄学院,日语,['日语'],2
南京晓庄学院,通信工程,['通信工程'],2
南京晓庄学院,食品科学与工程,"['食品科学', '与', '工程']",2
南京晓庄学院,物理学(师范类),"['物理学', '(', '师范类', ')']",2
南京晓庄学院,化学(师范类),"['化学', '(', '师范类', ')']",3
南京晓庄学院,数学与应用数学(师范类),"['数学', '与', '应用', '数学', '(', '师范类', ')']",2
南京晓庄学院,英语(师范类),"['英语', '(', '师范类', ')']",2
江苏理工学院,机械电子工程,"['机械', '电子', '工程']",2
江苏理工学院,交通运输,['交通运输'],3
江苏理工学院,功能材料,"['功能', '材料']",2
江苏理工学院,会计学,['会计学'],4
江苏理工学院,英语(师范类),"['英语', '(', '师范类', ')']",2
江苏理工学院,德语,['德语'],3
江苏理工学院,汉语言文学(师范类),"['汉语言', '文学', '(', '师范类', ')']",6
江苏理工学院,环境工程(中外合作办学),"['环境工程', '(', '中外合作', '办学', ')']",3
浙江财经大学,财政学类,"['财政学', '类']",6
浙江财经大学,公共管理类,"['公共', '管理', '类']",4
浙江财经大学,管理科学与工程类,"['管理科学', '与', '工程', '类']",2
浙江财经大学,工商管理类(财会类),"['工商管理', '类', '(', '财会', '类', ')']",6
浙江财经大学,金融学类,"['金融学', '类']",3
浙江财经大学,工商管理类,"['工商管理', '类']",5
浙江财经大学,计算机类,"['计算机', '类']",11
浙江财经大学,电子商务类,"['电子商务', '类']",2
浙江财经大学,经济与贸易类,"['经济', '与', '贸易', '类']",10
浙江财经大学,法学类,['法学类'],5
浙江财经大学,外国语言文学类,"['外国', '语言', '文学类']",4
浙江财经大学,统计学类,"['统计学', '类']",6
浙江财经大学,计算机类(大数据),"['计算机', '类', '(', '大', '数据', ')']",3
浙江财经大学,中国语言文学类,"['中国', '语言', '文学类']",6
浙江财经大学,新闻传播学类,"['新闻', '传播学', '类']",4
浙江财经大学,会计学(中外合作办学),"['会计学', '(', '中外合作', '办学', ')']",2
浙江财经大学,金融学(中外合作办学),"['金融学', '(', '中外合作', '办学', ')']",2
浙江财经大学,市场营销(中外合作办学),"['市场营销', '(', '中外合作', '办学', ')']",7
衢州学院,化学工程与工艺,"['化学工程', '与', '工艺']",6
衢州学院,环境工程,['环境工程'],5
衢州学院,机械设计制造及其自动化,"['机械设计', '制造', '及其', '自动化']",4
衢州学院,数学与应用数学(师范类),"['数学', '与', '应用', '数学', '(', '师范类', ')']",10
衢州学院,商务英语,['商务英语'],5
莆田学院,机器人工程,"['机器人', '工程']",4
莆田学院,软件工程,['软件工程'],6
莆田学院,物联网工程,"['物', '联网', '工程']",4
莆田学院,数据科学与大数据技术,"['数据', '科学', '与', '大', '数据', '技术']",5
莆田学院,智能科学与技术,"['智能科学', '与', '技术']",5
莆田学院,公共事业管理(中外合作办学)(以培养医疗健康产业管理人才为主),"['公共事业', '管理', '(', '中外合作', '办学', ')', '(', '以', '培养', '医疗', '健康', '产业', '管理', '人才', '为主', ')']",2
新余学院,新能源材料与器件,"['新能源', '材料', '与', '器件']",2
新余学院,新能源科学与工程,"['新', '能源科学', '与', '工程']",2
新余学院,材料科学与工程,"['材料科学', '与', '工程']",2
新余学院,机械设计制造及其自动化,"['机械设计', '制造', '及其', '自动化']",2
新余学院,材料成型及控制工程,"['材料', '成型', '及', '控制工程']",1
新余学院,电气工程及其自动化,"['电气工程', '及其', '自动化']",1
新余学院,机器人工程,"['机器人', '工程']",1
新余学院,数据科学与大数据技术,"['数据', '科学', '与', '大', '数据', '技术']",2
新余学院,信息与计算科学,"['信息', '与', '计算', '科学']",2
新余学院,数学与应用数学(师范类),"['数学', '与', '应用', '数学', '(', '师范类', ')']",2
新余学院,软件工程,['软件工程'],1
新余学院,土木工程,['土木工程'],1
新余学院,工程造价,['工程造价'],2
新余学院,智能建造,"['智能', '建造']",2
新余学院,电子信息工程,"['电子', '信息工程']",2
新余学院,通信工程,['通信工程'],1
新余学院,计算机科学与技术(软件开发),"['计算机科学', '与', '技术', '(', '软件开发', ')']",2
新余学院,计算机科学与技术(智能科学),"['计算机科学', '与', '技术', '(', '智能科学', ')']",2
新余学院,汉语言文学(师范类),"['汉语言', '文学', '(', '师范类', ')']",1
新余学院,网络与新媒体,"['网络', '与', '新', '媒体']",1
新余学院,英语(师范类),"['英语', '(', '师范类', ')']",1
新余学院,商务英语,['商务英语'],2
新余学院,市场营销,['市场营销'],1
新余学院,财务管理,['财务管理'],2
新余学院,电子商务,['电子商务'],1
新余学院,护理学,['护理学'],1
新余学院,康复治疗学,"['康复', '治疗学']",1
新余学院,健康服务与管理,"['健康', '服务', '与', '管理']",2
新余学院,学前教育(师范类),"['学前教育', '(', '师范类', ')']",2
山东交通学院,电气工程及其自动化,"['电气工程', '及其', '自动化']",36
山东交通学院,工程管理,"['工程', '管理']",44
山东交通学院,俄语,['俄语'],18
山东交通学院,审计学,['审计学'],24
山东交通学院,财务管理,['财务管理'],48
山东交通学院,计算机科学与技术,"['计算机科学', '与', '技术']",43
山东交通学院,测绘工程,"['测绘', '工程']",47
山东交通学院,海洋机器人,"['海洋', '机器人']",26
山东交通学院,船舶与海洋工程,"['船舶', '与', '海洋工程']",50
山东交通学院,机械设计制造及其自动化,"['机械设计', '制造', '及其', '自动化']",68
山东交通学院,遥感科学与技术,"['遥感', '科学', '与', '技术']",41
山东交通学院,材料科学与工程,"['材料科学', '与', '工程']",55
山东交通学院,法学,['法学'],84
山东交通学院,交通运输,['交通运输'],51
山东交通学院,土木类,"['土木', '类']",148
山东交通学院,安全工程,['安全工程'],59
山东交通学院,人力资源管理,"['人力', '资源管理']",26
山东交通学院,电子信息工程,"['电子', '信息工程']",42
山东交通学院,物联网工程,"['物', '联网', '工程']",41
山东交通学院,能源与动力工程,"['能源', '与', '动力工程']",34
山东交通学院,国际经济与贸易,"['国际', '经济', '与', '贸易']",45
山东交通学院,交通运输(轨道交通运营与管理方向),"['交通运输', '(', '轨道交通', '运营', '与', '管理', '方向', ')']",40
山东交通学院,智慧交通,"['智慧', '交通']",55
山东交通学院,机器人工程,"['机器人', '工程']",39
山东交通学院,机械类(车辆),"['机械类', '(', '车辆', ')']",105
山东交通学院,物流工程,"['物流', '工程']",93
山东交通学院,海洋技术,"['海洋', '技术']",22
山东交通学院,材料成型及控制工程,"['材料', '成型', '及', '控制工程']",35
山东交通学院,市场营销,['市场营销'],26
山东交通学院,数据科学与大数据技术,"['数据', '科学', '与', '大', '数据', '技术']",38
山东交通学院,自动化,['自动化'],40
山东交通学院,智能制造工程,"['智能', '制造', '工程']",38
山东交通学院,测控技术与仪器,"['测控', '技术', '与', '仪器']",32
山东交通学院,数字经济,"['数字', '经济']",46
山东交通学院,轨道交通信号与控制,"['轨道交通', '信号', '与', '控制']",45
山东交通学院,港口航道与海岸工程,"['港口', '航道', '与', '海岸', '工程']",45
山东交通学院,飞行器制造工程,"['飞行器', '制造', '工程']",48
山东交通学院,轨道交通电气与控制,"['轨道交通', '电气', '与', '控制']",41
山东交通学院,交通工程,"['交通', '工程']",45
山东交通学院,机械电子工程,"['机械', '电子', '工程']",36
山东交通学院,金融工程,"['金融', '工程']",48
山东交通学院,机械工程,['机械工程'],35
山东交通学院,交通管理,['交通管理'],33
山东交通学院,海事管理,"['海事', '管理']",35
山东交通学院,英语,['英语'],58
山东交通学院,土木工程(中外合作办学)(双证),"['土木工程', '(', '中外合作', '办学', ')', '(', '双证', ')']",79
山东交通学院,计算机科学与技术(中外合作办学)(双证),"['计算机科学', '与', '技术', '(', '中外合作', '办学', ')', '(', '双证', ')']",86
山东交通学院,交通运输(中外合作办学)(双证),"['交通运输', '(', '中外合作', '办学', ')', '(', '双证', ')']",53
山东交通学院,电气工程及其自动化(中外合作办学),"['电气工程', '及其', '自动化', '(', '中外合作', '办学', ')']",60
山东交通学院,电子商务(校企合作，与山东网商科技集团有限公司合作),"['电子商务', '(', '校企', '合作', '，', '与', '山东', '网商', '科技', '集团', '有限公司', '合作', ')']",60
山东交通学院,信息与计算科学(校企合作，与北京学佳澳公司合作),"['信息', '与', '计算', '科学', '(', '校企', '合作', '，', '与', '北京', '学佳澳', '公司', '合作', ')']",80
山东交通学院,日语(校企合作，与山东网商科技集团有限公司合作),"['日语', '(', '校企', '合作', '，', '与', '山东', '网商', '科技', '集团', '有限公司', '合作', ')']",35
山东交通学院,信息与计算科学(校企合作，与济南博赛公司合作),"['信息', '与', '计算', '科学', '(', '校企', '合作', '，', '与', '济南', '博赛', '公司', '合作', ')']",80
山东交通学院,轮机工程(校企合作，与山东东弘国际船员有限公司合作),"['轮机', '工程', '(', '校企', '合作', '，', '与', '山东', '东弘', '国际', '船员', '有限公司', '合作', ')']",40
山东交通学院,船舶电子电气工程(校企合作，与山东东弘国际船员有限公司合作),"['船舶', '电子', '电气工程', '(', '校企', '合作', '，', '与', '山东', '东弘', '国际', '船员', '有限公司', '合作', ')']",40
山东交通学院,俄语(校企合作，与山东网商科技集团有限公司合作),"['俄语', '(', '校企', '合作', '，', '与', '山东', '网商', '科技', '集团', '有限公司', '合作', ')']",35
山东交通学院,航海技术(校企合作，与山东东弘国际船员有限公司合作),"['航海技术', '(', '校企', '合作', '，', '与', '山东', '东弘', '国际', '船员', '有限公司', '合作', ')']",40
山东交通学院,应用物理学(校企合作，与北京学佳澳公司合作),"['应用', '物理学', '(', '校企', '合作', '，', '与', '北京', '学佳澳', '公司', '合作', ')']",80
山东交通学院,金融学(校企合作，与山东全通网融科技有限公司合作),"['金融学', '(', '校企', '合作', '，', '与', '山东', '全通', '网融', '科技', '有限公司', '合作', ')']",120
河南工程学院,国际经济与贸易,"['国际', '经济', '与', '贸易']",4
河南工程学院,翻译,['翻译'],2
河南工程学院,车辆工程,"['车辆', '工程']",2
河南工程学院,电气工程及其自动化,"['电气工程', '及其', '自动化']",2
河南工程学院,通信工程,['通信工程'],2
河南工程学院,建筑环境与能源应用工程,"['建筑', '环境', '与', '能源', '应用', '工程']",3
河南工程学院,纺织工程,"['纺织', '工程']",10
河南工程学院,服装设计与工程,"['服装设计', '与', '工程']",6
河南工程学院,非织造材料与工程,"['非织造', '材料', '与', '工程']",7
河南工程学院,印刷工程(图像新媒体印刷方向),"['印刷', '工程', '(', '图像', '新', '媒体', '印刷', '方向', ')']",10
河南工程学院,会计学,['会计学'],3
河南工程学院,物流管理,"['物流', '管理']",4
河南工程学院,知识产权,['知识产权'],2
湖南城市学院,建筑学,['建筑学'],2
湖南城市学院,城乡规划,['城乡规划'],2
湖南城市学院,风景园林,['风景园林'],2
湖南城市学院,建筑环境与能源应用工程,"['建筑', '环境', '与', '能源', '应用', '工程']",2
湖南城市学院,给排水科学与工程,"['给排水', '科学', '与', '工程']",2
湖南城市学院,测绘工程,"['测绘', '工程']",2
湖南城市学院,地理信息科学,"['地理信息', '科学']",2
湖南城市学院,土木工程,['土木工程'],2
湖南城市学院,英语(师范类),"['英语', '(', '师范类', ')']",2
湖南城市学院,网络与新媒体,"['网络', '与', '新', '媒体']",2
湖南城市学院,计算机科学与技术,"['计算机科学', '与', '技术']",2
湖南城市学院,电子信息工程,"['电子', '信息工程']",2
湖南城市学院,环境工程,['环境工程'],2
湖南城市学院,信息与计算科学,"['信息', '与', '计算', '科学']",2
湖南城市学院,机械电子工程,"['机械', '电子', '工程']",2
湖南城市学院,思想政治教育(师范类),"['思想', '政治', '教育', '(', '师范类', ')']",2
湖南工学院,机械设计制造及其自动化,"['机械设计', '制造', '及其', '自动化']",3
湖南工学院,机器人工程,"['机器人', '工程']",2
湖南工学院,自动化,['自动化'],2
湖南工学院,无机非金属材料工程,"['无机', '非金属材料', '工程']",2
湖南工学院,物流工程,"['物流', '工程']",2
湖南工学院,电气工程及其自动化,"['电气工程', '及其', '自动化']",2
湖南工学院,化学工程与工艺,"['化学工程', '与', '工艺']",2
湖南工学院,计算机科学与技术,"['计算机科学', '与', '技术']",2
湖南工学院,网络工程,['网络工程'],2
湖南工学院,信息与计算科学,"['信息', '与', '计算', '科学']",2
湖南工学院,应用统计学,"['应用', '统计学']",2
湖南工学院,工业设计,"['工业', '设计']",2
湖南工学院,工程管理,"['工程', '管理']",2
湖南财政经济学院,财政学类,"['财政学', '类']",2
湖南财政经济学院,金融学类,"['金融学', '类']",4
湖南财政经济学院,经济与贸易类,"['经济', '与', '贸易', '类']",2
湖南财政经济学院,电子信息类,"['电子信息', '类']",3
湖南财政经济学院,计算机类,"['计算机', '类']",3
湖南财政经济学院,市场营销,['市场营销'],2
湖南财政经济学院,会计学,['会计学'],6
湖南财政经济学院,财务管理,['财务管理'],4
湖南财政经济学院,人力资源管理,"['人力', '资源管理']",2
湖南财政经济学院,审计学,['审计学'],2
湖南工业大学,包装工程,"['包装', '工程']",5
湖南工业大学,印刷工程,"['印刷', '工程']",2
湖南工业大学,新能源材料与器件,"['新能源', '材料', '与', '器件']",2
湖南工业大学,法学,['法学'],4
湖南工业大学,建筑学,['建筑学'],2
湖南工业大学,城乡规划,['城乡规划'],2
湖南工业大学,国际经济与贸易,"['国际', '经济', '与', '贸易']",2
湖南工业大学,财务管理,['财务管理'],2
湖南工业大学,会计学,['会计学'],2
湖南工业大学,应用物理学,"['应用', '物理学']",2
湖南工业大学,信息管理与信息系统,"['信息管理', '与', '信息系统']",2
湖南工业大学,电子商务,['电子商务'],4
湖南工业大学,生物技术,"['生物', '技术']",2
湖南工业大学,化学工程与工艺,"['化学工程', '与', '工艺']",1
湖南工业大学,工程造价,['工程造价'],2
湖南工业大学,英语,['英语'],2
湖南工业大学,翻译,['翻译'],2
湖南工业大学,仪器类,"['仪器', '类']",2
湖南工业大学,自动化类,"['自动化', '类']",2
湖南工业大学,计算机类,"['计算机', '类']",6
湖南工业大学,土木类,"['土木', '类']",6
湖南工业大学,电子信息类,"['电子信息', '类']",6
湖南工业大学,新闻传播学类,"['新闻', '传播学', '类']",5
湖南工业大学,机械类,['机械类'],5
湖南工业大学,工商管理类,"['工商管理', '类']",5
湖南工业大学,材料类,"['材料', '类']",6
湖南工业大学,英语(师范类),"['英语', '(', '师范类', ')']",2
湖南女子学院,市场营销,['市场营销'],2
湖南女子学院,人力资源管理,"['人力', '资源管理']",2
湖南女子学院,财务管理,['财务管理'],2
湖南女子学院,家政学,['家政学'],4
湖南女子学院,汉语言文学(师范类),"['汉语言', '文学', '(', '师范类', ')']",2
湖南女子学院,电子商务,['电子商务'],2
广东金融学院,金融学,['金融学'],1
广东金融学院,会计学,['会计学'],1
广东金融学院,精算学,['精算学'],1
广东金融学院,国际经济与贸易,"['国际', '经济', '与', '贸易']",1
广东金融学院,工商管理,['工商管理'],1
广东金融学院,计算机科学与技术,"['计算机科学', '与', '技术']",1
广东金融学院,电子商务,['电子商务'],1
广东金融学院,金融数学,"['金融', '数学']",1
广西科技师范学院,小学教育(师范类),"['小学', '教育', '(', '师范类', ')']",2
广西科技师范学院,汉语言文学(师范类),"['汉语言', '文学', '(', '师范类', ')']",5
广西科技师范学院,英语,['英语'],2
广西科技师范学院,英语(师范类),"['英语', '(', '师范类', ')']",2
广西科技师范学院,数学与应用数学(师范类),"['数学', '与', '应用', '数学', '(', '师范类', ')']",2
广西科技师范学院,物理学(师范类),"['物理学', '(', '师范类', ')']",2
广西科技师范学院,化学(师范类),"['化学', '(', '师范类', ')']",2
广西科技师范学院,电气工程及其自动化,"['电气工程', '及其', '自动化']",2
广西科技师范学院,电子信息工程,"['电子', '信息工程']",2
广西科技师范学院,软件工程,['软件工程'],2
广西科技师范学院,物联网工程,"['物', '联网', '工程']",2
广西科技师范学院,数据科学与大数据技术,"['数据', '科学', '与', '大', '数据', '技术']",2
广西科技师范学院,食品科学与工程,"['食品科学', '与', '工程']",2
广西财经学院,商务经济学,"['商务', '经济学']",4
重庆科技学院,国际经济与贸易,"['国际', '经济', '与', '贸易']",2
重庆科技学院,汉语言文学,"['汉语言', '文学']",5
重庆科技学院,化学类,"['化学', '类']",3
重庆科技学院,机械类,['机械类'],5
重庆科技学院,材料类,"['材料', '类']",5
重庆科技学院,冶金工程,"['冶金', '工程']",5
重庆科技学院,自动化,['自动化'],3
重庆科技学院,计算机类,"['计算机', '类']",5
重庆科技学院,化工与制药类,"['化工', '与', '制药', '类']",5
重庆科技学院,石油工程,"['石油', '工程']",5
重庆科技学院,海洋油气工程,"['海洋', '油气', '工程']",5
重庆科技学院,消防工程,['消防工程'],5
重庆科技学院,管理科学与工程类,"['管理科学', '与', '工程', '类']",5
重庆科技学院,工商管理类,"['工商管理', '类']",5
重庆科技学院,物流管理(中外合作办学),"['物流', '管理', '(', '中外合作', '办学', ')']",5
四川旅游学院,烹饪与营养教育,"['烹饪', '与', '营养', '教育']",8
四川旅游学院,旅游管理,"['旅游', '管理']",6
四川旅游学院,酒店管理,"['酒店', '管理']",4
四川旅游学院,会计学,['会计学'],12
文山学院,冶金工程,"['冶金', '工程']",5
文山学院,安全工程,['安全工程'],5
西安财经大学,经济学,['经济学'],4
西安财经大学,金融学,['金融学'],2
西安财经大学,保险学,['保险学'],2
西安财经大学,国际经济与贸易,"['国际', '经济', '与', '贸易']",2
西安财经大学,工程管理,"['工程', '管理']",4
西安财经大学,物流管理,"['物流', '管理']",2
西安财经大学,市场营销,['市场营销'],2
西安财经大学,会计学,['会计学'],2
西安财经大学,人力资源管理,"['人力', '资源管理']",2
西安财经大学,审计学,['审计学'],4
西安财经大学,经济统计学,"['经济', '统计学']",2
西安财经大学,应用统计学,"['应用', '统计学']",4
西安财经大学,软件工程,['软件工程'],4
西安财经大学,法学,['法学'],4
西安财经大学,商务英语,['商务英语'],4
西安财经大学,金融学(中外合作办学),"['金融学', '(', '中外合作', '办学', ')']",6
甘肃民族师范学院,汉语言文学(师范类),"['汉语言', '文学', '(', '师范类', ')']",2
甘肃民族师范学院,数学与应用数学(师范类),"['数学', '与', '应用', '数学', '(', '师范类', ')']",2
甘肃民族师范学院,化学(师范类),"['化学', '(', '师范类', ')']",2
甘肃民族师范学院,生物科学(师范类),"['生物科学', '(', '师范类', ')']",2
甘肃民族师范学院,财务管理,['财务管理'],2
甘肃民族师范学院,物理学(师范类),"['物理学', '(', '师范类', ')']",2
甘肃民族师范学院,英语(师范类),"['英语', '(', '师范类', ')']",2
兰州文理学院,数学与应用数学(师范类),"['数学', '与', '应用', '数学', '(', '师范类', ')']",5
兰州文理学院,财务管理,['财务管理'],2
兰州文理学院,应用化学,['应用化学'],2
兰州文理学院,汉语言文学(师范类),"['汉语言', '文学', '(', '师范类', ')']",2
兰州文理学院,数字媒体技术,"['数字', '媒体', '技术']",5
兰州文理学院,新闻学,['新闻学'],4
兰州文理学院,广播电视学,"['广播电视', '学']",1
兰州文理学院,电子信息工程,"['电子', '信息工程']",5
兰州文理学院,广播电视工程,"['广播电视', '工程']",4
湖北经济学院,金融工程,"['金融', '工程']",4
湖北经济学院,财政学类,"['财政学', '类']",4
湖北经济学院,电子信息工程,"['电子', '信息工程']",4
湖北经济学院,资源与环境经济学(低碳经济与管理),"['资源', '与', '环境', '经济学', '(', '低碳', '经济', '与', '管理', ')']",4
湖北经济学院,金融学类,"['金融学', '类']",3
北部湾大学,金融工程,"['金融', '工程']",3
北部湾大学,数学与应用数学(师范类),"['数学', '与', '应用', '数学', '(', '师范类', ')']",2
北部湾大学,地理科学(师范类),"['地理', '科学', '(', '师范类', ')']",2
北部湾大学,地理信息科学,"['地理信息', '科学']",2
北部湾大学,海洋科学,"['海洋', '科学']",3
北部湾大学,机械工程,['机械工程'],1
北部湾大学,车辆工程,"['车辆', '工程']",1
北部湾大学,电子信息工程,"['电子', '信息工程']",2
北部湾大学,自动化,['自动化'],2
北部湾大学,港口航道与海岸工程,"['港口', '航道', '与', '海岸', '工程']",2
北部湾大学,测绘工程,"['测绘', '工程']",2
北部湾大学,化学工程与工艺,"['化学工程', '与', '工艺']",1
北部湾大学,能源化学工程,"['能源', '化学工程']",1
北部湾大学,油气储运工程,"['油气', '储运', '工程']",2
北部湾大学,船舶与海洋工程,"['船舶', '与', '海洋工程']",1
北部湾大学,生物制药,['生物制药'],1
北部湾大学,水产养殖学,"['水产', '养殖', '学']",2
北部湾大学,机械工程(中外合作办学),"['机械工程', '(', '中外合作', '办学', ')']",3
北部湾大学,机械设计制造及其自动化(中外合作办学),"['机械设计', '制造', '及其', '自动化', '(', '中外合作', '办学', ')']",3
北部湾大学,电子信息工程(中外合作办学),"['电子', '信息工程', '(', '中外合作', '办学', ')']",18
北部湾大学,物联网工程(中外合作办学),"['物', '联网', '工程', '(', '中外合作', '办学', ')']",5
北部湾大学,工程造价(中外合作办学),"['工程造价', '(', '中外合作', '办学', ')']",2
北部湾大学,车辆工程(中外合作办学),"['车辆', '工程', '(', '中外合作', '办学', ')']",3
北华航天工业学院,经济学,['经济学'],2
北华航天工业学院,国际经济与贸易,"['国际', '经济', '与', '贸易']",2
北华航天工业学院,社会工作,['社会工作'],2
北华航天工业学院,英语,['英语'],2
北华航天工业学院,机械设计制造及其自动化,"['机械设计', '制造', '及其', '自动化']",2
北华航天工业学院,材料成型及控制工程,"['材料', '成型', '及', '控制工程']",1
北华航天工业学院,机械电子工程,"['机械', '电子', '工程']",2
北华航天工业学院,工业设计,"['工业', '设计']",1
北华航天工业学院,车辆工程,"['车辆', '工程']",1
北华航天工业学院,金属材料工程,"['金属材料', '工程']",1
北华航天工业学院,复合材料与工程,"['复合材料', '与', '工程']",1
北华航天工业学院,电气工程与智能控制,"['电气工程', '与', '智能', '控制']",1
北华航天工业学院,电子信息工程,"['电子', '信息工程']",2
北华航天工业学院,通信工程,['通信工程'],1
北华航天工业学院,微电子科学与工程,"['微电子', '科学', '与', '工程']",2
北华航天工业学院,自动化,['自动化'],2
北华航天工业学院,计算机科学与技术,"['计算机科学', '与', '技术']",2
北华航天工业学院,空间信息与数字技术,"['空间信息', '与', '数字', '技术']",2
北华航天工业学院,土木工程,['土木工程'],2
北华航天工业学院,建筑环境与能源应用工程,"['建筑', '环境', '与', '能源', '应用', '工程']",2
北华航天工业学院,道路桥梁与渡河工程,"['道路', '桥梁', '与', '渡河', '工程']",1
北华航天工业学院,飞行器制造工程,"['飞行器', '制造', '工程']",2
北华航天工业学院,工程造价,['工程造价'],1
北华航天工业学院,会计学,['会计学'],1
北华航天工业学院,财务管理,['财务管理'],2
北华航天工业学院,人力资源管理,"['人力', '资源管理']",2
北华航天工业学院,物流管理,"['物流', '管理']",1
北华航天工业学院,电子商务,['电子商务'],2
北华航天工业学院,通信工程(中外合作办学),"['通信工程', '(', '中外合作', '办学', ')']",5
北华航天工业学院,机械设计制造及其自动化(中外合作办学),"['机械设计', '制造', '及其', '自动化', '(', '中外合作', '办学', ')']",5
沈阳工程学院,电气工程及其自动化,"['电气工程', '及其', '自动化']",4
沈阳工程学院,能源与动力工程,"['能源', '与', '动力工程']",2
沈阳工程学院,核工程与核技术,"['核工程', '与', '核技术']",2
沈阳工程学院,自动化,['自动化'],2
江苏海洋大学,测绘工程,"['测绘', '工程']",3
江苏海洋大学,地理信息科学,"['地理信息', '科学']",1
江苏海洋大学,船舶与海洋工程,"['船舶', '与', '海洋工程']",3
江苏海洋大学,港口航道与海岸工程,"['港口', '航道', '与', '海岸', '工程']",3
江苏海洋大学,新能源科学与工程,"['新', '能源科学', '与', '工程']",3
江苏海洋大学,工商管理,['工商管理'],3
江苏海洋大学,日语,['日语'],3
宁波大学,水产养殖学(拔尖人才创新班),"['水产', '养殖', '学', '(', '拔尖', '人才', '创新', '班', ')']",3
宁波大学,经济学类,"['经济学', '类']",4
宁波大学,工商管理类,"['工商管理', '类']",1
宁波大学,信息管理与信息系统,"['信息管理', '与', '信息系统']",2
宁波大学,法学类,['法学类'],2
宁波大学,传播学,['传播学'],2
宁波大学,英语,['英语'],2
宁波大学,微电子科学与工程,"['微电子', '科学', '与', '工程']",1
宁波大学,物理学,['物理学'],2
宁波大学,化学类,"['化学', '类']",5
宁波大学,化学工程与工艺,"['化学工程', '与', '工艺']",4
宁波大学,机械类,['机械类'],3
宁波大学,机械设计制造及其自动化(国际贸易班),"['机械设计', '制造', '及其', '自动化', '(', '国际贸易', '班', ')']",2
宁波大学,电子信息类,"['电子信息', '类']",2
宁波大学,计算机科学与技术,"['计算机科学', '与', '技术']",1
宁波大学,土木工程,['土木工程'],3
宁波大学,环境工程,['环境工程'],2
宁波大学,物流管理,"['物流', '管理']",2
宁波大学,生物科学类,"['生物科学', '类']",5
宁波大学,食品科学与工程,"['食品科学', '与', '工程']",2
宁波大学,临床医学,['临床医学'],2
宁波大学,旅游管理(中外合作办学)(中法合作),"['旅游', '管理', '(', '中外合作', '办学', ')', '(', '中', '法', '合作', ')']",9
宁波大学,人文地理与城乡规划(中外合作办学)(中法合作),"['人文地理', '与', '城乡规划', '(', '中外合作', '办学', ')', '(', '中', '法', '合作', ')']",6
浙江传媒学院,广播电视学,"['广播电视', '学']",4
浙江传媒学院,新闻学,['新闻学'],3
浙江传媒学院,编辑出版学,"['编辑', '出版学']",3
浙江传媒学院,传播学,['传播学'],2
浙江传媒学院,汉语言文学(网络文学与创意写作),"['汉语言', '文学', '(', '网络文学', '与', '创意', '写作', ')']",2
浙江传媒学院,汉语言文学,"['汉语言', '文学']",5
浙江传媒学院,文化产业管理,"['文化产业', '管理']",4
浙江传媒学院,网络与新媒体,"['网络', '与', '新', '媒体']",5
浙江传媒学院,广告学,['广告学'],3
浙江传媒学院,会展经济与管理,"['会展经济', '与', '管理']",2
浙江传媒学院,公共关系学,"['公共关系', '学']",1
浙江传媒学院,数字媒体技术,"['数字', '媒体', '技术']",5
浙江传媒学院,广播电视工程,"['广播电视', '工程']",5
浙江传媒学院,软件工程(传媒大数据),"['软件工程', '(', '传媒', '大', '数据', ')']",3
浙江传媒学院,电子科学与技术(演艺工程与舞台技术),"['电子', '科学', '与', '技术', '(', '演艺', '工程', '与', '舞台', '技术', ')']",3
浙江传媒学院,网络工程,['网络工程'],3
浙江传媒学院,人工智能,['人工智能'],2
浙江传媒学院,英语,['英语'],1
浙江传媒学院,传播学(中外合作办学),"['传播学', '(', '中外合作', '办学', ')']",5
河南财政金融学院,财政学,['财政学'],2
河南财政金融学院,投资学,"['投资', '学']",2
河南财政金融学院,金融学,['金融学'],2
河南财政金融学院,电子商务,['电子商务'],2
河南财政金融学院,工程造价,['工程造价'],4
河南财政金融学院,信用风险管理与法律防控,"['信用风险', '管理', '与', '法律', '防控']",4
河南财政金融学院,计算机科学与技术,"['计算机科学', '与', '技术']",2
河南财政金融学院,软件工程,['软件工程'],4
河南财政金融学院,汉语言文学,"['汉语言', '文学']",6
河南财政金融学院,商务英语,['商务英语'],6
河南财政金融学院,学前教育(师范类),"['学前教育', '(', '师范类', ')']",4
河南财政金融学院,智能科学与技术,"['智能科学', '与', '技术']",6
河南财政金融学院,环境科学,"['环境', '科学']",4
河南财政金融学院,健康服务与管理,"['健康', '服务', '与', '管理']",2
南阳理工学院,机械设计制造及其自动化,"['机械设计', '制造', '及其', '自动化']",5
南阳理工学院,自动化,['自动化'],4
南阳理工学院,电子信息工程,"['电子', '信息工程']",4
南阳理工学院,通信工程,['通信工程'],5
南阳理工学院,光电信息科学与工程,"['光电', '信息科学', '与', '工程']",5
南阳理工学院,计算机科学与技术,"['计算机科学', '与', '技术']",2
南阳理工学院,数据科学与大数据技术,"['数据', '科学', '与', '大', '数据', '技术']",2
南阳理工学院,网络空间安全,"['网络空间', '安全']",4
南阳理工学院,数字媒体技术,"['数字', '媒体', '技术']",5
南阳理工学院,城乡规划,['城乡规划'],2
南阳理工学院,历史建筑保护工程,"['历史', '建筑', '保护', '工程']",3
南阳理工学院,土木工程(房屋建筑方向),"['土木工程', '(', '房屋建筑', '方向', ')']",5
南阳理工学院,土木工程(地下工程方向),"['土木工程', '(', '地下工程', '方向', ')']",5
南阳理工学院,给排水科学与工程,"['给排水', '科学', '与', '工程']",3
南阳理工学院,道路桥梁与渡河工程,"['道路', '桥梁', '与', '渡河', '工程']",5
南阳理工学院,工程管理,"['工程', '管理']",4
南阳理工学院,应用化学,['应用化学'],5
南阳理工学院,生物工程,['生物工程'],4
南阳理工学院,食品科学与工程,"['食品科学', '与', '工程']",5
南阳理工学院,中药学,['中药学'],4
南阳理工学院,护理学,['护理学'],2
南阳理工学院,数学与应用数学(经济数学方向),"['数学', '与', '应用', '数学', '(', '经济', '数学', '方向', ')']",4
南阳理工学院,新能源材料与器件,"['新能源', '材料', '与', '器件']",4
南阳理工学院,工商管理,['工商管理'],3
南阳理工学院,财务管理,['财务管理'],3
南阳理工学院,小学教育(师范类),"['小学', '教育', '(', '师范类', ')']",6
南阳理工学院,网络与新媒体,"['网络', '与', '新', '媒体']",2
南阳理工学院,英语,['英语'],2
南阳理工学院,商务英语,['商务英语'],3
南阳理工学院,软件工程(移动设备应用开发方向),"['软件工程', '(', '移动', '设备', '应用', '开发', '方向', ')']",5
南阳理工学院,电气工程及其自动化(中外合作办学),"['电气工程', '及其', '自动化', '(', '中外合作', '办学', ')']",2
南阳理工学院,应用化学(中外合作办学),"['应用化学', '(', '中外合作', '办学', ')']",2
武汉商学院,电子商务,['电子商务'],2
武汉商学院,国际商务,"['国际', '商务']",3
广东石油化工学院,化学工程与工艺(卓越班),"['化学工程', '与', '工艺', '(', '卓越', '班', ')']",3
广东石油化工学院,能源化学工程,"['能源', '化学工程']",3
广东石油化工学院,应用化学,['应用化学'],3
广东石油化工学院,精细化工,['精细化工'],3
广东石油化工学院,人工智能,['人工智能'],3
广东石油化工学院,计算机科学与技术,"['计算机科学', '与', '技术']",3
广东石油化工学院,石油工程,"['石油', '工程']",3
广东石油化工学院,海洋油气工程,"['海洋', '油气', '工程']",3
广东石油化工学院,资源勘查工程,"['资源', '勘查', '工程']",3
广东石油化工学院,环境工程,['环境工程'],3
广东石油化工学院,安全工程,['安全工程'],2
广东石油化工学院,自动化,['自动化'],3
广东石油化工学院,电子信息工程,"['电子', '信息工程']",3
广东石油化工学院,数学与应用数学(师范类),"['数学', '与', '应用', '数学', '(', '师范类', ')']",3
广东石油化工学院,信息与计算科学,"['信息', '与', '计算', '科学']",3
广东石油化工学院,物理学(师范类),"['物理学', '(', '师范类', ')']",3
广东石油化工学院,新能源科学与工程,"['新', '能源科学', '与', '工程']",3
广东石油化工学院,生物技术,"['生物', '技术']",3
海南师范大学,教育学类(师范类),"['教育学', '类', '(', '师范类', ')']",3
海南师范大学,汉语言文学(师范类),"['汉语言', '文学', '(', '师范类', ')']",12
海南师范大学,数学与应用数学(师范类),"['数学', '与', '应用', '数学', '(', '师范类', ')']",3
海南师范大学,数据科学与大数据技术,"['数据', '科学', '与', '大', '数据', '技术']",2
海南师范大学,英语(师范类),"['英语', '(', '师范类', ')']",7
海南师范大学,历史学(师范类),"['历史学', '(', '师范类', ')']",2
海南师范大学,地理科学类,"['地理', '科学', '类']",3
海南师范大学,物理学(师范类),"['物理学', '(', '师范类', ')']",2
海南师范大学,自动化,['自动化'],4
海南师范大学,电子信息科学与技术,"['电子信息', '科学', '与', '技术']",5
海南师范大学,光电信息科学与工程,"['光电', '信息科学', '与', '工程']",3
海南师范大学,化学(师范类),"['化学', '(', '师范类', ')']",4
海南师范大学,制药工程,"['制药', '工程']",5
海南师范大学,生物技术,"['生物', '技术']",2
海南师范大学,法学,['法学'],2
海南师范大学,电子商务,['电子商务'],2
海南师范大学,网络空间安全,"['网络空间', '安全']",2
海南师范大学,旅游管理类,"['旅游', '管理', '类']",3
海南师范大学,应用心理学(师范类),"['应用', '心理学', '(', '师范类', ')']",2
海南师范大学,学前教育(中外合作办学)(师范类),"['学前教育', '(', '中外合作', '办学', ')', '(', '师范类', ')']",5
海南师范大学,软件工程(NIIT班),"['软件工程', '(', 'NIIT', '班', ')']",10
重庆理工大学,车辆工程,"['车辆', '工程']",5
重庆理工大学,能源与动力工程,"['能源', '与', '动力工程']",3
重庆理工大学,测控技术与仪器,"['测控', '技术', '与', '仪器']",2
重庆理工大学,软件工程,['软件工程'],3
重庆理工大学,金融数学,"['金融', '数学']",3
重庆理工大学,应用物理学,"['应用', '物理学']",3
重庆理工大学,会计学,['会计学'],4
重庆理工大学,财务管理,['财务管理'],2
重庆理工大学,知识产权,['知识产权'],2
重庆理工大学,商务英语,['商务英语'],3
重庆理工大学,金融学类,"['金融学', '类']",3
重庆理工大学,机械类,['机械类'],3
重庆理工大学,材料类,"['材料', '类']",4
重庆理工大学,工商管理类,"['工商管理', '类']",5
重庆理工大学,计算机类,"['计算机', '类']",4
重庆理工大学,电子信息类,"['电子信息', '类']",4
重庆理工大学,化工与制药类,"['化工', '与', '制药', '类']",4
重庆理工大学,药学类,"['药学', '类']",2
重庆理工大学,国际经济与贸易,"['国际', '经济', '与', '贸易']",2
重庆理工大学,材料成型及控制工程,"['材料', '成型', '及', '控制工程']",3
重庆理工大学,公共管理类,"['公共', '管理', '类']",4
重庆理工大学,智能科学与技术,"['智能科学', '与', '技术']",3
重庆理工大学,电气工程及其自动化,"['电气工程', '及其', '自动化']",5
重庆理工大学,自动化,['自动化'],2
重庆理工大学,人工智能,['人工智能'],2
重庆理工大学,智能车辆工程,"['智能', '车辆', '工程']",3
重庆理工大学,智能制造工程,"['智能', '制造', '工程']",3
西安邮电大学,本科预科班（招收边防军人子女）,"['本科', '预科班', '（', '招收', '边防军', '人', '子女', '）']",6
西安邮电大学,会计学,['会计学'],2
西安邮电大学,财务管理,['财务管理'],4
西安邮电大学,信息与计算科学,"['信息', '与', '计算', '科学']",3
西安邮电大学,英语,['英语'],4
西安邮电大学,通信工程,['通信工程'],6
西安邮电大学,电子信息科学与技术,"['电子信息', '科学', '与', '技术']",6
西安邮电大学,物联网工程,"['物', '联网', '工程']",5
西安邮电大学,微电子科学与工程,"['微电子', '科学', '与', '工程']",3
西安邮电大学,光电信息科学与工程,"['光电', '信息科学', '与', '工程']",3
西安邮电大学,集成电路设计与集成系统,"['集成电路', '设计', '与', '集成系统']",4
西安邮电大学,电磁场与无线技术,"['电磁场', '与', '无线', '技术']",3
西安邮电大学,计算机科学与技术,"['计算机科学', '与', '技术']",3
西安邮电大学,软件工程,['软件工程'],3
西安邮电大学,网络工程,['网络工程'],3
西安邮电大学,测控技术与仪器,"['测控', '技术', '与', '仪器']",3
西安邮电大学,电气工程及其自动化,"['电气工程', '及其', '自动化']",3
西安邮电大学,自动化,['自动化'],3
西安邮电大学,智能科学与技术,"['智能科学', '与', '技术']",3
西安邮电大学,信息安全,['信息安全'],5
西安邮电大学,信息对抗技术,"['信息', '对抗', '技术']",3
西安邮电大学,电子信息工程(中外合作办学),"['电子', '信息工程', '(', '中外合作', '办学', ')']",8
山东工商学院,数学与应用数学,"['数学', '与', '应用', '数学']",35
山东工商学院,新闻传播学类,"['新闻', '传播学', '类']",73
山东工商学院,公共管理类,"['公共', '管理', '类']",249
山东工商学院,政治学与行政学,"['政治学', '与', '行政', '学']",31
山东工商学院,社会工作,['社会工作'],31
山东工商学院,财务管理,['财务管理'],33
山东工商学院,人力资源管理,"['人力', '资源管理']",78
山东工商学院,人工智能,['人工智能'],42
山东工商学院,电气工程及其自动化,"['电气工程', '及其', '自动化']",31
山东工商学院,物流管理,"['物流', '管理']",38
山东工商学院,会计学,['会计学'],51
山东工商学院,通信工程,['通信工程'],29
山东工商学院,金融科技,"['金融', '科技']",40
山东工商学院,电子信息工程,"['电子', '信息工程']",62
山东工商学院,工商管理,['工商管理'],72
山东工商学院,安全工程,['安全工程'],27
山东工商学院,电子商务,['电子商务'],26
山东工商学院,工程管理,"['工程', '管理']",37
山东工商学院,数字媒体技术,"['数字', '媒体', '技术']",41
山东工商学院,保险学,['保险学'],31
山东工商学院,应用统计学,"['应用', '统计学']",36
山东工商学院,汉语言文学,"['汉语言', '文学']",83
山东工商学院,金融工程,"['金融', '工程']",40
山东工商学院,外国语言文学类,"['外国', '语言', '文学类']",119
山东工商学院,投资学,"['投资', '学']",29
山东工商学院,财政学,['财政学'],31
山东工商学院,审计学,['审计学'],71
山东工商学院,经济统计学,"['经济', '统计学']",29
山东工商学院,金融学,['金融学'],84
山东工商学院,经济学类,"['经济学', '类']",154
山东工商学院,自动化,['自动化'],39
山东工商学院,工程造价,['工程造价'],40
山东工商学院,网络工程,['网络工程'],32
山东工商学院,资产评估,"['资产', '评估']",31
山东工商学院,法学,['法学'],84
山东工商学院,市场营销,['市场营销'],36
山东工商学院,工业工程,"['工业', '工程']",21
山东工商学院,信息管理与信息系统,"['信息管理', '与', '信息系统']",42
山东工商学院,国际经济与贸易,"['国际', '经济', '与', '贸易']",94
山东工商学院,计算机科学与技术,"['计算机科学', '与', '技术']",51
山东工商学院,旅游管理,"['旅游', '管理']",34
山东工商学院,软件工程,['软件工程'],28
山东工商学院,应急技术与管理,"['应急', '技术', '与', '管理']",34
山东工商学院,国际经济与贸易(中外合作办学),"['国际', '经济', '与', '贸易', '(', '中外合作', '办学', ')']",43
山东工商学院,金融学(中外合作办学),"['金融学', '(', '中外合作', '办学', ')']",102
山东工商学院,会计学(中外合作办学),"['会计学', '(', '中外合作', '办学', ')']",169
山东工商学院,财务管理(中外合作办学),"['财务管理', '(', '中外合作', '办学', ')']",36
山东工商学院,市场营销(中外合作办学),"['市场营销', '(', '中外合作', '办学', ')']",16
山东工商学院,信息与计算科学(校企合作，与山东全通网融科技有限公司合作),"['信息', '与', '计算', '科学', '(', '校企', '合作', '，', '与', '山东', '全通', '网融', '科技', '有限公司', '合作', ')']",80
山东工商学院,英语(校企合作，与山东智博教育科技有限公司合作),"['英语', '(', '校企', '合作', '，', '与', '山东', '智博', '教育', '科技', '有限公司', '合作', ')']",70
山东工商学院,自动化(校企合作1，与青岛英谷教育科技公司合作),"['自动化', '(', '校企', '合作', '1', '，', '与', '青岛', '英谷', '教育', '科技', '公司', '合作', ')']",60
山东工商学院,软件工程(校企合作，与山东浪潮优派科技教育公司合作),"['软件工程', '(', '校企', '合作', '，', '与', '山东', '浪潮', '优派', '科技', '教育', '公司', '合作', ')']",70
山东工商学院,统计学(校企合作，与青岛英谷教育科技公司合作),"['统计学', '(', '校企', '合作', '，', '与', '青岛', '英谷', '教育', '科技', '公司', '合作', ')']",60
山东工商学院,电子科学与技术(校企合作，与青软创新科技集团合作),"['电子', '科学', '与', '技术', '(', '校企', '合作', '，', '与', '青软', '创新', '科技', '集团', '合作', ')']",80
山东工商学院,数字媒体技术(校企合作，与山东捷瑞数字科技公司合作),"['数字', '媒体', '技术', '(', '校企', '合作', '，', '与', '山东', '捷瑞', '数字', '科技', '公司', '合作', ')']",60
山东工商学院,数据科学与大数据技术(校企合作，与青岛英谷教育科技公司合作),"['数据', '科学', '与', '大', '数据', '技术', '(', '校企', '合作', '，', '与', '青岛', '英谷', '教育', '科技', '公司', '合作', ')']",80
山东工商学院,电子商务(校企合作，与青岛英谷教育科技公司合作),"['电子商务', '(', '校企', '合作', '，', '与', '青岛', '英谷', '教育', '科技', '公司', '合作', ')']",80
山东工商学院,信息管理与信息系统(校企合作，与山东全通网融科技有限公司合作),"['信息管理', '与', '信息系统', '(', '校企', '合作', '，', '与', '山东', '全通', '网融', '科技', '有限公司', '合作', ')']",70
山东工商学院,自动化(校企合作2，与青岛英谷教育科技公司合作),"['自动化', '(', '校企', '合作', '2', '，', '与', '青岛', '英谷', '教育', '科技', '公司', '合作', ')']",60
呼和浩特民族学院,小学教育(师范类),"['小学', '教育', '(', '师范类', ')']",1
呼和浩特民族学院,税收学,"['税收', '学']",1
呼和浩特民族学院,思想政治教育(师范类),"['思想', '政治', '教育', '(', '师范类', ')']",1
呼和浩特民族学院,数学与应用数学(师范类),"['数学', '与', '应用', '数学', '(', '师范类', ')']",1
呼和浩特民族学院,英语(师范类),"['英语', '(', '师范类', ')']",1
呼和浩特民族学院,汉语言文学(师范类),"['汉语言', '文学', '(', '师范类', ')']",1
长春大学,政治学与行政学,"['政治学', '与', '行政', '学']",2
长春大学,汉语言文学,"['汉语言', '文学']",2
长春大学,汉语国际教育,"['汉语', '国际', '教育']",2
长春大学,英语,['英语'],2
长春大学,俄语,['俄语'],2
长春大学,日语,['日语'],2
长春大学,西班牙语,['西班牙语'],2
长春大学,数学与应用数学,"['数学', '与', '应用', '数学']",1
长春大学,信息与计算科学,"['信息', '与', '计算', '科学']",2
长春大学,工业工程,"['工业', '工程']",1
长春大学,财务管理,['财务管理'],2
长春大学,工商管理,['工商管理'],2
长春大学,会计学,['会计学'],2
长春大学,旅游管理,"['旅游', '管理']",2
长春大学,市场营销,['市场营销'],2
长春大学,物流管理,"['物流', '管理']",2
长春大学,园林,['园林'],2
长春大学,风景园林,['风景园林'],2
长春大学,特殊教育(师范类),"['特殊教育', '(', '师范类', ')']",2
长春大学,机械工程,['机械工程'],2
长春大学,车辆工程,"['车辆', '工程']",1
长春大学,经济学,['经济学'],2
长春大学,金融学,['金融学'],2
长春大学,金融工程,"['金融', '工程']",2
长春大学,国际经济与贸易,"['国际', '经济', '与', '贸易']",1
长春大学,计算机科学与技术,"['计算机科学', '与', '技术']",2
长春大学,网络工程,['网络工程'],2
长春大学,电气工程及其自动化,"['电气工程', '及其', '自动化']",2
长春大学,通信工程,['通信工程'],2
长春大学,物联网工程,"['物', '联网', '工程']",1
长春大学,食品科学与工程,"['食品科学', '与', '工程']",2
长春大学,食品质量与安全,"['食品质量', '与', '安全']",1
长春大学,软件工程,['软件工程'],2
长春大学,波兰语,['波兰语'],2
长春大学,材料科学与工程,"['材料科学', '与', '工程']",2
长春大学,数据科学与大数据技术,"['数据', '科学', '与', '大', '数据', '技术']",2
长春大学,网络空间安全,"['网络空间', '安全']",2
长春大学,机械工程(中外合作办学),"['机械工程', '(', '中外合作', '办学', ')']",2
长春大学,自动化(中外合作办学),"['自动化', '(', '中外合作', '办学', ')']",2
长春大学,俄语(中外合作办学),"['俄语', '(', '中外合作', '办学', ')']",2
长春大学,电子信息工程(中外合作办学),"['电子', '信息工程', '(', '中外合作', '办学', ')']",2
长春大学,材料科学与工程(中外合作办学),"['材料科学', '与', '工程', '(', '中外合作', '办学', ')']",4
长春大学,车辆工程(中外合作办学),"['车辆', '工程', '(', '中外合作', '办学', ')']",5
长春大学,电气工程及其自动化(中外合作办学),"['电气工程', '及其', '自动化', '(', '中外合作', '办学', ')']",5
长春大学,食品科学与工程(中外合作办学),"['食品科学', '与', '工程', '(', '中外合作', '办学', ')']",4
贵州商学院,酒店管理,"['酒店', '管理']",4
贵州商学院,电子商务,['电子商务'],4
贵州商学院,数据科学与大数据技术,"['数据', '科学', '与', '大', '数据', '技术']",4
贵州商学院,会展经济与管理(中外合作办学),"['会展经济', '与', '管理', '(', '中外合作', '办学', ')']",4
西安航空学院,商务英语,['商务英语'],3
西安航空学院,飞行器动力工程,"['飞行器', '动力工程']",3
西安航空学院,机器人工程,"['机器人', '工程']",3
西安航空学院,材料成型及控制工程,"['材料', '成型', '及', '控制工程']",3
西安航空学院,电气工程及其自动化,"['电气工程', '及其', '自动化']",3
河南城建学院,工程造价(数字化建造方向),"['工程造价', '(', '数字化', '建造', '方向', ')']",4
河南城建学院,电气工程及其自动化(智能输配电方向),"['电气工程', '及其', '自动化', '(', '智能', '输配电', '方向', ')']",5
河南城建学院,给排水科学与工程,"['给排水', '科学', '与', '工程']",5
河南城建学院,建筑环境与能源应用工程,"['建筑', '环境', '与', '能源', '应用', '工程']",5
河南城建学院,测绘工程(智能测绘方向),"['测绘', '工程', '(', '智能', '测绘', '方向', ')']",5
河南城建学院,能源与动力工程,"['能源', '与', '动力工程']",4
河南城建学院,计算机科学与技术,"['计算机科学', '与', '技术']",5
河南城建学院,生物工程,['生物工程'],4
河南城建学院,高分子材料与工程,"['高分子', '材料', '与', '工程']",4
河南城建学院,风景园林,['风景园林'],4
防灾科技学院,地球物理学,"['地球', '物理学']",2
防灾科技学院,地质学,['地质学'],2
防灾科技学院,勘查技术与工程,"['勘查', '技术', '与', '工程']",2
防灾科技学院,资源勘查工程,"['资源', '勘查', '工程']",2
防灾科技学院,地理科学,"['地理', '科学']",2
防灾科技学院,测绘工程,"['测绘', '工程']",3
防灾科技学院,地下水科学与工程,"['地下水', '科学', '与', '工程']",2
防灾科技学院,土木工程,['土木工程'],3
防灾科技学院,工程管理,"['工程', '管理']",3
防灾科技学院,水利水电工程,"['水利水电', '工程']",2
防灾科技学院,地质工程,"['地质', '工程']",3
防灾科技学院,城市地下空间工程,"['城市', '地下', '空间', '工程']",3
防灾科技学院,防灾减灾科学与工程,"['防灾', '减灾', '科学', '与', '工程']",3
防灾科技学院,电气工程及其自动化,"['电气工程', '及其', '自动化']",4
防灾科技学院,测控技术与仪器,"['测控', '技术', '与', '仪器']",4
防灾科技学院,通信工程,['通信工程'],4
防灾科技学院,计算机类,"['计算机', '类']",4
防灾科技学院,物联网工程,"['物', '联网', '工程']",2
防灾科技学院,数据科学与大数据技术,"['数据', '科学', '与', '大', '数据', '技术']",2
防灾科技学院,金融学,['金融学'],2
防灾科技学院,投资学,"['投资', '学']",3
防灾科技学院,会计学,['会计学'],2
防灾科技学院,应急管理,"['应急', '管理']",2
防灾科技学院,应急技术与管理,"['应急', '技术', '与', '管理']",2
防灾科技学院,广告学,['广告学'],3
防灾科技学院,网络与新媒体,"['网络', '与', '新', '媒体']",4
仰恩大学,经济学,['经济学'],5
仰恩大学,新闻学,['新闻学'],5
武汉东湖学院,机械设计制造及其自动化,"['机械设计', '制造', '及其', '自动化']",2
武汉东湖学院,电子信息类,"['电子信息', '类']",2
武汉东湖学院,计算机类,"['计算机', '类']",6
武汉东湖学院,护理学,['护理学'],5
武汉东湖学院,财务管理,['财务管理'],3
武汉东湖学院,金融学,['金融学'],3
武汉东湖学院,法学,['法学'],5
武汉东湖学院,学前教育,['学前教育'],2
武汉东湖学院,英语,['英语'],2
重庆工商大学,经济学,['经济学'],1
重庆工商大学,经济与贸易类,"['经济', '与', '贸易', '类']",2
重庆工商大学,财政学类,"['财政学', '类']",1
重庆工商大学,金融学类,"['金融学', '类']",5
重庆工商大学,工商管理类,"['工商管理', '类']",5
重庆工商大学,旅游管理类,"['旅游', '管理', '类']",1
重庆工商大学,工商管理类(财会),"['工商管理', '类', '(', '财会', ')']",6
重庆工商大学,物流管理,"['物流', '管理']",3
重庆工商大学,工程管理,"['工程', '管理']",3
重庆工商大学,大数据管理与应用,"['大', '数据管理', '与', '应用']",1
重庆工商大学,新闻传播学类,"['新闻', '传播学', '类']",1
重庆工商大学,法学类,['法学类'],3
重庆工商大学,计算机类,"['计算机', '类']",3
重庆工商大学,人工智能,['人工智能'],1
重庆工商大学,电子信息工程,"['电子', '信息工程']",3
重庆工商大学,机械类,['机械类'],4
重庆工商大学,智能车辆工程,"['智能', '车辆', '工程']",4
重庆工商大学,包装工程,"['包装', '工程']",2
重庆工商大学,材料科学与工程,"['材料科学', '与', '工程']",2
重庆工商大学,化工与制药类,"['化工', '与', '制药', '类']",2
重庆工商大学,数据科学与大数据技术,"['数据', '科学', '与', '大', '数据', '技术']",2
重庆工商大学,数据计算及应用,"['数据', '计算', '及', '应用']",2
重庆工商大学,商务英语,['商务英语'],2
重庆工商大学,国际经济与贸易(中外合作办学),"['国际', '经济', '与', '贸易', '(', '中外合作', '办学', ')']",1
重庆工商大学,工商管理(中外合作办学),"['工商管理', '(', '中外合作', '办学', ')']",1
重庆工商大学,会计学(中外合作办学),"['会计学', '(', '中外合作', '办学', ')']",4
重庆工商大学,人力资源管理(中外合作办学),"['人力', '资源管理', '(', '中外合作', '办学', ')']",2
重庆工商大学,金融学(中外合作办学),"['金融学', '(', '中外合作', '办学', ')']",2
汉口学院,电子信息工程,"['电子', '信息工程']",1
汉口学院,数字媒体技术,"['数字', '媒体', '技术']",1
黑龙江工程学院,社会工作,['社会工作'],1
黑龙江工程学院,英语,['英语'],2
黑龙江工程学院,机械类,['机械类'],2
黑龙江工程学院,机械设计制造及其自动化,"['机械设计', '制造', '及其', '自动化']",2
黑龙江工程学院,车辆工程,"['车辆', '工程']",2
黑龙江工程学院,汽车服务工程,"['汽车', '服务', '工程']",2
黑龙江工程学院,材料类,"['材料', '类']",3
黑龙江工程学院,材料化学,"['材料', '化学']",2
黑龙江工程学院,人工智能,['人工智能'],2
黑龙江工程学院,机器人工程,"['机器人', '工程']",2
黑龙江工程学院,计算机类,"['计算机', '类']",2
黑龙江工程学院,智能科学与技术,"['智能科学', '与', '技术']",2
黑龙江工程学院,数据科学与大数据技术,"['数据', '科学', '与', '大', '数据', '技术']",2
黑龙江工程学院,土木类,"['土木', '类']",3
黑龙江工程学院,建筑环境与能源应用工程,"['建筑', '环境', '与', '能源', '应用', '工程']",2
黑龙江工程学院,给排水科学与工程,"['给排水', '科学', '与', '工程']",2
黑龙江工程学院,测绘工程,"['测绘', '工程']",3
黑龙江工程学院,城乡规划,['城乡规划'],2
黑龙江工程学院,工程造价,['工程造价'],2
黑龙江工程学院,市场营销,['市场营销'],2
黑龙江工程学院,会计学,['会计学'],2
黑龙江工程学院,财务管理,['财务管理'],2
黑龙江工程学院,金融工程,"['金融', '工程']",2
兰州工业学院,材料成型及控制工程,"['材料', '成型', '及', '控制工程']",2
兰州工业学院,机械电子工程,"['机械', '电子', '工程']",3
兰州工业学院,汽车服务工程,"['汽车', '服务', '工程']",3
兰州工业学院,电气工程及其自动化,"['电气工程', '及其', '自动化']",3
兰州工业学院,电子信息工程,"['电子', '信息工程']",3
兰州工业学院,通信工程,['通信工程'],3
兰州工业学院,自动化,['自动化'],3
兰州工业学院,轨道交通信号与控制,"['轨道交通', '信号', '与', '控制']",3
兰州工业学院,软件工程,['软件工程'],4
兰州工业学院,数字媒体技术,"['数字', '媒体', '技术']",3
兰州工业学院,建筑环境与能源应用工程,"['建筑', '环境', '与', '能源', '应用', '工程']",3
兰州工业学院,给排水科学与工程,"['给排水', '科学', '与', '工程']",3
兰州工业学院,工程造价,['工程造价'],3
兰州工业学院,物流管理,"['物流', '管理']",3
兰州工业学院,电子商务,['电子商务'],3
海南医学院,临床医学,['临床医学'],10
海南医学院,口腔医学,['口腔医学'],3
海南医学院,药学,['药学'],3
海南医学院,海洋药学,"['海洋', '药学']",3
海南医学院,医学检验技术,"['医学', '检验', '技术']",3
海南医学院,卫生检验与检疫,"['卫生', '检验', '与', '检疫']",3
海南医学院,护理学,['护理学'],2
海南医学院,医学影像技术,"['医学影像', '技术']",3
海南医学院,健康服务与管理,"['健康', '服务', '与', '管理']",2
东莞理工学院,应用化学(含教育部卓越计划班),"['应用化学', '(', '含', '教育部', '卓越', '计划', '班', ')']",4
东莞理工学院,食品质量与安全,"['食品质量', '与', '安全']",2
东莞理工学院,能源化学工程,"['能源', '化学工程']",2
东莞理工学院,能源与动力工程,"['能源', '与', '动力工程']",2
东莞理工学院,国际经济与贸易,"['国际', '经济', '与', '贸易']",2
东莞理工学院,英语,['英语'],3
桂林航天工业学院,市场营销,['市场营销'],2
桂林航天工业学院,财务管理,['财务管理'],3
桂林航天工业学院,物流管理,"['物流', '管理']",2
桂林航天工业学院,物流工程,"['物流', '工程']",2
桂林航天工业学院,机械设计制造及其自动化,"['机械设计', '制造', '及其', '自动化']",4
桂林航天工业学院,机械电子工程,"['机械', '电子', '工程']",3
桂林航天工业学院,材料成型及控制工程,"['材料', '成型', '及', '控制工程']",2
桂林航天工业学院,智能制造工程,"['智能', '制造', '工程']",2
桂林航天工业学院,通信工程,['通信工程'],3
桂林航天工业学院,电子信息工程,"['电子', '信息工程']",3
桂林航天工业学院,自动化,['自动化'],3
桂林航天工业学院,测控技术与仪器,"['测控', '技术', '与', '仪器']",2
桂林航天工业学院,汽车服务工程,"['汽车', '服务', '工程']",2
桂林航天工业学院,车辆工程,"['车辆', '工程']",3
桂林航天工业学院,新能源汽车工程,"['新能源', '汽车', '工程']",2
桂林航天工业学院,能源与动力工程,"['能源', '与', '动力工程']",3
桂林航天工业学院,建筑环境与能源应用工程,"['建筑', '环境', '与', '能源', '应用', '工程']",2
桂林航天工业学院,软件工程,['软件工程'],2
桂林航天工业学院,物联网工程,"['物', '联网', '工程']",2
桂林航天工业学院,计算机科学与技术,"['计算机科学', '与', '技术']",2
桂林航天工业学院,商务英语,['商务英语'],4
桂林航天工业学院,国际商务,"['国际', '商务']",4
桂林航天工业学院,数字媒体技术,"['数字', '媒体', '技术']",3
桂林航天工业学院,数据科学与大数据技术,"['数据', '科学', '与', '大', '数据', '技术']",3
桂林航天工业学院,飞行器制造工程,"['飞行器', '制造', '工程']",2
桂林航天工业学院,飞行器质量与可靠性,"['飞行器', '质量', '与', '可靠性']",2
桂林航天工业学院,飞行器动力工程,"['飞行器', '动力工程']",2
河北经贸大学,经济学,['经济学'],4
河北经贸大学,国际经济与贸易,"['国际', '经济', '与', '贸易']",5
河北经贸大学,贸易经济,"['贸易', '经济']",4
河北经贸大学,金融学类,"['金融学', '类']",5
河北经贸大学,金融科技,"['金融', '科技']",5
河北经贸大学,工商管理类,"['工商管理', '类']",16
河北经贸大学,大数据管理与应用,"['大', '数据管理', '与', '应用']",2
河北经贸大学,物流管理,"['物流', '管理']",2
河北经贸大学,法学,['法学'],12
河北经贸大学,中国语言文学类,"['中国', '语言', '文学类']",4
河北经贸大学,新闻传播学类,"['新闻', '传播学', '类']",3
河北经贸大学,英语,['英语'],2
河北经贸大学,日语,['日语'],2
河北经贸大学,商务英语,['商务英语'],4
河北经贸大学,数学类,"['数学', '类']",3
河北经贸大学,统计学类,"['统计学', '类']",6
河北经贸大学,人工智能,['人工智能'],3
河北经贸大学,计算机类,"['计算机', '类']",8
河北经贸大学,旅游管理类,"['旅游', '管理', '类']",10
河北经贸大学,会计学,['会计学'],10
上海杉达学院,金融学,['金融学'],1
上海杉达学院,法学,['法学'],1
上海杉达学院,旅游管理(双语教学),"['旅游', '管理', '(', '双语', '教学', ')']",1
上海杉达学院,日语,['日语'],1
上海杉达学院,电子商务,['电子商务'],1
上海杉达学院,国际经济与贸易(中外合作办学)(中美合作办学),"['国际', '经济', '与', '贸易', '(', '中外合作', '办学', ')', '(', '中美合作', '办学', ')']",1
黄河科技学院,学前教育(师范类),"['学前教育', '(', '师范类', ')']",3
黄河科技学院,农业工程,"['农业', '工程']",4
黄河科技学院,财务管理,['财务管理'],3
黄河科技学院,物流管理,"['物流', '管理']",3
上海政法学院,法学(卓越法律人才培养创新班),"['法学', '(', '卓越', '法律', '人才培养', '创新', '班', ')']",2
上海政法学院,法学(涉外卓越法律人才培养创新班),"['法学', '(', '涉外', '卓越', '法律', '人才培养', '创新', '班', ')']",3
上海政法学院,法学(民商法方向),"['法学', '(', '民商法', '方向', ')']",3
上海政法学院,法学(体育法方向),"['法学', '(', '体育', '法', '方向', ')']",3
上海政法学院,法学(经济法方向),"['法学', '(', '经济法', '方向', ')']",3
上海政法学院,法学(国际经济法方向),"['法学', '(', '国际', '经济法', '方向', ')']",3
上海政法学院,法学(刑事司法方向),"['法学', '(', '刑事', '司法', '方向', ')']",4
上海政法学院,法学(AI法学方向),"['法学', '(', 'AI', '法学', '方向', ')']",3
上海政法学院,知识产权,['知识产权'],3
上海政法学院,监狱学,"['监狱', '学']",2
上海政法学院,审计学,['审计学'],3
上海政法学院,电子商务及法律,"['电子商务', '及', '法律']",2
上海政法学院,应用心理学,"['应用', '心理学']",2
上海政法学院,英语,['英语'],3
上海政法学院,翻译,['翻译'],3
上海政法学院,俄语,['俄语'],3
上海政法学院,汉语国际教育,"['汉语', '国际', '教育']",3
上海政法学院,网络与新媒体,"['网络', '与', '新', '媒体']",2
上海政法学院,广播电视学(卓越新闻传播人才培养试点班),"['广播电视', '学', '(', '卓越', '新闻', '传播', '人才培养', '试点班', ')']",3
上海政法学院,思想政治教育,"['思想', '政治', '教育']",2
桂林旅游学院,会展经济与管理,"['会展经济', '与', '管理']",2
桂林旅游学院,旅游管理,"['旅游', '管理']",2
桂林旅游学院,风景园林,['风景园林'],2
桂林旅游学院,数据科学与大数据技术,"['数据', '科学', '与', '大', '数据', '技术']",3
桂林旅游学院,人工智能,['人工智能'],2
桂林旅游学院,经济与金融,"['经济', '与', '金融']",2
桂林旅游学院,财务管理,['财务管理'],2
桂林旅游学院,会计学,['会计学'],2
桂林旅游学院,市场营销,['市场营销'],2
桂林旅游学院,英语,['英语'],7
桂林旅游学院,汉语国际教育,"['汉语', '国际', '教育']",3
桂林旅游学院,传播学,['传播学'],4
桂林旅游学院,烹饪与营养教育,"['烹饪', '与', '营养', '教育']",2
桂林旅游学院,食品质量与安全,"['食品质量', '与', '安全']",2
桂林旅游学院,酒店管理(中外合作办学),"['酒店', '管理', '(', '中外合作', '办学', ')']",14
贺州学院,历史学,['历史学'],4
贺州学院,电气工程及其自动化,"['电气工程', '及其', '自动化']",4
贺州学院,通信工程,['通信工程'],4
贺州学院,人工智能,['人工智能'],4
贺州学院,旅游管理,"['旅游', '管理']",4
贺州学院,思想政治教育(师范类),"['思想', '政治', '教育', '(', '师范类', ')']",5
贺州学院,汉语言文学(师范类),"['汉语言', '文学', '(', '师范类', ')']",4
西安医学院,临床医学,['临床医学'],2
西安医学院,药学,['药学'],5
西安医学院,护理学,['护理学'],5
西安医学院,市场营销,['市场营销'],3
西安医学院,公共事业管理,"['公共事业', '管理']",3
九江学院,国际经济与贸易,"['国际', '经济', '与', '贸易']",4
九江学院,金融学,['金融学'],3
九江学院,法学,['法学'],4
九江学院,英语,['英语'],4
九江学院,数学与应用数学,"['数学', '与', '应用', '数学']",4
九江学院,应用化学,['应用化学'],4
九江学院,机械设计制造及其自动化,"['机械设计', '制造', '及其', '自动化']",4
九江学院,电子信息工程,"['电子', '信息工程']",4
九江学院,计算机科学与技术,"['计算机科学', '与', '技术']",3
九江学院,物联网工程,"['物', '联网', '工程']",4
九江学院,软件工程,['软件工程'],4
九江学院,土木工程,['土木工程'],4
九江学院,城乡规划,['城乡规划'],3
九江学院,临床医学,['临床医学'],5
九江学院,护理学,['护理学'],4
九江学院,会计学,['会计学'],5
九江学院,审计学,['审计学'],5
广东工业大学,机械类,['机械类'],4
广东工业大学,自动化类,"['自动化', '类']",4
广东工业大学,电子信息类,"['电子信息', '类']",4
广东工业大学,计算机类,"['计算机', '类']",4
广东工业大学,电子科学与技术,"['电子', '科学', '与', '技术']",4
广东工业大学,工商管理类,"['工商管理', '类']",4
广东工业大学,国际经济与贸易,"['国际', '经济', '与', '贸易']",4
广东工业大学,工业设计,"['工业', '设计']",4
广东工业大学,机械电子工程,"['机械', '电子', '工程']",3
广东工业大学,电气工程及其自动化,"['电气工程', '及其', '自动化']",2
广东工业大学,计算机科学与技术,"['计算机科学', '与', '技术']",3
广东工业大学,化学工程与工艺,"['化学工程', '与', '工艺']",2
广东外语外贸大学,经济统计学,"['经济', '统计学']",3
广东外语外贸大学,财政学类,"['财政学', '类']",1
广东外语外贸大学,金融学类,"['金融学', '类']",1
广东外语外贸大学,国际经济与贸易,"['国际', '经济', '与', '贸易']",1
广东外语外贸大学,法学,['法学'],2
广东外语外贸大学,社会工作,['社会工作'],2
广东外语外贸大学,教育学,['教育学'],1
广东外语外贸大学,英语,['英语'],2
广东外语外贸大学,德语,['德语'],1
广东外语外贸大学,日语,['日语'],1
广东外语外贸大学,乌尔都语,['乌尔都语'],2
广东外语外贸大学,希伯来语,['希伯来语'],1
广东外语外贸大学,希腊语,['希腊语'],1
广东外语外贸大学,意大利语,['意大利语'],1
广东外语外贸大学,商务英语,['商务英语'],1
广东外语外贸大学,应用心理学,"['应用', '心理学']",1
广东外语外贸大学,计算机类,"['计算机', '类']",7
广东外语外贸大学,工商管理类,"['工商管理', '类']",8
佛山科学技术学院,工商管理,['工商管理'],5
佛山科学技术学院,会计学,['会计学'],7
佛山科学技术学院,人力资源管理,"['人力', '资源管理']",5
亳州学院,学前教育(师范类),"['学前教育', '(', '师范类', ')']",3
亳州学院,文化产业管理,"['文化产业', '管理']",3
亳州学院,网络与新媒体,"['网络', '与', '新', '媒体']",3
亳州学院,酿酒工程,"['酿酒', '工程']",3
亳州学院,物流管理,"['物流', '管理']",3
亳州学院,酒店管理,"['酒店', '管理']",3
亳州学院,电子商务,['电子商务'],3
亳州学院,商务英语,['商务英语'],3
郑州师范学院,汉语言文学(师范类),"['汉语言', '文学', '(', '师范类', ')']",3
郑州师范学院,计算机科学与技术,"['计算机科学', '与', '技术']",3
大连民族大学,市场营销,['市场营销'],2
大连民族大学,工商管理,['工商管理'],2
大连民族大学,行政管理,"['行政', '管理']",2
大连民族大学,人力资源管理,"['人力', '资源管理']",2
大连民族大学,机械设计制造及其自动化,"['机械设计', '制造', '及其', '自动化']",2
大连民族大学,自动化,['自动化'],3
大连民族大学,机器人工程,"['机器人', '工程']",2
大连民族大学,智能制造工程,"['智能', '制造', '工程']",2
大连民族大学,食品科学与工程,"['食品科学', '与', '工程']",2
大连民族大学,英语,['英语'],3
大连民族大学,朝鲜语,['朝鲜语'],2
大连民族大学,计算机科学与技术,"['计算机科学', '与', '技术']",2
大连民族大学,人工智能,['人工智能'],2
大连民族大学,工业设计,"['工业', '设计']",2
大连民族大学,汉语言文学,"['汉语言', '文学']",3
大连民族大学,法学,['法学'],4
大连民族大学,新闻学,['新闻学'],2
大连民族大学,统计学,['统计学'],2
大连民族大学,区块链工程,"['区块', '链', '工程']",3
大连民族大学,会计学,['会计学'],2
大连民族大学,财务管理,['财务管理'],2
大连民族大学,国际商务,"['国际', '商务']",2
大连民族大学,电子信息工程,"['电子', '信息工程']",2
大连民族大学,物联网工程,"['物', '联网', '工程']",2
大连民族大学,生物技术,"['生物', '技术']",2
大连民族大学,经济林,['经济林'],3
大连民族大学,建筑学,['建筑学'],2
湖南第一师范学院,汉语言文学(师范类),"['汉语言', '文学', '(', '师范类', ')']",2
湖南第一师范学院,数学与应用数学(师范类),"['数学', '与', '应用', '数学', '(', '师范类', ')']",2
湖南第一师范学院,信息与计算科学,"['信息', '与', '计算', '科学']",2
湖南第一师范学院,英语(师范类),"['英语', '(', '师范类', ')']",2
湖南第一师范学院,电子信息工程,"['电子', '信息工程']",4
湖南第一师范学院,通信工程,['通信工程'],4
湖南第一师范学院,人工智能,['人工智能'],4
湖南第一师范学院,教育技术学(师范类),"['教育', '技术', '学', '(', '师范类', ')']",3
湖南第一师范学院,计算机科学与技术,"['计算机科学', '与', '技术']",4
湖南第一师范学院,国际经济与贸易,"['国际', '经济', '与', '贸易']",4
湖南第一师范学院,市场营销,['市场营销'],4
湖南第一师范学院,会计学,['会计学'],3
湖南第一师范学院,思想政治教育(师范类),"['思想', '政治', '教育', '(', '师范类', ')']",2
上海第二工业大学,材料成型及控制工程,"['材料', '成型', '及', '控制工程']",2
上海第二工业大学,软件工程,['软件工程'],1
上海第二工业大学,环保设备工程,"['环保', '设备', '工程']",2
上海第二工业大学,酒店管理,"['酒店', '管理']",3
上海第二工业大学,工业设计,"['工业', '设计']",2
南京特殊教育师范学院,特殊教育(师范类),"['特殊教育', '(', '师范类', ')']",3
南京特殊教育师范学院,小学教育(师范类),"['小学', '教育', '(', '师范类', ')']",2
南京特殊教育师范学院,学前教育(师范类),"['学前教育', '(', '师范类', ')']",5
南京特殊教育师范学院,公共事业管理,"['公共事业', '管理']",2
南京特殊教育师范学院,英语(师范类),"['英语', '(', '师范类', ')']",5
南京特殊教育师范学院,教育技术学(师范类),"['教育', '技术', '学', '(', '师范类', ')']",2
南京特殊教育师范学院,计算机科学与技术(嵌入式培养),"['计算机科学', '与', '技术', '(', '嵌入式', '培养', ')']",3
南京特殊教育师范学院,数学与应用数学(师范类),"['数学', '与', '应用', '数学', '(', '师范类', ')']",4
上海商学院,会计学,['会计学'],4
上海商学院,国际经济与贸易,"['国际', '经济', '与', '贸易']",3
上海商学院,法学,['法学'],3
上海商学院,计算机科学与技术,"['计算机科学', '与', '技术']",4
南通理工学院,机械设计制造及其自动化,"['机械设计', '制造', '及其', '自动化']",4
南通理工学院,智能制造工程,"['智能', '制造', '工程']",5
南通理工学院,车辆工程,"['车辆', '工程']",3
南通理工学院,工程管理,"['工程', '管理']",3
南通理工学院,工程造价,['工程造价'],4
南通理工学院,土木工程,['土木工程'],5
南通理工学院,物流管理,"['物流', '管理']",3
南通理工学院,电子商务,['电子商务'],4
南通理工学院,金融工程,"['金融', '工程']",3
南通理工学院,酒店管理,"['酒店', '管理']",3
南通理工学院,数据科学与大数据技术(嵌入式培养),"['数据', '科学', '与', '大', '数据', '技术', '(', '嵌入式', '培养', ')']",5
南通理工学院,船舶与海洋工程,"['船舶', '与', '海洋工程']",3
广东培正学院,商务英语,['商务英语'],5
广东培正学院,会计学,['会计学'],5
广东培正学院,法学,['法学'],5
广东培正学院,计算机科学与技术,"['计算机科学', '与', '技术']",5
天津中德应用技术大学,机械电子工程,"['机械', '电子', '工程']",6
天津中德应用技术大学,金属材料工程,"['金属材料', '工程']",4
天津中德应用技术大学,飞行器制造工程,"['飞行器', '制造', '工程']",4
天津中德应用技术大学,能源与动力工程,"['能源', '与', '动力工程']",6
天津中德应用技术大学,车辆工程,"['车辆', '工程']",4
天津中德应用技术大学,质量管理工程,"['质量', '管理', '工程']",5
天津中德应用技术大学,财务管理,['财务管理'],5
天津中德应用技术大学,德语,['德语'],14
贵州警察学院,法学类,['法学类'],10
南方医科大学,临床医学(本硕博连读),"['临床医学', '(', '本硕博', '连读', ')']",3
南方医科大学,临床医学,['临床医学'],4
南方医科大学,儿科学,['儿科学'],2
南方医科大学,法医学,['法医学'],2
南方医科大学,口腔医学,['口腔医学'],2
南方医科大学,医学影像学,"['医学', '影像学']",2
南方医科大学,预防医学,"['预防', '医学']",3
南方医科大学,中西医临床医学,"['中西医', '临床医学']",2
南方医科大学,药学,['药学'],2
南方医科大学,中药学,['中药学'],3
南方医科大学,生物医学工程,"['生物医学', '工程']",6
南方医科大学,医学检验技术,"['医学', '检验', '技术']",5
南方医科大学,康复治疗学,"['康复', '治疗学']",7
南方医科大学,健康服务与管理,"['健康', '服务', '与', '管理']",2
湖南医药学院,临床医学,['临床医学'],2
湖南医药学院,针灸推拿学,"['针灸', '推拿学']",1
湖南医药学院,医学影像技术,"['医学影像', '技术']",1
湖南医药学院,医学检验技术,"['医学', '检验', '技术']",1
湖南医药学院,药学,['药学'],1
湖南医药学院,中药学,['中药学'],1
湖南医药学院,护理学,['护理学'],1
湖南医药学院,康复治疗学,"['康复', '治疗学']",1
安徽新华学院,物流管理,"['物流', '管理']",15
安徽新华学院,电子商务,['电子商务'],15
海口经济学院,新闻学(网络新媒体),"['新闻学', '(', '网络', '新', '媒体', ')']",3
海口经济学院,建筑类,"['建筑', '类']",3
海口经济学院,土木工程,['土木工程'],3
海口经济学院,市场营销(新媒体营销),"['市场营销', '(', '新', '媒体', '营销', ')']",2
海口经济学院,人力资源管理(薪酬绩效设计师),"['人力', '资源管理', '(', '薪酬', '绩效', '设计师', ')']",4
海口经济学院,数据科学与大数据技术(数字平台运维),"['数据', '科学', '与', '大', '数据', '技术', '(', '数字', '平台', '运维', ')']",2
海口经济学院,经济学类,"['经济学', '类']",10
海口经济学院,外国语言文学类,"['外国', '语言', '文学类']",4
海口经济学院,旅游管理类,"['旅游', '管理', '类']",10
海口经济学院,计算机科学与技术,"['计算机科学', '与', '技术']",3
海口经济学院,人力资源管理,"['人力', '资源管理']",2
海口经济学院,市场营销,['市场营销'],8
海口经济学院,电子商务,['电子商务'],4
海口经济学院,市场营销(创意产业管理),"['市场营销', '(', '创意', '产业', '管理', ')']",2
海口经济学院,会展经济与管理(数字会展),"['会展经济', '与', '管理', '(', '数字', '会展', ')']",2
海口经济学院,英语(教育、翻译、商务方向),"['英语', '(', '教育', '、', '翻译', '、', '商务', '方向', ')']",6
海口经济学院,旅游管理(智慧旅游),"['旅游', '管理', '(', '智慧', '旅游', ')']",10
海口经济学院,电子商务(创业与商业管理),"['电子商务', '(', '创业', '与', '商业', '管理', ')']",8
海口经济学院,审计学,['审计学'],2
武昌首义学院,计算机科学与技术,"['计算机科学', '与', '技术']",1
武昌首义学院,软件工程,['软件工程'],1
武昌首义学院,计算机科学与技术(华为云特色班),"['计算机科学', '与', '技术', '(', '华为', '云', '特色', '班', ')']",1
武昌首义学院,软件工程(华为云特色班),"['软件工程', '(', '华为', '云', '特色', '班', ')']",1
武昌首义学院,机械电子工程,"['机械', '电子', '工程']",2
武昌首义学院,机器人工程,"['机器人', '工程']",2
武昌首义学院,土木工程,['土木工程'],2
武昌首义学院,工程造价,['工程造价'],2
武昌首义学院,外国语言文学类,"['外国', '语言', '文学类']",2
武昌首义学院,金融学,['金融学'],2
武昌首义学院,法学,['法学'],2
武昌首义学院,网络与新媒体,"['网络', '与', '新', '媒体']",2
武昌理工学院,软件工程(科大讯飞精英班),"['软件工程', '(', '科大', '讯', '飞', '精英', '班', ')']",18
武昌理工学院,智能科学与技术(科大讯飞精英班),"['智能科学', '与', '技术', '(', '科大', '讯', '飞', '精英', '班', ')']",10
武昌理工学院,数据科学与大数据技术(科大讯飞精英班),"['数据', '科学', '与', '大', '数据', '技术', '(', '科大', '讯', '飞', '精英', '班', ')']",10
武昌理工学院,工商管理(精英班),"['工商管理', '(', '精英', '班', ')']",28
武昌理工学院,市场营销(数字营销精英班),"['市场营销', '(', '数字', '营销', '精英', '班', ')']",3
山东女子学院,计算机科学与技术,"['计算机科学', '与', '技术']",77
山东女子学院,金融工程,"['金融', '工程']",40
山东女子学院,数字媒体技术,"['数字', '媒体', '技术']",50
山东女子学院,旅游管理,"['旅游', '管理']",62
山东女子学院,知识产权,['知识产权'],32
山东女子学院,工商管理,['工商管理'],47
山东女子学院,养老服务管理,"['养老', '服务', '管理']",69
山东女子学院,财务管理,['财务管理'],35
山东女子学院,市场营销,['市场营销'],69
山东女子学院,俄语,['俄语'],26
山东女子学院,社会工作,['社会工作'],49
山东女子学院,物流管理,"['物流', '管理']",22
山东女子学院,学前教育(师范类),"['学前教育', '(', '师范类', ')']",140
山东女子学院,文化产业管理,"['文化产业', '管理']",34
山东女子学院,人力资源管理,"['人力', '资源管理']",56
山东女子学院,国际经济与贸易,"['国际', '经济', '与', '贸易']",58
山东女子学院,金融学,['金融学'],38
山东女子学院,数据计算及应用,"['数据', '计算', '及', '应用']",40
山东女子学院,会计学,['会计学'],113
山东女子学院,女性学,"['女性', '学']",16
山东女子学院,审计学,['审计学'],31
山东女子学院,商务英语(仅招收英语语种考生),"['商务英语', '(', '仅', '招收', '英语', '语种', '考生', ')']",57
山东女子学院,健康服务与管理,"['健康', '服务', '与', '管理']",40
山东女子学院,软件工程,['软件工程'],45
山东女子学院,英语(仅招收英语语种考生),"['英语', '(', '仅', '招收', '英语', '语种', '考生', ')']",71
山东女子学院,小学教育(师范类),"['小学', '教育', '(', '师范类', ')']",90
山东女子学院,日语,['日语'],26
山东女子学院,数据科学与大数据技术,"['数据', '科学', '与', '大', '数据', '技术']",50
山东女子学院,应用心理学,"['应用', '心理学']",34
山东女子学院,计算机科学与技术(校企合作，与浪潮集团有限公司合作),"['计算机科学', '与', '技术', '(', '校企', '合作', '，', '与', '浪潮集团', '有限公司', '合作', ')']",35
山东女子学院,国际经济与贸易(校企合作，与山东全通网融科技有限公司合作),"['国际', '经济', '与', '贸易', '(', '校企', '合作', '，', '与', '山东', '全通', '网融', '科技', '有限公司', '合作', ')']",45
山东女子学院,会展经济与管理(校企合作，与山东华仁教育发展有限公司合作),"['会展经济', '与', '管理', '(', '校企', '合作', '，', '与', '山东', '华仁', '教育', '发展', '有限公司', '合作', ')']",35
山东女子学院,广播电视学(校企合作，与杭州时光坐标影视传媒有限公司合作),"['广播电视', '学', '(', '校企', '合作', '，', '与', '杭州', '时光', '坐标', '影视', '传媒', '有限公司', '合作', ')']",45
山东女子学院,健康服务与管理(校企合作，与山东绿地泉美好生活服务集团合作),"['健康', '服务', '与', '管理', '(', '校企', '合作', '，', '与', '山东', '绿地', '泉', '美好生活', '服务', '集团', '合作', ')']",30
山东女子学院,工商管理(校企合作，与山东全通网融科技有限公司合作),"['工商管理', '(', '校企', '合作', '，', '与', '山东', '全通', '网融', '科技', '有限公司', '合作', ')']",45
山东女子学院,人力资源管理(校企合作，与人才有价山东有限公司合作),"['人力', '资源管理', '(', '校企', '合作', '，', '与', '人才', '有价', '山东', '有限公司', '合作', ')']",30
山东女子学院,会计学(校企合作，与北京思汇知行教育科技有限公司合作),"['会计学', '(', '校企', '合作', '，', '与', '北京', '思汇', '知行', '教育', '科技', '有限公司', '合作', ')']",40
山东女子学院,投资学(校企合作，与山东华仁教育发展有限公司合作),"['投资', '学', '(', '校企', '合作', '，', '与', '山东', '华仁', '教育', '发展', '有限公司', '合作', ')']",40
山东女子学院,金融工程(校企合作，与山东华仁教育发展有限公司合作),"['金融', '工程', '(', '校企', '合作', '，', '与', '山东', '华仁', '教育', '发展', '有限公司', '合作', ')']",40
山东女子学院,人工智能(校企合作，与鼎利卓远山东教育科技有限公司合作),"['人工智能', '(', '校企', '合作', '，', '与', '鼎利卓远', '山东', '教育', '科技', '有限公司', '合作', ')']",40
山东女子学院,酒店管理(校企合作，与山东华仁教育发展有限公司合作),"['酒店', '管理', '(', '校企', '合作', '，', '与', '山东', '华仁', '教育', '发展', '有限公司', '合作', ')']",35
山东女子学院,数字媒体技术(校企合作，与山东新视觉数码科技有限公司合作),"['数字', '媒体', '技术', '(', '校企', '合作', '，', '与', '山东', '新', '视觉', '数码科技', '有限公司', '合作', ')']",40
山东女子学院,跨境电子商务(校企合作，与鼎利卓远山东教育科技有限公司合作),"['跨境', '电子商务', '(', '校企', '合作', '，', '与', '鼎利卓远', '山东', '教育', '科技', '有限公司', '合作', ')']",30
烟台南山学院,食品营养与健康,"['食品', '营养', '与', '健康']",22
烟台南山学院,信息管理与信息系统,"['信息管理', '与', '信息系统']",22
烟台南山学院,物联网工程,"['物', '联网', '工程']",22
烟台南山学院,护理学,['护理学'],27
烟台南山学院,国际商务,"['国际', '商务']",20
烟台南山学院,软件工程,['软件工程'],23
烟台南山学院,服装设计与工程,"['服装设计', '与', '工程']",20
烟台南山学院,电气工程及其自动化,"['电气工程', '及其', '自动化']",25
烟台南山学院,市场营销,['市场营销'],22
烟台南山学院,物流管理,"['物流', '管理']",23
烟台南山学院,纺织工程,"['纺织', '工程']",33
烟台南山学院,测控技术与仪器,"['测控', '技术', '与', '仪器']",23
烟台南山学院,康复治疗学,"['康复', '治疗学']",27
烟台南山学院,人工智能,['人工智能'],27
烟台南山学院,计算机科学与技术,"['计算机科学', '与', '技术']",32
烟台南山学院,金融工程,"['金融', '工程']",24
烟台南山学院,机械设计制造及其自动化,"['机械设计', '制造', '及其', '自动化']",25
烟台南山学院,化学工程与工艺,"['化学工程', '与', '工艺']",22
烟台南山学院,材料成型及控制工程,"['材料', '成型', '及', '控制工程']",20
烟台南山学院,食品科学与工程,"['食品科学', '与', '工程']",22
烟台南山学院,酒店管理,"['酒店', '管理']",23
烟台南山学院,金属材料工程,"['金属材料', '工程']",25
烟台南山学院,会计学,['会计学'],23
烟台南山学院,过程装备与控制工程,"['过程', '装备', '与', '控制工程']",23
烟台南山学院,车辆工程,"['车辆', '工程']",23
烟台南山学院,汉语国际教育,"['汉语', '国际', '教育']",23
烟台南山学院,工商管理,['工商管理'],25
烟台南山学院,大数据管理与应用,"['大', '数据管理', '与', '应用']",24
烟台南山学院,工业设计,"['工业', '设计']",27
烟台南山学院,旅游管理,"['旅游', '管理']",22
烟台南山学院,日语,['日语'],22
烟台南山学院,高分子材料与工程,"['高分子', '材料', '与', '工程']",22
烟台南山学院,工程管理,"['工程', '管理']",25
烟台南山学院,数据科学与大数据技术,"['数据', '科学', '与', '大', '数据', '技术']",25
烟台南山学院,交通运输,['交通运输'],25
烟台南山学院,英语,['英语'],26
烟台南山学院,电子信息工程,"['电子', '信息工程']",26
烟台南山学院,食品质量与安全,"['食品质量', '与', '安全']",21
烟台南山学院,自动化,['自动化'],24
烟台南山学院,飞行器动力工程,"['飞行器', '动力工程']",23
烟台南山学院,复合材料与工程,"['复合材料', '与', '工程']",23
烟台南山学院,化学工程与工艺(校企合作，与南山裕龙石化有限公司合作),"['化学工程', '与', '工艺', '(', '校企', '合作', '，', '与', '南山', '裕龙', '石化', '有限公司', '合作', ')']",32
烟台南山学院,金属材料工程(校企合作，与山东南山铝业股份有限公司合作),"['金属材料', '工程', '(', '校企', '合作', '，', '与', '山东', '南', '山铝业', '股份', '有限公司', '合作', ')']",25
烟台南山学院,酒店管理(校企合作，与南山旅游集团有限公司合作),"['酒店', '管理', '(', '校企', '合作', '，', '与', '南山', '旅游', '集团', '有限公司', '合作', ')']",23
烟台南山学院,材料成型及控制工程(校企合作，与山东南山铝业股份有限公司合作),"['材料', '成型', '及', '控制工程', '(', '校企', '合作', '，', '与', '山东', '南', '山铝业', '股份', '有限公司', '合作', ')']",25
烟台南山学院,纺织工程(校企合作，与南山智尚科技股份有限公司合作),"['纺织', '工程', '(', '校企', '合作', '，', '与', '南山', '智尚', '科技股份', '有限公司', '合作', ')']",32
烟台南山学院,旅游管理(校企合作，与南山旅游集团有限公司合作),"['旅游', '管理', '(', '校企', '合作', '，', '与', '南山', '旅游', '集团', '有限公司', '合作', ')']",22
烟台南山学院,服装设计与工程(校企合作，与南山智尚科技股份有限公司合作),"['服装设计', '与', '工程', '(', '校企', '合作', '，', '与', '南山', '智尚', '科技股份', '有限公司', '合作', ')']",23
武汉生物工程学院,生物工程,['生物工程'],2
武汉生物工程学院,生物技术,"['生物', '技术']",2
武汉生物工程学院,医学检验技术,"['医学', '检验', '技术']",2
武汉生物工程学院,制药工程,"['制药', '工程']",2
武汉生物工程学院,药学,['药学'],2
武汉生物工程学院,计算机科学与技术,"['计算机科学', '与', '技术']",2
武汉生物工程学院,财务管理,['财务管理'],2
武汉生物工程学院,汉语言文学,"['汉语言', '文学']",2
武汉生物工程学院,英语,['英语'],2
武汉生物工程学院,土木工程,['土木工程'],2
中国劳动关系学院,人力资源管理,"['人力', '资源管理']",6
中国劳动关系学院,工商管理,['工商管理'],2
中国劳动关系学院,法学,['法学'],6
中国劳动关系学院,经济学,['经济学'],5
中国劳动关系学院,财务管理,['财务管理'],7
中国劳动关系学院,应用统计学,"['应用', '统计学']",2
中国劳动关系学院,劳动与社会保障,"['劳动', '与', '社会保障']",4
中国劳动关系学院,政治学与行政学,"['政治学', '与', '行政', '学']",9
中国劳动关系学院,安全工程,['安全工程'],2
中国劳动关系学院,应急技术与管理,"['应急', '技术', '与', '管理']",2
中国劳动关系学院,社会工作,['社会工作'],9
中国劳动关系学院,社会学,['社会学'],4
中国劳动关系学院,汉语言文学,"['汉语言', '文学']",6
中国劳动关系学院,计算机科学与技术,"['计算机科学', '与', '技术']",7
宁夏理工学院,会计学(智能会计),"['会计学', '(', '智能', '会计', ')']",4
宁夏理工学院,财务管理(大数据财务),"['财务管理', '(', '大', '数据', '财务', ')']",2
宁夏理工学院,市场营销,['市场营销'],2
宁夏理工学院,国际经济与贸易,"['国际', '经济', '与', '贸易']",2
宁夏理工学院,经济与金融,"['经济', '与', '金融']",3
宁夏理工学院,电气工程及其自动化,"['电气工程', '及其', '自动化']",4
宁夏理工学院,电子信息工程(集成电路智能制造),"['电子', '信息工程', '(', '集成电路', '智能', '制造', ')']",4
宁夏理工学院,物联网工程,"['物', '联网', '工程']",2
宁夏理工学院,计算机类,"['计算机', '类']",4
宁夏理工学院,制药工程,"['制药', '工程']",3
宁夏理工学院,机械工程,['机械工程'],3
宁夏理工学院,交通运输(机场运行),"['交通运输', '(', '机场', '运行', ')']",10
宁夏理工学院,交通运输(航空物流),"['交通运输', '(', '航空', '物流', ')']",10
宁夏理工学院,智能制造工程,"['智能', '制造', '工程']",2
宁夏理工学院,土木工程,['土木工程'],2
宁夏理工学院,安全工程,['安全工程'],2
宁夏理工学院,给排水科学与工程,"['给排水', '科学', '与', '工程']",2
宁夏理工学院,环境工程,['环境工程'],2
宁夏理工学院,英语,['英语'],2
宁夏理工学院,日语,['日语'],1
宁夏理工学院,汉语言文学,"['汉语言', '文学']",3
宁夏理工学院,学前教育,['学前教育'],2
宁夏理工学院,材料成型及控制工程(新材料智能制造),"['材料', '成型', '及', '控制工程', '(', '新', '材料', '智能', '制造', ')']",2
云南经济管理学院,会计学,['会计学'],4
云南经济管理学院,物联网工程,"['物', '联网', '工程']",2
云南经济管理学院,测绘工程,"['测绘', '工程']",2
云南经济管理学院,建筑学,['建筑学'],2
云南经济管理学院,数学与应用数学,"['数学', '与', '应用', '数学']",2
云南经济管理学院,市场营销,['市场营销'],2
云南经济管理学院,护理学,['护理学'],4
云南经济管理学院,网络与新媒体,"['网络', '与', '新', '媒体']",2
广东东软学院,软件工程,['软件工程'],7
广东东软学院,网络工程,['网络工程'],7
广东东软学院,大数据管理与应用,"['大', '数据管理', '与', '应用']",7
湘潭大学兴湘学院,英语,['英语'],2
湘潭大学兴湘学院,法学,['法学'],2
湘潭大学兴湘学院,电子商务,['电子商务'],1
湘潭大学兴湘学院,机械设计制造及其自动化,"['机械设计', '制造', '及其', '自动化']",1
湘潭大学兴湘学院,高分子材料与工程,"['高分子', '材料', '与', '工程']",1
湘潭大学兴湘学院,化学工程与工艺,"['化学工程', '与', '工艺']",1
湘潭大学兴湘学院,制药工程,"['制药', '工程']",2
广州软件学院,软件工程(国际班),"['软件工程', '(', '国际', '班', ')']",1
广州软件学院,网络工程(云计算创新实验班),"['网络工程', '(', '云', '计算', '创新', '实验班', ')']",1
广州软件学院,行政管理,"['行政', '管理']",18
广州南方学院,人力资源管理,"['人力', '资源管理']",1
广州南方学院,会计学,['会计学'],1
广州南方学院,经济学,['经济学'],3
广州南方学院,金融学,['金融学'],1
广州南方学院,国际经济与贸易,"['国际', '经济', '与', '贸易']",1
广州南方学院,电子商务,['电子商务'],1
广州南方学院,英语,['英语'],3
广州南方学院,电气工程及其自动化,"['电气工程', '及其', '自动化']",7
广州南方学院,计算机科学与技术,"['计算机科学', '与', '技术']",1
广州南方学院,软件工程,['软件工程'],4
广州南方学院,中药学,['中药学'],4
广州南方学院,数据科学与大数据技术(中外合作办学)(与爱尔兰格里菲斯学院国际合作,"['数据', '科学', '与', '大', '数据', '技术', '(', '中外合作', '办学', ')', '(', '与', '爱尔兰', '格里菲斯', '学院', '国际', '合作']",3
成都东软学院,计算机类,"['计算机', '类']",10
成都东软学院,人工智能,['人工智能'],5
成都东软学院,软件工程,['软件工程'],6
成都东软学院,信息工程,['信息工程'],2
成都东软学院,数据科学与大数据技术,"['数据', '科学', '与', '大', '数据', '技术']",2
成都东软学院,信息管理与信息系统,"['信息管理', '与', '信息系统']",2
成都东软学院,电子商务,['电子商务'],5
成都东软学院,大数据管理与应用,"['大', '数据管理', '与', '应用']",3
成都东软学院,财务管理,['财务管理'],5
成都东软学院,人力资源管理,"['人力', '资源管理']",2
成都东软学院,数字媒体技术,"['数字', '媒体', '技术']",3
成都东软学院,商务英语,['商务英语'],2
成都东软学院,英语,['英语'],5
成都东软学院,日语,['日语'],2
成都东软学院,医学信息工程,"['医学', '信息工程']",2
成都东软学院,智能医学工程,"['智能', '医学工程']",6
成都东软学院,医学影像技术,"['医学影像', '技术']",12
湖南科技大学潇湘学院,土木工程,['土木工程'],2
湖南科技大学潇湘学院,电子信息工程,"['电子', '信息工程']",1
湖南科技大学潇湘学院,建筑学,['建筑学'],2
湖南科技大学潇湘学院,法学,['法学'],1
湖南科技大学潇湘学院,新闻学,['新闻学'],1
湖南科技大学潇湘学院,计算机科学与技术,"['计算机科学', '与', '技术']",1
南华大学船山学院,土木工程,['土木工程'],3
南华大学船山学院,会计学,['会计学'],2
湖南理工学院南湖学院,计算机科学与技术,"['计算机科学', '与', '技术']",3
湖南理工学院南湖学院,广告学,['广告学'],3
东南大学成贤学院,计算机科学与技术,"['计算机科学', '与', '技术']",2
东南大学成贤学院,软件工程,['软件工程'],1
东南大学成贤学院,自动化,['自动化'],2
东南大学成贤学院,电子科学与技术,"['电子', '科学', '与', '技术']",1
东南大学成贤学院,电子信息工程,"['电子', '信息工程']",1
东南大学成贤学院,电气工程及其自动化,"['电气工程', '及其', '自动化']",3
东南大学成贤学院,机械设计制造及其自动化,"['机械设计', '制造', '及其', '自动化']",3
东南大学成贤学院,机械工程,['机械工程'],3
东南大学成贤学院,土木工程,['土木工程'],2
东南大学成贤学院,工程管理,"['工程', '管理']",3
东南大学成贤学院,工程造价,['工程造价'],2
东南大学成贤学院,风景园林,['风景园林'],1
东南大学成贤学院,化工与制药类,"['化工', '与', '制药', '类']",2
东南大学成贤学院,功能材料,"['功能', '材料']",3
东南大学成贤学院,会计学,['会计学'],1
东南大学成贤学院,财务管理,['财务管理'],1
东南大学成贤学院,税收学,"['税收', '学']",1
东南大学成贤学院,市场营销,['市场营销'],1
东南大学成贤学院,物流管理,"['物流', '管理']",1
东南大学成贤学院,电子商务,['电子商务'],2
东南大学成贤学院,交通工程,"['交通', '工程']",2
东南大学成贤学院,药事管理,"['药事', '管理']",2
厦门华厦学院,投资学,"['投资', '学']",1
厦门华厦学院,国际经济与贸易,"['国际', '经济', '与', '贸易']",1
厦门华厦学院,艺术教育(以培养音乐和舞蹈人才为主),"['艺术', '教育', '(', '以', '培养', '音乐', '和', '舞蹈', '人才', '为主', ')']",2
厦门华厦学院,商务英语,['商务英语'],1
厦门华厦学院,网络与新媒体,"['网络', '与', '新', '媒体']",2
厦门华厦学院,机械设计制造及其自动化,"['机械设计', '制造', '及其', '自动化']",2
厦门华厦学院,通信工程,['通信工程'],1
厦门华厦学院,机器人工程,"['机器人', '工程']",1
厦门华厦学院,物联网工程,"['物', '联网', '工程']",1
厦门华厦学院,数据科学与大数据技术,"['数据', '科学', '与', '大', '数据', '技术']",1
厦门华厦学院,制药工程,"['制药', '工程']",2
厦门华厦学院,环境科学与工程,"['环境', '科学', '与', '工程']",1
厦门华厦学院,食品质量与安全,"['食品质量', '与', '安全']",1
厦门华厦学院,医学检验技术,"['医学', '检验', '技术']",2
厦门华厦学院,康复治疗学,"['康复', '治疗学']",1
厦门华厦学院,财务管理,['财务管理'],1
厦门华厦学院,供应链管理,"['供应链', '管理']",1
厦门华厦学院,电子商务,['电子商务'],2
西安欧亚学院,国际经济与贸易,"['国际', '经济', '与', '贸易']",4
西安欧亚学院,会计学,['会计学'],2
西安欧亚学院,国际商务,"['国际', '商务']",4
西安欧亚学院,供应链管理,"['供应链', '管理']",2
西安外事学院,财务管理,['财务管理'],6
西安外事学院,物流管理,"['物流', '管理']",10
西安外事学院,电子商务,['电子商务'],4
西安外事学院,经济与金融,"['经济', '与', '金融']",4
西安外事学院,国际经济与贸易,"['国际', '经济', '与', '贸易']",8
西安外事学院,人力资源管理,"['人力', '资源管理']",6
西安外事学院,会展经济与管理,"['会展经济', '与', '管理']",2
西安外事学院,物联网工程,"['物', '联网', '工程']",3
西安外事学院,俄语,['俄语'],3
西安外事学院,法语,['法语'],5
西安外事学院,朝鲜语,['朝鲜语'],12
西安外事学院,西班牙语,['西班牙语'],8
西安外事学院,英语,['英语'],2
西安外事学院,德语,['德语'],7
西安外事学院,新闻学,['新闻学'],3
西京学院,会计学,['会计学'],5
齐齐哈尔工程学院,电气工程及其自动化,"['电气工程', '及其', '自动化']",11
齐齐哈尔工程学院,土木工程,['土木工程'],10
齐齐哈尔工程学院,计算机科学与技术,"['计算机科学', '与', '技术']",5
齐齐哈尔工程学院,电子商务,['电子商务'],12
齐齐哈尔工程学院,护理学,['护理学'],7
新疆警察学院,法学,['法学'],7
山西应用科技学院,工程管理,"['工程', '管理']",5
山西应用科技学院,风景园林,['风景园林'],10
山西应用科技学院,交通工程,"['交通', '工程']",10
山西应用科技学院,新能源科学与工程,"['新', '能源科学', '与', '工程']",10
山西应用科技学院,大数据管理与应用,"['大', '数据管理', '与', '应用']",5
山西应用科技学院,机器人工程,"['机器人', '工程']",3
山西应用科技学院,财务管理,['财务管理'],10
山西应用科技学院,审计学,['审计学'],17
山西应用科技学院,市场营销,['市场营销'],10
山西应用科技学院,物流管理,"['物流', '管理']",10
河北传媒学院,外国语言文学类,"['外国', '语言', '文学类']",5
河北传媒学院,新闻传播学类,"['新闻', '传播学', '类']",5
河北传媒学院,计算机类,"['计算机', '类']",5
南昌理工学院,计算机科学与技术,"['计算机科学', '与', '技术']",4
南昌理工学院,飞行器制造工程,"['飞行器', '制造', '工程']",5
南昌理工学院,小学教育,"['小学', '教育']",4
南昌理工学院,法学,['法学'],3
南昌理工学院,英语,['英语'],3
南昌理工学院,工程造价,['工程造价'],4
南昌理工学院,会计学,['会计学'],5
河北工程技术学院,工程管理,"['工程', '管理']",7
河北工程技术学院,土木工程,['土木工程'],5
河北工程技术学院,电子商务,['电子商务'],6
河北工程技术学院,软件工程,['软件工程'],10
河北工程技术学院,智能科学与技术,"['智能科学', '与', '技术']",9
河北工程技术学院,人工智能,['人工智能'],5
河北工程技术学院,财务管理,['财务管理'],3
河北工程技术学院,金融工程,"['金融', '工程']",5
河北工程技术学院,电子信息工程,"['电子', '信息工程']",10
上海建桥学院,会计学,['会计学'],4
上海建桥学院,计算机科学与技术,"['计算机科学', '与', '技术']",2
上海建桥学院,机械设计制造及其自动化(中外合作办学),"['机械设计', '制造', '及其', '自动化', '(', '中外合作', '办学', ')']",2
吉利学院,机械类,['机械类'],10
吉利学院,计算机类,"['计算机', '类']",8
吉利学院,工商管理类,"['工商管理', '类']",2
吉利学院,国际经济与贸易,"['国际', '经济', '与', '贸易']",2
吉利学院,英语,['英语'],2
吉利学院,小学教育,"['小学', '教育']",2
吉利学院,飞行器控制与信息工程,"['飞行器', '控制', '与', '信息工程']",2
吉利学院,新能源汽车工程,"['新能源', '汽车', '工程']",2
安徽文达信息工程学院,物联网工程,"['物', '联网', '工程']",3
安徽文达信息工程学院,机械设计制造及其自动化,"['机械设计', '制造', '及其', '自动化']",2
潍坊科技学院,机械电子工程,"['机械', '电子', '工程']",62
潍坊科技学院,园艺,['园艺'],18
潍坊科技学院,食品质量与安全,"['食品质量', '与', '安全']",61
潍坊科技学院,生物技术,"['生物', '技术']",58
潍坊科技学院,学前教育(师范类),"['学前教育', '(', '师范类', ')']",14
潍坊科技学院,康复治疗学,"['康复', '治疗学']",70
潍坊科技学院,社会工作,['社会工作'],70
潍坊科技学院,电气工程及其自动化,"['电气工程', '及其', '自动化']",59
潍坊科技学院,机械设计制造及其自动化,"['机械设计', '制造', '及其', '自动化']",34
潍坊科技学院,机器人工程,"['机器人', '工程']",64
潍坊科技学院,计算机科学与技术,"['计算机科学', '与', '技术']",82
潍坊科技学院,艺术教育,"['艺术', '教育']",35
潍坊科技学院,车辆工程,"['车辆', '工程']",24
潍坊科技学院,智能制造工程,"['智能', '制造', '工程']",70
潍坊科技学院,化学工程与工艺,"['化学工程', '与', '工艺']",58
潍坊科技学院,公共事业管理,"['公共事业', '管理']",70
潍坊科技学院,人力资源管理,"['人力', '资源管理']",55
潍坊科技学院,土木工程,['土木工程'],66
潍坊科技学院,农林经济管理,"['农林', '经济', '管理']",28
潍坊科技学院,国际商务,"['国际', '商务']",59
潍坊科技学院,市场营销,['市场营销'],70
潍坊科技学院,财务管理,['财务管理'],96
潍坊科技学院,高分子材料与工程,"['高分子', '材料', '与', '工程']",30
潍坊科技学院,建筑学,['建筑学'],35
潍坊科技学院,软件工程,['软件工程'],60
潍坊科技学院,通信工程,['通信工程'],70
潍坊科技学院,种子科学与工程,"['种子', '科学', '与', '工程']",70
潍坊科技学院,金融工程,"['金融', '工程']",64
潍坊科技学院,工程管理,"['工程', '管理']",40
潍坊科技学院,工程造价,['工程造价'],81
潍坊科技学院,园林,['园林'],67
潍坊科技学院,日语,['日语'],27
潍坊科技学院,电子信息科学与技术,"['电子信息', '科学', '与', '技术']",29
潍坊科技学院,环境工程,['环境工程'],51
潍坊科技学院,护理学,['护理学'],55
潍坊科技学院,设施农业科学与工程,"['设施', '农业', '科学', '与', '工程']",22
潍坊科技学院,审计学,['审计学'],56
潍坊科技学院,材料成型及控制工程,"['材料', '成型', '及', '控制工程']",35
潍坊科技学院,物联网工程,"['物', '联网', '工程']",29
潍坊科技学院,英语,['英语'],73
潍坊科技学院,机器人工程(校企合作，与广东汇邦智能装备有限公司合作),"['机器人', '工程', '(', '校企', '合作', '，', '与', '广东', '汇邦', '智能', '装备', '有限公司', '合作', ')']",40
上海中侨职业技术大学,建筑工程,['建筑工程'],1
上海中侨职业技术大学,机器人技术,"['机器人', '技术']",1
上海中侨职业技术大学,数字媒体技术,"['数字', '媒体', '技术']",1
上海中侨职业技术大学,物联网工程技术,"['物', '联网', '工程技术']",1
上海中侨职业技术大学,大数据工程技术,"['大', '数据', '工程技术']",1
上海中侨职业技术大学,智能制造工程技术,"['智能', '制造', '工程技术']",1
上海中侨职业技术大学,汽车服务工程技术,"['汽车', '服务', '工程技术']",4
上海中侨职业技术大学,食品质量与安全,"['食品质量', '与', '安全']",4
上海中侨职业技术大学,护理,['护理'],3
上海中侨职业技术大学,现代物流管理,"['现代', '物流', '管理']",4
上海中侨职业技术大学,金融科技应用,"['金融', '科技', '应用']",3
上海中侨职业技术大学,大数据与会计,"['大', '数据', '与', '会计']",3
泉州职业技术大学,油气储运工程,"['油气', '储运', '工程']",10
泉州职业技术大学,机械设计制造及自动化,"['机械设计', '制造', '及', '自动化']",10
泉州职业技术大学,应用化工技术,"['应用', '化工', '技术']",5
泉州职业技术大学,汽车服务工程技术,"['汽车', '服务', '工程技术']",10
泉州职业技术大学,软件工程技术,"['软件工程', '技术']",5
泉州职业技术大学,大数据与会计,"['大', '数据', '与', '会计']",10
江西应用科技学院,物联网工程,"['物', '联网', '工程']",3
江西应用科技学院,软件工程,['软件工程'],4
江西应用科技学院,土木工程,['土木工程'],3
江西应用科技学院,财务管理,['财务管理'],3
江西应用科技学院,健康服务与管理,"['健康', '服务', '与', '管理']",3
江西应用科技学院,小学教育,"['小学', '教育']",2
江西应用科技学院,宝石及材料工艺学,"['宝石', '及', '材料', '工艺学']",2
江西应用科技学院,机械设计制造及其自动化(激光3D打印方向),"['机械设计', '制造', '及其', '自动化', '(', '激光', '3D', '打印', '方向', ')']",3
山东英才学院,工程造价,['工程造价'],10
山东英才学院,智能车辆工程,"['智能', '车辆', '工程']",7
山东英才学院,电子商务,['电子商务'],15
山东英才学院,学前教育(师范类),"['学前教育', '(', '师范类', ')']",61
山东英才学院,英语,['英语'],7
山东英才学院,土木工程,['土木工程'],10
山东英才学院,康复治疗学,"['康复', '治疗学']",10
山东英才学院,审计学,['审计学'],5
山东英才学院,财务管理,['财务管理'],10
山东英才学院,电气工程及其自动化,"['电气工程', '及其', '自动化']",25
山东英才学院,工商管理,['工商管理'],5
山东英才学院,商务英语,['商务英语'],8
山东英才学院,国际商务,"['国际', '商务']",10
山东英才学院,通信工程,['通信工程'],5
山东英才学院,物流管理,"['物流', '管理']",17
山东英才学院,智能制造工程,"['智能', '制造', '工程']",15
山东英才学院,金融工程,"['金融', '工程']",10
山东英才学院,网络与新媒体,"['网络', '与', '新', '媒体']",10
山东英才学院,金融工程(国家留学基金委AISEC项目详见我校招生简章),"['金融', '工程', '(', '国家', '留学', '基金委', 'AISEC', '项目', '详见', '我校', '招生简章', ')']",45
山东英才学院,护理学,['护理学'],10
山东英才学院,市场营销,['市场营销'],15
山东英才学院,机械设计制造及其自动化,"['机械设计', '制造', '及其', '自动化']",11
山东英才学院,计算机科学与技术(校企合作，与中兴通讯股份有限公司合作),"['计算机科学', '与', '技术', '(', '校企', '合作', '，', '与', '中兴通讯', '股份', '有限公司', '合作', ')']",12
山东英才学院,电子信息工程(校企合作，与中兴通讯股份有限公司合作),"['电子', '信息工程', '(', '校企', '合作', '，', '与', '中兴通讯', '股份', '有限公司', '合作', ')']",15
山东英才学院,信息管理与信息系统(校企合作，与曙光信息产业股份有限公司合作),"['信息管理', '与', '信息系统', '(', '校企', '合作', '，', '与', '曙光', '信息产业', '股份', '有限公司', '合作', ')']",16
山东英才学院,数据科学与大数据技术(校企合作，与曙光信息产业股份有限公司合作),"['数据', '科学', '与', '大', '数据', '技术', '(', '校企', '合作', '，', '与', '曙光', '信息产业', '股份', '有限公司', '合作', ')']",10
青岛恒星科技学院,网络工程,['网络工程'],45
青岛恒星科技学院,社会工作,['社会工作'],53
青岛恒星科技学院,人力资源管理,"['人力', '资源管理']",60
青岛恒星科技学院,印刷工程,"['印刷', '工程']",30
青岛恒星科技学院,工程造价,['工程造价'],70
青岛恒星科技学院,影视摄影与制作,"['影视', '摄影', '与', '制作']",36
青岛恒星科技学院,学前教育(师范类),"['学前教育', '(', '师范类', ')']",68
青岛恒星科技学院,汉语言文学,"['汉语言', '文学']",107
青岛恒星科技学院,智能制造工程,"['智能', '制造', '工程']",20
青岛恒星科技学院,机器人工程,"['机器人', '工程']",38
青岛恒星科技学院,种子科学与工程,"['种子', '科学', '与', '工程']",20
青岛恒星科技学院,旅游管理与服务教育,"['旅游', '管理', '与', '服务', '教育']",38
青岛恒星科技学院,汽车服务工程,"['汽车', '服务', '工程']",22
青岛恒星科技学院,房地产开发与管理,"['房地产', '开发', '与', '管理']",22
青岛恒星科技学院,智慧农业,"['智慧', '农业']",20
青岛恒星科技学院,健康服务与管理,"['健康', '服务', '与', '管理']",50
青岛恒星科技学院,土木工程,['土木工程'],36
青岛恒星科技学院,康复治疗学,"['康复', '治疗学']",31
青岛恒星科技学院,教育技术学,"['教育', '技术', '学']",40
青岛恒星科技学院,酒店管理,"['酒店', '管理']",55
青岛恒星科技学院,金融工程,"['金融', '工程']",55
青岛恒星科技学院,护理学,['护理学'],25
青岛恒星科技学院,机械工程,['机械工程'],27
青岛恒星科技学院,英语,['英语'],104
青岛恒星科技学院,国际商务,"['国际', '商务']",46
青岛恒星科技学院,会展经济与管理,"['会展经济', '与', '管理']",18
青岛恒星科技学院,电气工程及其自动化,"['电气工程', '及其', '自动化']",42
青岛恒星科技学院,人工智能,['人工智能'],40
青岛恒星科技学院,物流工程,"['物流', '工程']",50
青岛恒星科技学院,软件工程,['软件工程'],31
青岛恒星科技学院,工商管理,['工商管理'],60
青岛恒星科技学院,汉语国际教育,"['汉语', '国际', '教育']",36
青岛恒星科技学院,车辆工程,"['车辆', '工程']",15
青岛恒星科技学院,物流工程(校企合作，与苏宁物流公司合作),"['物流', '工程', '(', '校企', '合作', '，', '与', '苏宁', '物流', '公司', '合作', ')']",20
青岛恒星科技学院,电气工程及其自动化(校企合作，与青岛国合对外经济技术合作),"['电气工程', '及其', '自动化', '(', '校企', '合作', '，', '与', '青岛', '国合', '对外', '经济', '技术', '合作', ')']",46
青岛恒星科技学院,智能制造工程(校企合作，与海尔数字科技公司合作),"['智能', '制造', '工程', '(', '校企', '合作', '，', '与', '海尔', '数字', '科技', '公司', '合作', ')']",20
青岛恒星科技学院,土木工程(校企合作，与中国十七治集团青岛分公司合作),"['土木工程', '(', '校企', '合作', '，', '与', '中国', '十七', '治', '集团', '青岛', '分公司', '合作', ')']",20
青岛恒星科技学院,软件工程(校企合作，与中瑞集团合作),"['软件工程', '(', '校企', '合作', '，', '与', '中瑞', '集团', '合作', ')']",20
青岛恒星科技学院,人工智能(校企合作，与中软国际教育集团合作),"['人工智能', '(', '校企', '合作', '，', '与', '中软', '国际', '教育', '集团', '合作', ')']",20
青岛恒星科技学院,工程造价(校企合作，与广联达科技公司合作),"['工程造价', '(', '校企', '合作', '，', '与', '广联达', '科技', '公司', '合作', ')']",20
青岛恒星科技学院,软件工程(校企合作，与青岛国合对外经济技术合作),"['软件工程', '(', '校企', '合作', '，', '与', '青岛', '国合', '对外', '经济', '技术', '合作', ')']",46
浙大城市学院,计算机类,"['计算机', '类']",10
浙大城市学院,电子信息类,"['电子信息', '类']",5
浙大城市学院,自动化,['自动化'],10
浙大城市学院,土木工程,['土木工程'],15
浙大城市学院,机械电子工程,"['机械', '电子', '工程']",10
浙大城市学院,药学,['药学'],10
浙大城市学院,工商管理类,"['工商管理', '类']",5
浙大城市学院,旅游管理,"['旅游', '管理']",10
浙大城市学院,新闻传播学类,"['新闻', '传播学', '类']",5
浙大城市学院,法学,['法学'],10
厦门工学院,材料科学与工程,"['材料科学', '与', '工程']",3
厦门工学院,电子信息工程,"['电子', '信息工程']",2
西安思源学院,小学教育(师范类),"['小学', '教育', '(', '师范类', ')']",2
西安思源学院,中国语言文学类,"['中国', '语言', '文学类']",2
陕西国际商贸学院,护理学,['护理学'],3
陕西国际商贸学院,汉语言文学,"['汉语言', '文学']",2
陕西国际商贸学院,学前教育(师范类),"['学前教育', '(', '师范类', ')']",3
陕西服装工程学院,小学教育,"['小学', '教育']",5
陕西服装工程学院,会计学,['会计学'],5
武汉晴川学院,英语,['英语'],1
武汉晴川学院,新闻学,['新闻学'],2
大连理工大学城市学院,计算机科学与技术,"['计算机科学', '与', '技术']",2
大连理工大学城市学院,软件工程,['软件工程'],2
大连理工大学城市学院,电气工程及其自动化,"['电气工程', '及其', '自动化']",2
大连理工大学城市学院,电子信息工程,"['电子', '信息工程']",2
大连理工大学城市学院,工商管理,['工商管理'],1
大连理工大学城市学院,市场营销,['市场营销'],1
大连理工大学城市学院,物流管理,"['物流', '管理']",2
大连理工大学城市学院,土木工程,['土木工程'],1
大连理工大学城市学院,测绘工程,"['测绘', '工程']",1
大连理工大学城市学院,建筑学,['建筑学'],1
辽宁师范大学海华学院,法学,['法学'],3
辽宁师范大学海华学院,英语,['英语'],3
辽宁师范大学海华学院,日语,['日语'],1
辽宁师范大学海华学院,汉语言文学,"['汉语言', '文学']",5
辽宁师范大学海华学院,汉语国际教育,"['汉语', '国际', '教育']",1
辽宁师范大学海华学院,学前教育,['学前教育'],1
辽宁师范大学海华学院,新闻学,['新闻学'],1
辽宁师范大学海华学院,网络与新媒体,"['网络', '与', '新', '媒体']",1
辽宁师范大学海华学院,会计学,['会计学'],1
辽宁师范大学海华学院,计算机科学与技术,"['计算机科学', '与', '技术']",1
辽宁师范大学海华学院,数据科学与大数据技术,"['数据', '科学', '与', '大', '数据', '技术']",1
辽宁师范大学海华学院,思想政治教育,"['思想', '政治', '教育']",1
大连财经学院,会计学,['会计学'],2
大连财经学院,金融学,['金融学'],2
大连财经学院,跨境电子商务,"['跨境', '电子商务']",2
大连财经学院,数字经济,"['数字', '经济']",2
大连财经学院,互联网金融,"['互联网', '金融']",2
武汉城市学院,电气工程及其自动化,"['电气工程', '及其', '自动化']",1
武汉城市学院,土木工程,['土木工程'],1
武汉城市学院,会计学,['会计学'],1
三峡大学科技学院,电气工程及其自动化(含电力系统、输电线路工程方向),"['电气工程', '及其', '自动化', '(', '含', '电力系统', '、', '输电', '线路', '工程', '方向', ')']",5
三峡大学科技学院,临床医学,['临床医学'],3
三峡大学科技学院,金融学,['金融学'],2
三峡大学科技学院,财务管理,['财务管理'],2
湖北工业大学工程技术学院,机械设计制造及其自动化,"['机械设计', '制造', '及其', '自动化']",5
湖北工业大学工程技术学院,电气工程及其自动化,"['电气工程', '及其', '自动化']",5
湖北工业大学工程技术学院,土木工程,['土木工程'],20
湖北工业大学工程技术学院,金融学,['金融学'],3
湖北工业大学工程技术学院,财务管理,['财务管理'],3
湖北工业大学工程技术学院,英语,['英语'],3
武汉工程大学邮电与信息工程学院,过程装备与控制工程(数字化制造方向),"['过程', '装备', '与', '控制工程', '(', '数字化', '制造', '方向', ')']",2
武汉工程大学邮电与信息工程学院,通信工程,['通信工程'],7
武汉工程大学邮电与信息工程学院,通信工程(移动通信方向),"['通信工程', '(', '移动', '通信', '方向', ')']",6
武汉工程大学邮电与信息工程学院,网络工程(物联网方向),"['网络工程', '(', '物', '联网', '方向', ')']",8
武汉工程大学邮电与信息工程学院,制药工程(生物医药方向),"['制药', '工程', '(', '生物医药', '方向', ')']",2
武汉工程大学邮电与信息工程学院,土木工程(道路与桥梁工程方向),"['土木工程', '(', '道路', '与', '桥梁工程', '方向', ')']",7
武汉纺织大学外经贸学院,会计学(注册会计师),"['会计学', '(', '注册', '会计师', ')']",2
武汉纺织大学外经贸学院,国际经济与贸易,"['国际', '经济', '与', '贸易']",2
武汉纺织大学外经贸学院,跨境电子商务,"['跨境', '电子商务']",2
武汉纺织大学外经贸学院,英语,['英语'],2
武昌工学院,小学教育,"['小学', '教育']",5
武昌工学院,计算机科学与技术,"['计算机科学', '与', '技术']",5
武昌工学院,土木工程,['土木工程'],5
武昌工学院,会计学(管理会计师方向),"['会计学', '(', '管理', '会计师', '方向', ')']",5
武汉工商学院,人力资源管理(数智化管理精英班),"['人力', '资源管理', '(', '数智化', '管理', '精英', '班', ')']",2
武汉工商学院,金融学,['金融学'],2
武汉工商学院,新闻学,['新闻学'],4
武汉工商学院,市场营销,['市场营销'],2
武汉工商学院,信息管理与信息系统,"['信息管理', '与', '信息系统']",4
武汉工商学院,微电子科学与工程,"['微电子', '科学', '与', '工程']",4
武汉工商学院,机械电子工程(机电创新实验班),"['机械', '电子', '工程', '(', '机电', '创新', '实验班', ')']",2
武汉工商学院,数字经济,"['数字', '经济']",4
武汉工商学院,大数据管理与应用,"['大', '数据管理', '与', '应用']",4
武汉工商学院,创业管理,"['创业', '管理']",2
荆州学院,学前教育,['学前教育'],3
荆州学院,英语,['英语'],3
荆州学院,商务英语,['商务英语'],3
荆州学院,数学与应用数学,"['数学', '与', '应用', '数学']",3
荆州学院,机械设计制造及其自动化,"['机械设计', '制造', '及其', '自动化']",3
荆州学院,电子信息工程,"['电子', '信息工程']",2
荆州学院,通信工程,['通信工程'],2
荆州学院,自动化,['自动化'],2
荆州学院,机器人工程,"['机器人', '工程']",3
荆州学院,计算机科学与技术,"['计算机科学', '与', '技术']",3
荆州学院,软件工程,['软件工程'],3
荆州学院,物联网工程,"['物', '联网', '工程']",2
荆州学院,土木工程,['土木工程'],3
荆州学院,护理学,['护理学'],3
荆州学院,工程管理,"['工程', '管理']",3
荆州学院,工程造价,['工程造价'],3
荆州学院,工商管理,['工商管理'],2
荆州学院,市场营销,['市场营销'],2
荆州学院,电子商务,['电子商务'],2
湖北汽车工业学院科技学院,机械设计制造及其自动化,"['机械设计', '制造', '及其', '自动化']",1
湖北汽车工业学院科技学院,车辆工程,"['车辆', '工程']",2
湖北汽车工业学院科技学院,电气工程及其自动化,"['电气工程', '及其', '自动化']",1
湖北汽车工业学院科技学院,电子信息工程(汽车电子),"['电子', '信息工程', '(', '汽车', '电子', ')']",1
湖北汽车工业学院科技学院,计算机科学与技术(汽车智能化与信息化),"['计算机科学', '与', '技术', '(', '汽车', '智能化', '与', '信息化', ')']",1
湖北汽车工业学院科技学院,信息管理与信息系统(大数据分析与应用),"['信息管理', '与', '信息系统', '(', '大', '数据分析', '与', '应用', ')']",1
湖北汽车工业学院科技学院,财务管理,['财务管理'],1
湖北医药学院药护学院,临床医学,['临床医学'],3
湖北医药学院药护学院,麻醉学,['麻醉学'],2
湖北医药学院药护学院,制药工程,"['制药', '工程']",5
湖北恩施学院,临床医学,['临床医学'],5
湖北恩施学院,中西医临床医学,"['中西医', '临床医学']",3
湖北恩施学院,护理学,['护理学'],2
湖北经济学院法商学院,会计学(注册会计师),"['会计学', '(', '注册', '会计师', ')']",10
武汉体育学院体育科技学院,经济学,['经济学'],2
武汉体育学院体育科技学院,新闻学,['新闻学'],4
湖北师范大学文理学院,学前教育(师范类),"['学前教育', '(', '师范类', ')']",2
湖北师范大学文理学院,汉语言文学(师范类),"['汉语言', '文学', '(', '师范类', ')']",2
湖北师范大学文理学院,英语(师范类),"['英语', '(', '师范类', ')']",2
湖北师范大学文理学院,商务英语,['商务英语'],2
湖北文理学院理工学院,国际经济与贸易,"['国际', '经济', '与', '贸易']",1
湖北文理学院理工学院,汉语言文学,"['汉语言', '文学']",2
湖北文理学院理工学院,学前教育,['学前教育'],1
湖北文理学院理工学院,计算机科学与技术,"['计算机科学', '与', '技术']",1
湖北文理学院理工学院,土木工程,['土木工程'],1
文华学院,建筑学,['建筑学'],2
文华学院,城乡规划,['城乡规划'],2
文华学院,土木工程,['土木工程'],2
文华学院,给排水科学与工程,"['给排水', '科学', '与', '工程']",2
文华学院,电气工程及其自动化,"['电气工程', '及其', '自动化']",2
文华学院,机器人工程,"['机器人', '工程']",2
文华学院,机械设计制造及其自动化,"['机械设计', '制造', '及其', '自动化']",2
文华学院,能源与动力工程(新能源),"['能源', '与', '动力工程', '(', '新能源', ')']",2
文华学院,智能制造工程,"['智能', '制造', '工程']",2
文华学院,工商管理,['工商管理'],2
文华学院,国际经济与贸易,"['国际', '经济', '与', '贸易']",2
文华学院,会计学,['会计学'],2
文华学院,广告学,['广告学'],2
文华学院,光电信息科学与工程(5G通信智能光网络技术),"['光电', '信息科学', '与', '工程', '(', '5G', '通信', '智能', '光', '网络', '技术', ')']",2
文华学院,计算机科学与技术,"['计算机科学', '与', '技术']",2
文华学院,软件工程,['软件工程'],2
文华学院,通信工程(智能技术与5G应用),"['通信工程', '(', '智能', '技术', '与', '5G', '应用', ')']",2
文华学院,日语,['日语'],2
浙江农林大学暨阳学院,机械设计制造及其自动化,"['机械设计', '制造', '及其', '自动化']",3
浙江农林大学暨阳学院,计算机科学与技术,"['计算机科学', '与', '技术']",2
温州医科大学仁济学院,英语,['英语'],3
温州医科大学仁济学院,日语,['日语'],2
温州医科大学仁济学院,临床医学,['临床医学'],4
温州医科大学仁济学院,麻醉学,['麻醉学'],1
温州医科大学仁济学院,口腔医学,['口腔医学'],1
温州医科大学仁济学院,药学,['药学'],2
温州医科大学仁济学院,法医学,['法医学'],1
温州医科大学仁济学院,医学检验技术,"['医学', '检验', '技术']",3
温州医科大学仁济学院,护理学,['护理学'],3
湖州学院,国际经济与贸易,"['国际', '经济', '与', '贸易']",2
湖州学院,光电信息科学与工程,"['光电', '信息科学', '与', '工程']",3
浙江工商大学杭州商学院,市场营销,['市场营销'],2
浙江工商大学杭州商学院,人力资源管理,"['人力', '资源管理']",2
浙江工商大学杭州商学院,会计学,['会计学'],2
浙江工商大学杭州商学院,会计学(智能会计方向),"['会计学', '(', '智能', '会计', '方向', ')']",5
浙江工商大学杭州商学院,财务管理,['财务管理'],6
浙江工商大学杭州商学院,旅游管理,"['旅游', '管理']",2
浙江工商大学杭州商学院,经济统计学,"['经济', '统计学']",2
浙江工商大学杭州商学院,应用统计学,"['应用', '统计学']",3
浙江工商大学杭州商学院,金融学,['金融学'],4
浙江工商大学杭州商学院,互联网金融,"['互联网', '金融']",6
浙江工商大学杭州商学院,法学,['法学'],2
浙江工商大学杭州商学院,英语,['英语'],4
浙江工商大学杭州商学院,计算机科学与技术,"['计算机科学', '与', '技术']",4
浙江工商大学杭州商学院,跨境电子商务,"['跨境', '电子商务']",6
嘉兴南湖学院,测控技术与仪器,"['测控', '技术', '与', '仪器']",2
嘉兴南湖学院,机械设计制造及其自动化,"['机械设计', '制造', '及其', '自动化']",2
嘉兴南湖学院,电气工程及其自动化,"['电气工程', '及其', '自动化']",2
嘉兴南湖学院,智能制造工程,"['智能', '制造', '工程']",2
嘉兴南湖学院,土木工程,['土木工程'],2
中国计量大学现代科技学院,自动化类,"['自动化', '类']",1
中国计量大学现代科技学院,测控技术与仪器,"['测控', '技术', '与', '仪器']",1
黑龙江外国语学院,小学教育,"['小学', '教育']",10
黑龙江外国语学院,葡萄牙语,['葡萄牙语'],3
黑龙江外国语学院,意大利语,['意大利语'],2
黑龙江外国语学院,翻译,['翻译'],4
黑龙江外国语学院,商务英语,['商务英语'],6
黑龙江工商学院,交通运输,['交通运输'],5
黑龙江工商学院,会计学,['会计学'],7
哈尔滨剑桥学院,工商管理类,"['工商管理', '类']",6
哈尔滨剑桥学院,工程造价,['工程造价'],2
哈尔滨剑桥学院,工程管理,"['工程', '管理']",2
黑龙江工程学院昆仑旅游学院,旅游管理,"['旅游', '管理']",34
黑龙江工程学院昆仑旅游学院,酒店管理,"['酒店', '管理']",34
黑龙江工程学院昆仑旅游学院,会展经济与管理,"['会展经济', '与', '管理']",14
黑龙江工程学院昆仑旅游学院,市场营销,['市场营销'],54
黑龙江工程学院昆仑旅游学院,跨境电子商务,"['跨境', '电子商务']",34
黑龙江工程学院昆仑旅游学院,文化产业管理,"['文化产业', '管理']",36
黑龙江工程学院昆仑旅游学院,计算机科学与技术,"['计算机科学', '与', '技术']",28
黑龙江工程学院昆仑旅游学院,英语,['英语'],51
黑龙江工程学院昆仑旅游学院,商务英语,['商务英语'],24
哈尔滨华德学院,机械设计制造及其自动化(英才班),"['机械设计', '制造', '及其', '自动化', '(', '英才', '班', ')']",10
哈尔滨华德学院,焊接技术与工程(英才班),"['焊接', '技术', '与', '工程', '(', '英才', '班', ')']",10
哈尔滨华德学院,土木工程(英才班),"['土木工程', '(', '英才', '班', ')']",10
哈尔滨华德学院,电子信息工程,"['电子', '信息工程']",10
青岛黄海学院,土木工程,['土木工程'],70
青岛黄海学院,国际商务,"['国际', '商务']",27
青岛黄海学院,国际经济与贸易,"['国际', '经济', '与', '贸易']",14
青岛黄海学院,日语,['日语'],33
青岛黄海学院,智能交互设计,"['智能', '交互', '设计']",10
青岛黄海学院,智能制造工程,"['智能', '制造', '工程']",40
青岛黄海学院,工程造价,['工程造价'],68
青岛黄海学院,人工智能,['人工智能'],46
青岛黄海学院,影视摄影与制作,"['影视', '摄影', '与', '制作']",53
青岛黄海学院,智能建造,"['智能', '建造']",27
青岛黄海学院,经济统计学,"['经济', '统计学']",29
青岛黄海学院,电气工程及其自动化,"['电气工程', '及其', '自动化']",92
青岛黄海学院,数据科学与大数据技术,"['数据', '科学', '与', '大', '数据', '技术']",42
青岛黄海学院,物流管理,"['物流', '管理']",82
青岛黄海学院,商务英语,['商务英语'],34
青岛黄海学院,计算机科学与技术,"['计算机科学', '与', '技术']",113
青岛黄海学院,互联网金融,"['互联网', '金融']",21
青岛黄海学院,康复治疗学,"['康复', '治疗学']",35
青岛黄海学院,电子信息工程,"['电子', '信息工程']",29
青岛黄海学院,工程管理,"['工程', '管理']",79
青岛黄海学院,学前教育(师范类),"['学前教育', '(', '师范类', ')']",135
青岛黄海学院,酒店管理,"['酒店', '管理']",27
青岛黄海学院,市场营销,['市场营销'],32
青岛黄海学院,机器人工程,"['机器人', '工程']",33
青岛黄海学院,财务管理,['财务管理'],20
青岛黄海学院,护理学,['护理学'],57
青岛黄海学院,电子商务,['电子商务'],16
青岛黄海学院,会计学,['会计学'],68
青岛黄海学院,船舶与海洋工程,"['船舶', '与', '海洋工程']",63
青岛黄海学院,车辆工程,"['车辆', '工程']",36
青岛黄海学院,物联网工程,"['物', '联网', '工程']",33
青岛黄海学院,机械设计制造及其自动化,"['机械设计', '制造', '及其', '自动化']",83
青岛黄海学院,机械设计制造及其自动化(校企合作，与青岛国合对外经济技术合作有限,"['机械设计', '制造', '及其', '自动化', '(', '校企', '合作', '，', '与', '青岛', '国合', '对外', '经济', '技术', '合作', '有限']",10
青岛黄海学院,机器人工程(校企合作，与青岛国合对外经济技术合作有限公司合作),"['机器人', '工程', '(', '校企', '合作', '，', '与', '青岛', '国合', '对外', '经济', '技术', '合作', '有限公司', '合作', ')']",27
青岛黄海学院,计算机科学与技术(校企合作，与青岛国合对外经济技术合作有限公司合,"['计算机科学', '与', '技术', '(', '校企', '合作', '，', '与', '青岛', '国合', '对外', '经济', '技术', '合作', '有限公司', '合']",28
青岛黄海学院,日语(校企合作，与青岛国合对外经济技术合作有限公司合作),"['日语', '(', '校企', '合作', '，', '与', '青岛', '国合', '对外', '经济', '技术', '合作', '有限公司', '合作', ')']",35
山东现代学院,药学,['药学'],70
山东现代学院,中药学,['中药学'],60
山东现代学院,学前教育(师范类),"['学前教育', '(', '师范类', ')']",50
山东现代学院,汽车服务工程,"['汽车', '服务', '工程']",50
山东现代学院,计算机科学与技术,"['计算机科学', '与', '技术']",70
山东现代学院,物流管理,"['物流', '管理']",40
山东现代学院,交通运输,['交通运输'],40
山东现代学院,汉语国际教育,"['汉语', '国际', '教育']",40
山东现代学院,土木工程,['土木工程'],70
山东现代学院,中药制药,"['中药', '制药']",50
山东现代学院,人工智能,['人工智能'],40
山东现代学院,财务管理,['财务管理'],70
山东现代学院,网络工程,['网络工程'],50
山东现代学院,康复治疗学,"['康复', '治疗学']",80
山东现代学院,电子信息工程,"['电子', '信息工程']",40
山东现代学院,工程造价,['工程造价'],70
山东现代学院,助产学,"['助产', '学']",50
山东现代学院,市场营销,['市场营销'],50
山东现代学院,数字媒体技术,"['数字', '媒体', '技术']",40
山东现代学院,数据科学与大数据技术,"['数据', '科学', '与', '大', '数据', '技术']",50
山东现代学院,护理学,['护理学'],130
山东现代学院,医学检验技术,"['医学', '检验', '技术']",120
山东协和学院,口腔医学,['口腔医学'],15
山东协和学院,电子商务,['电子商务'],42
山东协和学院,英语,['英语'],50
山东协和学院,电气工程及其自动化,"['电气工程', '及其', '自动化']",43
山东协和学院,市场营销,['市场营销'],35
山东协和学院,数据科学与大数据技术,"['数据', '科学', '与', '大', '数据', '技术']",34
山东协和学院,计算机科学与技术,"['计算机科学', '与', '技术']",27
山东协和学院,酒店管理,"['酒店', '管理']",39
山东协和学院,财务管理,['财务管理'],35
山东协和学院,机械电子工程,"['机械', '电子', '工程']",36
山东协和学院,电子信息工程,"['电子', '信息工程']",35
山东协和学院,汽车服务工程,"['汽车', '服务', '工程']",44
山东协和学院,中药学,['中药学'],40
山东协和学院,网络工程,['网络工程'],31
山东协和学院,护理学,['护理学'],61
山东协和学院,医学影像技术,"['医学影像', '技术']",28
山东协和学院,软件工程,['软件工程'],29
山东协和学院,康复治疗学,"['康复', '治疗学']",16
山东协和学院,物联网工程,"['物', '联网', '工程']",32
山东协和学院,人工智能,['人工智能'],32
山东协和学院,旅游管理,"['旅游', '管理']",35
山东协和学院,医学检验技术,"['医学', '检验', '技术']",12
山东协和学院,会计学,['会计学'],38
山东协和学院,工程造价,['工程造价'],26
山东协和学院,土木工程,['土木工程'],20
山东协和学院,学前教育(师范类),"['学前教育', '(', '师范类', ')']",17
山东协和学院,智能制造工程,"['智能', '制造', '工程']",34
山东协和学院,自动化,['自动化'],33
山东协和学院,助产学,"['助产', '学']",10
山东协和学院,数字媒体技术,"['数字', '媒体', '技术']",34
山东协和学院,机械设计制造及其自动化,"['机械设计', '制造', '及其', '自动化']",28
山东协和学院,工程管理,"['工程', '管理']",40
山东协和学院,审计学,['审计学'],19
山东协和学院,市场营销(校企合作，与中科启智合作),"['市场营销', '(', '校企', '合作', '，', '与', '中科', '启智', '合作', ')']",40
山东协和学院,物联网工程(校企合作，与黄冈教育谷控股有限公司合作),"['物', '联网', '工程', '(', '校企', '合作', '，', '与', '黄冈', '教育', '谷', '控股', '有限公司', '合作', ')']",40
山东协和学院,电子信息工程(校企合作，与黄冈教育谷控股有限公司合作),"['电子', '信息工程', '(', '校企', '合作', '，', '与', '黄冈', '教育', '谷', '控股', '有限公司', '合作', ')']",40
山东协和学院,计算机科学与技术(校企合作，与济南博赛网络科技有限公司合作),"['计算机科学', '与', '技术', '(', '校企', '合作', '，', '与', '济南', '博赛', '网络科技', '有限公司', '合作', ')']",40
山东协和学院,人工智能(校企合作，与济南博赛网络科技有限公司合作),"['人工智能', '(', '校企', '合作', '，', '与', '济南', '博赛', '网络科技', '有限公司', '合作', ')']",53
山东协和学院,数据科学与大数据技术(校企合作，与北京高科云教育科技公司合作),"['数据', '科学', '与', '大', '数据', '技术', '(', '校企', '合作', '，', '与', '北京', '高科云', '教育', '科技', '公司', '合作', ')']",100
山东协和学院,会计学(校企合作，与中科启智合作),"['会计学', '(', '校企', '合作', '，', '与', '中科', '启智', '合作', ')']",38
山东协和学院,智能制造工程(校企合作，与山东栋梁科技设备有限公司合作),"['智能', '制造', '工程', '(', '校企', '合作', '，', '与', '山东', '栋梁', '科技', '设备', '有限公司', '合作', ')']",40
山东协和学院,财务管理(校企合作，与中科启智合作),"['财务管理', '(', '校企', '合作', '，', '与', '中科', '启智', '合作', ')']",40
山东协和学院,机械设计制造及其自动化(校企合作，与山东栋梁科技设备有限公司合作),"['机械设计', '制造', '及其', '自动化', '(', '校企', '合作', '，', '与', '山东', '栋梁', '科技', '设备', '有限公司', '合作', ')']",38
山东协和学院,数字媒体技术(校企合作，与北京高科云教育科技公司合作),"['数字', '媒体', '技术', '(', '校企', '合作', '，', '与', '北京', '高科云', '教育', '科技', '公司', '合作', ')']",49
山东协和学院,自动化(校企合作，与山东栋梁科技设备有限公司合作),"['自动化', '(', '校企', '合作', '，', '与', '山东', '栋梁', '科技', '设备', '有限公司', '合作', ')']",40
宁夏大学新华学院,学前教育,['学前教育'],1
宁夏大学新华学院,财务管理,['财务管理'],1
云南大学滇池学院,经济学,['经济学'],2
云南大学滇池学院,汉语言文学,"['汉语言', '文学']",2
云南大学滇池学院,日语,['日语'],2
云南大学滇池学院,数学与应用数学,"['数学', '与', '应用', '数学']",2
云南大学滇池学院,通信工程,['通信工程'],2
云南大学滇池学院,人工智能,['人工智能'],2
云南大学滇池学院,工程造价,['工程造价'],2
云南大学滇池学院,建筑类,"['建筑', '类']",2
云南大学滇池学院,创业管理,"['创业', '管理']",2
云南大学滇池学院,会计学,['会计学'],2
丽江文化旅游学院,电子信息工程,"['电子', '信息工程']",2
丽江文化旅游学院,计算机科学与技术,"['计算机科学', '与', '技术']",2
丽江文化旅游学院,软件工程,['软件工程'],2
丽江文化旅游学院,数据科学与大数据技术,"['数据', '科学', '与', '大', '数据', '技术']",2
丽江文化旅游学院,人工智能,['人工智能'],2
昆明城市学院,经济学,['经济学'],2
昆明城市学院,工商管理,['工商管理'],2
昆明城市学院,会计学,['会计学'],2
昆明城市学院,财务管理,['财务管理'],2
昆明城市学院,学前教育,['学前教育'],2
昆明城市学院,应用心理学,"['应用', '心理学']",2
昆明城市学院,法学,['法学'],3
昆明城市学院,小学教育,"['小学', '教育']",2
昆明城市学院,汉语言文学,"['汉语言', '文学']",3
昆明城市学院,英语,['英语'],2
昆明城市学院,网络与新媒体,"['网络', '与', '新', '媒体']",2
昆明医科大学海源学院,临床医学,['临床医学'],3
昆明医科大学海源学院,口腔医学,['口腔医学'],2
云南艺术学院文华学院,学前教育,['学前教育'],2
云南艺术学院文华学院,小学教育,"['小学', '教育']",2
山东工程职业技术大学,大数据与财务管理,"['大', '数据', '与', '财务管理']",27
山东工程职业技术大学,建筑设计,['建筑设计'],101
山东工程职业技术大学,现代通信工程,"['现代', '通信工程']",40
山东工程职业技术大学,建筑工程,['建筑工程'],63
山东工程职业技术大学,智能制造工程技术,"['智能', '制造', '工程技术']",28
山东工程职业技术大学,软件工程技术,"['软件工程', '技术']",78
山东工程职业技术大学,大数据工程技术,"['大', '数据', '工程技术']",85
山东工程职业技术大学,机械设计制造及自动化,"['机械设计', '制造', '及', '自动化']",36
山东工程职业技术大学,电子商务,['电子商务'],35
山东工程职业技术大学,大数据与会计,"['大', '数据', '与', '会计']",50
山东工程职业技术大学,汽车服务工程技术,"['汽车', '服务', '工程技术']",30
山东工程职业技术大学,云计算技术,"['云', '计算技术']",6
山东工程职业技术大学,电子信息工程技术,"['电子', '信息工程', '技术']",50
山东工程职业技术大学,工程造价,['工程造价'],113
山东工程职业技术大学,环境艺术设计,"['环境', '艺术设计']",50
山东工程职业技术大学,市场营销,['市场营销'],122
山东工程职业技术大学,物联网工程技术,"['物', '联网', '工程技术']",84
山东工程职业技术大学,物联网工程技术(校企合作，与济南博赛合作),"['物', '联网', '工程技术', '(', '校企', '合作', '，', '与', '济南', '博赛', '合作', ')']",30
烟台理工学院,网络与新媒体,"['网络', '与', '新', '媒体']",50
烟台理工学院,计算机科学与技术,"['计算机科学', '与', '技术']",86
烟台理工学院,市场营销,['市场营销'],45
烟台理工学院,新闻学,['新闻学'],48
烟台理工学院,人工智能,['人工智能'],77
烟台理工学院,日语,['日语'],22
烟台理工学院,通信工程,['通信工程'],48
烟台理工学院,投资学,"['投资', '学']",43
烟台理工学院,经济与金融,"['经济', '与', '金融']",34
烟台理工学院,审计学,['审计学'],48
烟台理工学院,机械设计制造及其自动化,"['机械设计', '制造', '及其', '自动化']",55
烟台理工学院,人力资源管理,"['人力', '资源管理']",43
烟台理工学院,工商管理,['工商管理'],40
烟台理工学院,机械电子工程,"['机械', '电子', '工程']",45
烟台理工学院,法学,['法学'],110
烟台理工学院,电子信息科学与技术,"['电子信息', '科学', '与', '技术']",42
烟台理工学院,工程管理,"['工程', '管理']",44
烟台理工学院,药学,['药学'],43
烟台理工学院,自动化,['自动化'],45
烟台理工学院,建筑学,['建筑学'],40
烟台理工学院,机器人工程,"['机器人', '工程']",41
烟台理工学院,软件工程,['软件工程'],67
烟台理工学院,财务管理,['财务管理'],44
烟台理工学院,酒店管理,"['酒店', '管理']",30
烟台理工学院,汉语言文学,"['汉语言', '文学']",89
烟台理工学院,车辆工程,"['车辆', '工程']",40
烟台理工学院,国际经济与贸易,"['国际', '经济', '与', '贸易']",41
烟台理工学院,跨境电子商务,"['跨境', '电子商务']",44
烟台理工学院,食品科学与工程,"['食品科学', '与', '工程']",51
烟台理工学院,物联网工程,"['物', '联网', '工程']",65
烟台理工学院,英语,['英语'],80
烟台理工学院,生物工程,['生物工程'],53
烟台理工学院,商务英语,['商务英语'],40
烟台理工学院,会计学,['会计学'],116
烟台理工学院,食品质量与安全,"['食品质量', '与', '安全']",51
烟台理工学院,机械设计制造及其自动化(中外合作办学),"['机械设计', '制造', '及其', '自动化', '(', '中外合作', '办学', ')']",55
青岛城市学院,法语,['法语'],32
青岛城市学院,工程管理,"['工程', '管理']",91
青岛城市学院,汉语国际教育,"['汉语', '国际', '教育']",32
青岛城市学院,机器人工程,"['机器人', '工程']",70
青岛城市学院,审计学,['审计学'],54
青岛城市学院,德语,['德语'],32
青岛城市学院,机械设计制造及其自动化,"['机械设计', '制造', '及其', '自动化']",97
青岛城市学院,城乡规划,['城乡规划'],35
青岛城市学院,商务英语,['商务英语'],62
青岛城市学院,电气工程及其自动化,"['电气工程', '及其', '自动化']",94
青岛城市学院,国际经济与贸易,"['国际', '经济', '与', '贸易']",152
青岛城市学院,软件工程,['软件工程'],68
青岛城市学院,跨境电子商务,"['跨境', '电子商务']",23
青岛城市学院,互联网金融,"['互联网', '金融']",103
青岛城市学院,物流管理,"['物流', '管理']",38
青岛城市学院,财务管理,['财务管理'],54
青岛城市学院,网络工程,['网络工程'],68
青岛城市学院,物联网工程,"['物', '联网', '工程']",69
青岛城市学院,工程造价,['工程造价'],75
青岛城市学院,市场营销,['市场营销'],49
青岛城市学院,计算机科学与技术,"['计算机科学', '与', '技术']",64
青岛城市学院,会计学,['会计学'],149
青岛城市学院,建筑学,['建筑学'],81
青岛城市学院,英语,['英语'],168
青岛城市学院,数据科学与大数据技术,"['数据', '科学', '与', '大', '数据', '技术']",59
青岛城市学院,土木工程,['土木工程'],135
青岛城市学院,智能建造,"['智能', '建造']",40
青岛城市学院,俄语,['俄语'],32
山东财经大学燕山学院,国际经济与贸易,"['国际', '经济', '与', '贸易']",40
山东财经大学燕山学院,金融学,['金融学'],95
山东财经大学燕山学院,人力资源管理,"['人力', '资源管理']",45
山东财经大学燕山学院,计算机科学与技术,"['计算机科学', '与', '技术']",80
山东财经大学燕山学院,工商管理,['工商管理'],45
山东财经大学燕山学院,国际商务,"['国际', '商务']",40
山东财经大学燕山学院,会计学,['会计学'],95
山东石油化工学院,材料成型及控制工程,"['材料', '成型', '及', '控制工程']",35
山东石油化工学院,学前教育(师范类),"['学前教育', '(', '师范类', ')']",13
山东石油化工学院,信息与计算科学,"['信息', '与', '计算', '科学']",60
山东石油化工学院,机械设计制造及其自动化,"['机械设计', '制造', '及其', '自动化']",66
山东石油化工学院,应用化学,['应用化学'],90
山东石油化工学院,护理学,['护理学'],28
山东石油化工学院,财务管理,['财务管理'],84
山东石油化工学院,环境工程,['环境工程'],100
山东石油化工学院,化工与制药类,"['化工', '与', '制药', '类']",181
山东石油化工学院,新能源科学与工程,"['新', '能源科学', '与', '工程']",60
山东石油化工学院,自动化,['自动化'],39
山东石油化工学院,智能制造工程,"['智能', '制造', '工程']",90
山东石油化工学院,计算机类,"['计算机', '类']",175
山东石油化工学院,汉语言文学,"['汉语言', '文学']",67
山东石油化工学院,能源动力类,"['能源动力', '类']",226
山东石油化工学院,数字经济,"['数字', '经济']",60
山东石油化工学院,电气工程及其自动化,"['电气工程', '及其', '自动化']",79
山东石油化工学院,海洋油气工程,"['海洋', '油气', '工程']",60
山东石油化工学院,建筑环境与能源应用工程,"['建筑', '环境', '与', '能源', '应用', '工程']",52
山东石油化工学院,法学,['法学'],42
山东外国语职业技术大学,大数据与财务管理,"['大', '数据', '与', '财务管理']",79
山东外国语职业技术大学,金融管理,['金融管理'],57
山东外国语职业技术大学,现代物流管理,"['现代', '物流', '管理']",34
山东外国语职业技术大学,应用英语,"['应用', '英语']",122
山东外国语职业技术大学,软件工程技术,"['软件工程', '技术']",43
山东外国语职业技术大学,应用韩语,"['应用', '韩语']",35
山东外国语职业技术大学,电子商务,['电子商务'],34
山东外国语职业技术大学,应用日语,"['应用', '日语']",54
山东外国语职业技术大学,应用俄语,"['应用', '俄语']",35
山东外国语职业技术大学,数字媒体技术,"['数字', '媒体', '技术']",36
山东外国语职业技术大学,企业数字化管理,"['企业', '数字化', '管理']",30
山东外国语职业技术大学,跨境电子商务,"['跨境', '电子商务']",40
山东外国语职业技术大学,工艺美术,['工艺美术'],20
山东外国语职业技术大学,大数据与会计,"['大', '数据', '与', '会计']",80
山东外国语职业技术大学,国际经济与贸易,"['国际', '经济', '与', '贸易']",26
山东外国语职业技术大学,学前教育(师范类),"['学前教育', '(', '师范类', ')']",50
山东外国语职业技术大学,市场营销,['市场营销'],45
山东外国语职业技术大学,软件工程技术(校企合作，与北京中软国际教育公司合作),"['软件工程', '技术', '(', '校企', '合作', '，', '与', '北京', '中', '软', '国际', '教育', '公司', '合作', ')']",40
山东外国语职业技术大学,大数据与会计(校企合作，与成都楷柏职业技能培训公司合作),"['大', '数据', '与', '会计', '(', '校企', '合作', '，', '与', '成都', '楷柏', '职业技能', '培训', '公司', '合作', ')']",30
河北科技学院,审计学,['审计学'],3
河北科技学院,工程管理,"['工程', '管理']",3
河北科技学院,智能车辆工程,"['智能', '车辆', '工程']",3
河北科技学院,物流管理,"['物流', '管理']",2
河北科技学院,小学教育,"['小学', '教育']",3
河北科技学院,护理学,['护理学'],3
河北科技学院,助产学,"['助产', '学']",3
河北外国语学院,葡萄牙语,['葡萄牙语'],2
河北外国语学院,意大利语,['意大利语'],2
河北外国语学院,翻译,['翻译'],2
河北外国语学院,朝鲜语,['朝鲜语'],2
河北外国语学院,法语,['法语'],2
河北外国语学院,商务英语,['商务英语'],3
河北外国语学院,教育学(师范类),"['教育学', '(', '师范类', ')']",2
华北理工大学轻工学院,英语,['英语'],3
华北理工大学轻工学院,工商管理,['工商管理'],2
华北理工大学轻工学院,财务管理,['财务管理'],5
华北理工大学轻工学院,土木工程,['土木工程'],5
河北师范大学汇华学院,思想政治教育(师范类),"['思想', '政治', '教育', '(', '师范类', ')']",5
河北师范大学汇华学院,学前教育(师范类),"['学前教育', '(', '师范类', ')']",3
河北师范大学汇华学院,汉语言文学(师范类),"['汉语言', '文学', '(', '师范类', ')']",5
河北师范大学汇华学院,英语(师范类),"['英语', '(', '师范类', ')']",5
河北师范大学汇华学院,数学与应用数学(师范类),"['数学', '与', '应用', '数学', '(', '师范类', ')']",3
河北师范大学汇华学院,化学(师范类),"['化学', '(', '师范类', ')']",2
河北师范大学汇华学院,地理科学(师范类),"['地理', '科学', '(', '师范类', ')']",2
河北师范大学汇华学院,生物科学(师范类),"['生物科学', '(', '师范类', ')']",3
河北师范大学汇华学院,计算机科学与技术,"['计算机科学', '与', '技术']",2
河北师范大学汇华学院,网络工程,['网络工程'],2
河北师范大学汇华学院,会计学,['会计学'],2
河北师范大学汇华学院,人力资源管理,"['人力', '资源管理']",1
河北经贸大学经济管理学院,金融学类,"['金融学', '类']",30
河北医科大学临床学院,临床医学,['临床医学'],5
河北医科大学临床学院,麻醉学,['麻醉学'],3
河北医科大学临床学院,医学影像技术,"['医学影像', '技术']",2
江西服装学院,服装设计与工程,"['服装设计', '与', '工程']",6
江西服装学院,服装设计与工艺教育,"['服装设计', '与', '工艺', '教育']",3
江西服装学院,纺织工程,"['纺织', '工程']",4
江西服装学院,国际经济与贸易,"['国际', '经济', '与', '贸易']",4
江西服装学院,市场营销,['市场营销'],3
江西服装学院,财务管理,['财务管理'],6
江西服装学院,物流管理,"['物流', '管理']",2
江西服装学院,电子商务,['电子商务'],3
江西服装学院,数据科学与大数据技术,"['数据', '科学', '与', '大', '数据', '技术']",3
江西服装学院,软件工程,['软件工程'],4
江西服装学院,广告学,['广告学'],2
江西服装学院,网络与新媒体,"['网络', '与', '新', '媒体']",6
江西服装学院,商务英语,['商务英语'],5
南昌工学院,机械设计制造及其自动化,"['机械设计', '制造', '及其', '自动化']",5
南昌工学院,机械电子工程,"['机械', '电子', '工程']",2
南昌工学院,材料成型及控制工程,"['材料', '成型', '及', '控制工程']",2
南昌工学院,电子信息工程,"['电子', '信息工程']",3
南昌工学院,网络工程,['网络工程'],2
南昌工学院,电气工程及其自动化,"['电气工程', '及其', '自动化']",2
南昌工学院,软件工程,['软件工程'],3
南昌工学院,数字媒体技术,"['数字', '媒体', '技术']",2
南昌工学院,数据科学与大数据技术,"['数据', '科学', '与', '大', '数据', '技术']",2
南昌工学院,土木工程,['土木工程'],3
南昌工学院,土木工程(装配式建筑),"['土木工程', '(', '装配式', '建筑', ')']",2
南昌工学院,工程管理,"['工程', '管理']",2
南昌工学院,工程造价,['工程造价'],2
南昌工学院,工程造价(BIM5D算量),"['工程造价', '(', 'BIM5D', '算量', ')']",2
南昌工学院,会计学,['会计学'],2
南昌工学院,财务管理,['财务管理'],2
南昌工学院,审计学,['审计学'],2
南昌工学院,人力资源管理,"['人力', '资源管理']",2
南昌工学院,物流工程,"['物流', '工程']",2
南昌工学院,国际经济与贸易,"['国际', '经济', '与', '贸易']",2
南昌工学院,大数据管理与应用,"['大', '数据管理', '与', '应用']",2
南昌工学院,思想政治教育(教师教育),"['思想', '政治', '教育', '(', '教师', '教育', ')']",2
南昌工学院,小学教育(教师教育),"['小学', '教育', '(', '教师', '教育', ')']",3
南昌工学院,数学与应用数学(教师教育),"['数学', '与', '应用', '数学', '(', '教师', '教育', ')']",2
南昌工学院,英语(教师教育),"['英语', '(', '教师', '教育', ')']",3
南昌工学院,汉语言文学(教师教育),"['汉语言', '文学', '(', '教师', '教育', ')']",3
南昌大学科学技术学院,汉语言文学,"['汉语言', '文学']",2
南昌大学科学技术学院,新闻学,['新闻学'],2
南昌大学科学技术学院,国际经济与贸易,"['国际', '经济', '与', '贸易']",2
南昌大学科学技术学院,旅游管理,"['旅游', '管理']",6
南昌交通学院,金融学,['金融学'],3
南昌交通学院,市场营销,['市场营销'],3
南昌交通学院,会计学,['会计学'],4
南昌交通学院,人力资源管理,"['人力', '资源管理']",3
南昌交通学院,法学,['法学'],3
南昌交通学院,英语,['英语'],3
南昌交通学院,机械设计制造及其自动化,"['机械设计', '制造', '及其', '自动化']",4
南昌交通学院,车辆工程,"['车辆', '工程']",3
南昌交通学院,机器人工程,"['机器人', '工程']",3
南昌交通学院,电气工程及其自动化,"['电气工程', '及其', '自动化']",5
南昌交通学院,交通运输,['交通运输'],3
南昌交通学院,轨道交通信号与控制,"['轨道交通', '信号', '与', '控制']",4
南昌交通学院,土木工程,['土木工程'],5
南昌交通学院,铁道工程,"['铁道', '工程']",3
南昌交通学院,建筑学,['建筑学'],3
南昌交通学院,软件工程,['软件工程'],4
南昌交通学院,通信工程,['通信工程'],3
南昌交通学院,智能科学与技术,"['智能科学', '与', '技术']",3
赣东学院,法学,['法学'],2
赣东学院,日语,['日语'],2
赣东学院,软件工程,['软件工程'],2
赣东学院,土木工程,['土木工程'],1
赣东学院,测绘工程,"['测绘', '工程']",2
赣东学院,工程管理,"['工程', '管理']",1
南昌航空大学科技学院,飞行器制造工程,"['飞行器', '制造', '工程']",4
南昌航空大学科技学院,材料成型及控制工程,"['材料', '成型', '及', '控制工程']",4
南昌航空大学科技学院,焊接技术与工程(智能焊接技术),"['焊接', '技术', '与', '工程', '(', '智能', '焊接', '技术', ')']",4
南昌航空大学科技学院,金属材料工程,"['金属材料', '工程']",4
南昌航空大学科技学院,测控技术与仪器,"['测控', '技术', '与', '仪器']",3
南昌航空大学科技学院,计算机科学与技术,"['计算机科学', '与', '技术']",3
南昌航空大学科技学院,软件工程,['软件工程'],3
南昌航空大学科技学院,网络空间安全,"['网络空间', '安全']",3
南昌航空大学科技学院,工商管理,['工商管理'],2
南昌航空大学科技学院,市场营销(数字营销),"['市场营销', '(', '数字', '营销', ')']",3
南昌航空大学科技学院,英语,['英语'],3
南昌航空大学科技学院,智能制造工程,"['智能', '制造', '工程']",6
赣南科技学院,电气工程及其自动化,"['电气工程', '及其', '自动化']",2
赣南科技学院,机械工程,['机械工程'],2
赣南科技学院,工程造价,['工程造价'],2
赣南科技学院,矿物加工工程,"['矿物', '加工', '工程']",2
赣南科技学院,电子商务,['电子商务'],2
赣南科技学院,工商管理,['工商管理'],2
赣南科技学院,会计学,['会计学'],2
赣南科技学院,国际经济与贸易,"['国际', '经济', '与', '贸易']",2
赣南科技学院,通信工程,['通信工程'],2
赣南科技学院,物联网工程,"['物', '联网', '工程']",2
江西农业大学南昌商学院,数字经济,"['数字', '经济']",1
江西农业大学南昌商学院,国际经济与贸易,"['国际', '经济', '与', '贸易']",1
江西农业大学南昌商学院,物流管理,"['物流', '管理']",2
江西农业大学南昌商学院,电子商务,['电子商务'],1
南昌医学院,护理学,['护理学'],2
南昌医学院,助产学,"['助产', '学']",2
南昌医学院,中医学,['中医学'],1
南昌医学院,针灸推拿学,"['针灸', '推拿学']",1
南昌医学院,中西医临床医学,"['中西医', '临床医学']",1
南昌医学院,临床医学,['临床医学'],1
南昌医学院,康复治疗学,"['康复', '治疗学']",1
南昌医学院,医学检验技术,"['医学', '检验', '技术']",2
南昌医学院,医学影像技术,"['医学影像', '技术']",2
南昌医学院,药学,['药学'],2
江西师范大学科学技术学院,国际经济与贸易,"['国际', '经济', '与', '贸易']",6
江西师范大学科学技术学院,工商管理,['工商管理'],6
江西师范大学科学技术学院,翻译,['翻译'],9
江西师范大学科学技术学院,英语(师范类),"['英语', '(', '师范类', ')']",9
江西师范大学科学技术学院,网络与新媒体,"['网络', '与', '新', '媒体']",6
江西师范大学科学技术学院,物理学(师范类),"['物理学', '(', '师范类', ')']",5
赣南师范大学科技学院,汉语言文学(师范类),"['汉语言', '文学', '(', '师范类', ')']",5
赣南师范大学科技学院,历史学(师范类),"['历史学', '(', '师范类', ')']",4
赣南师范大学科技学院,英语(师范类),"['英语', '(', '师范类', ')']",8
赣南师范大学科技学院,数学与应用数学(师范类),"['数学', '与', '应用', '数学', '(', '师范类', ')']",5
赣南师范大学科技学院,电子信息工程,"['电子', '信息工程']",5
赣南师范大学科技学院,计算机科学与技术(师范类),"['计算机科学', '与', '技术', '(', '师范类', ')']",5
南昌应用技术师范学院,计算机科学与技术,"['计算机科学', '与', '技术']",1
南昌应用技术师范学院,国际经济与贸易,"['国际', '经济', '与', '贸易']",1
南昌应用技术师范学院,财务管理,['财务管理'],1
南昌应用技术师范学院,英语(师范类),"['英语', '(', '师范类', ')']",1
南昌应用技术师范学院,汉语言文学(师范类),"['汉语言', '文学', '(', '师范类', ')']",1
南昌应用技术师范学院,数学与应用数学(师范类),"['数学', '与', '应用', '数学', '(', '师范类', ')']",1
江西财经大学现代经济管理学院,会计学,['会计学'],3
江西财经大学现代经济管理学院,会计学(注册会计师),"['会计学', '(', '注册', '会计师', ')']",2
江西财经大学现代经济管理学院,财务管理,['财务管理'],2
江西财经大学现代经济管理学院,工程审计,"['工程', '审计']",2
江西财经大学现代经济管理学院,金融学,['金融学'],4
江西财经大学现代经济管理学院,国际经济与贸易,"['国际', '经济', '与', '贸易']",3
江西财经大学现代经济管理学院,电子商务,['电子商务'],3
江西财经大学现代经济管理学院,金融科技,"['金融', '科技']",4
江西财经大学现代经济管理学院,工程管理,"['工程', '管理']",2
江西财经大学现代经济管理学院,工程造价,['工程造价'],3
江西财经大学现代经济管理学院,市场营销,['市场营销'],2
江西财经大学现代经济管理学院,人力资源管理,"['人力', '资源管理']",2
江西财经大学现代经济管理学院,新闻学,['新闻学'],2
江西财经大学现代经济管理学院,商务英语,['商务英语'],3
江西财经大学现代经济管理学院,计算机科学与技术,"['计算机科学', '与', '技术']",2
江西财经大学现代经济管理学院,信息管理与信息系统,"['信息管理', '与', '信息系统']",1
江西财经大学现代经济管理学院,大数据管理与应用,"['大', '数据管理', '与', '应用']",1
阳光学院,人工智能,['人工智能'],4
阳光学院,计算机科学与技术,"['计算机科学', '与', '技术']",3
阳光学院,电子信息工程,"['电子', '信息工程']",4
阳光学院,电子商务,['电子商务'],5
阳光学院,土木工程,['土木工程'],3
阳光学院,商务英语,['商务英语'],3
阳光学院,电子商务(中外合作办学),"['电子商务', '(', '中外合作', '办学', ')']",8
厦门大学嘉庚学院,金融学,['金融学'],4
厦门大学嘉庚学院,国际经济与贸易,"['国际', '经济', '与', '贸易']",4
厦门大学嘉庚学院,法学,['法学'],3
厦门大学嘉庚学院,汉语言文学,"['汉语言', '文学']",4
厦门大学嘉庚学院,英语,['英语'],4
厦门大学嘉庚学院,广播电视学,"['广播电视', '学']",2
厦门大学嘉庚学院,机械设计制造及其自动化,"['机械设计', '制造', '及其', '自动化']",5
厦门大学嘉庚学院,电气工程及其自动化,"['电气工程', '及其', '自动化']",3
厦门大学嘉庚学院,自动化,['自动化'],4
厦门大学嘉庚学院,计算机科学与技术,"['计算机科学', '与', '技术']",3
厦门大学嘉庚学院,土木工程,['土木工程'],3
厦门大学嘉庚学院,环境科学与工程,"['环境', '科学', '与', '工程']",7
厦门大学嘉庚学院,建筑学,['建筑学'],6
厦门大学嘉庚学院,城乡规划,['城乡规划'],6
厦门大学嘉庚学院,信息管理与信息系统,"['信息管理', '与', '信息系统']",4
厦门大学嘉庚学院,大数据管理与应用,"['大', '数据管理', '与', '应用']",2
厦门大学嘉庚学院,市场营销,['市场营销'],4
厦门大学嘉庚学院,会计学,['会计学'],4
厦门大学嘉庚学院,财务管理,['财务管理'],3
厦门大学嘉庚学院,文化产业管理,"['文化产业', '管理']",3
厦门大学嘉庚学院,行政管理,"['行政', '管理']",2
厦门大学嘉庚学院,电子商务,['电子商务'],2
集美大学诚毅学院,财政学,['财政学'],2
集美大学诚毅学院,金融学,['金融学'],2
集美大学诚毅学院,国际经济与贸易,"['国际', '经济', '与', '贸易']",2
集美大学诚毅学院,法学,['法学'],2
集美大学诚毅学院,汉语言文学,"['汉语言', '文学']",2
集美大学诚毅学院,英语,['英语'],3
集美大学诚毅学院,机械工程,['机械工程'],2
集美大学诚毅学院,智能制造工程,"['智能', '制造', '工程']",2
集美大学诚毅学院,电子信息工程,"['电子', '信息工程']",2
集美大学诚毅学院,计算机科学与技术,"['计算机科学', '与', '技术']",2
集美大学诚毅学院,数字媒体技术,"['数字', '媒体', '技术']",2
集美大学诚毅学院,数据科学与大数据技术,"['数据', '科学', '与', '大', '数据', '技术']",2
集美大学诚毅学院,工商管理,['工商管理'],2
集美大学诚毅学院,会计学,['会计学'],3
郑州财经学院,电子商务,['电子商务'],3
郑州财经学院,金融学,['金融学'],2
郑州财经学院,会计学,['会计学'],4
郑州财经学院,酒店管理,"['酒店', '管理']",5
郑州财经学院,物流管理,"['物流', '管理']",6
郑州财经学院,英语,['英语'],2
郑州财经学院,数据科学与大数据技术,"['数据', '科学', '与', '大', '数据', '技术']",3
郑州财经学院,工程造价,['工程造价'],3
郑州财经学院,土木工程,['土木工程'],2
郑州财经学院,小学教育(师范类),"['小学', '教育', '(', '师范类', ')']",2
郑州财经学院,车辆工程,"['车辆', '工程']",2
商丘工学院,机械设计制造及其自动化,"['机械设计', '制造', '及其', '自动化']",20
商丘工学院,物联网工程,"['物', '联网', '工程']",10
商丘工学院,城市地下空间工程,"['城市', '地下', '空间', '工程']",20
河南开封科技传媒学院,汉语言文学(师范类),"['汉语言', '文学', '(', '师范类', ')']",10
河南开封科技传媒学院,网络工程,['网络工程'],10
信阳学院,英语(师范类),"['英语', '(', '师范类', ')']",2
信阳学院,土木工程,['土木工程'],3
新乡医学院三全学院,临床医学,['临床医学'],5
郑州工商学院,机械设计制造及其自动化,"['机械设计', '制造', '及其', '自动化']",4
郑州工商学院,计算机科学与技术,"['计算机科学', '与', '技术']",4
郑州工商学院,财务管理,['财务管理'],4
郑州工商学院,会计学,['会计学'],4
兰州工商学院,金融学,['金融学'],2
兰州工商学院,金融科技,"['金融', '科技']",2
兰州工商学院,法学(经济法方向),"['法学', '(', '经济法', '方向', ')']",2
兰州工商学院,土木工程,['土木工程'],2
兰州工商学院,工程管理,"['工程', '管理']",2
兰州工商学院,网络工程,['网络工程'],2
兰州工商学院,电子商务,['电子商务'],2
兰州工商学院,人力资源管理,"['人力', '资源管理']",2
兰州工商学院,会计学,['会计学'],2
兰州工商学院,会计学(管理会计方向),"['会计学', '(', '管理', '会计', '方向', ')']",2
兰州工商学院,审计学,['审计学'],2
兰州博文科技学院,机械设计制造及其自动化,"['机械设计', '制造', '及其', '自动化']",2
兰州博文科技学院,车辆工程,"['车辆', '工程']",2
兰州博文科技学院,电气工程及其自动化,"['电气工程', '及其', '自动化']",2
兰州博文科技学院,土木工程,['土木工程'],2
兰州博文科技学院,道路桥梁与渡河工程,"['道路', '桥梁', '与', '渡河', '工程']",2
兰州博文科技学院,交通运输,['交通运输'],2
兰州博文科技学院,工程管理,"['工程', '管理']",2
兰州博文科技学院,数字媒体技术,"['数字', '媒体', '技术']",2
兰州博文科技学院,轨道交通信号与控制,"['轨道交通', '信号', '与', '控制']",2
兰州博文科技学院,大数据管理与应用,"['大', '数据管理', '与', '应用']",2
山西工学院,采矿工程,['采矿工程'],1
山西工学院,化学工程与工艺,"['化学工程', '与', '工艺']",6
山西工学院,电气工程及其自动化,"['电气工程', '及其', '自动化']",4
山西工学院,能源与动力工程,"['能源', '与', '动力工程']",4
山西工学院,自动化,['自动化'],5
山西工学院,能源互联网工程,"['能源', '互联网', '工程']",2
山西工学院,机械电子工程,"['机械', '电子', '工程']",2
山西工学院,无机非金属材料工程,"['无机', '非金属材料', '工程']",3
山西工学院,新能源材料与器件,"['新能源', '材料', '与', '器件']",3
山西工学院,应用化学,['应用化学'],6
山西工学院,环境工程,['环境工程'],4
山西工学院,资源循环科学与工程,"['资源', '循环', '科学', '与', '工程']",2
山西工学院,粉体材料科学与工程,"['粉体', '材料科学', '与', '工程']",2
山西工学院,车辆工程,"['车辆', '工程']",3
山西工学院,材料成型及控制工程,"['材料', '成型', '及', '控制工程']",2
山西工学院,工业设计,"['工业', '设计']",2
山西工学院,机械设计制造及其自动化,"['机械设计', '制造', '及其', '自动化']",3
山西工学院,智能制造工程,"['智能', '制造', '工程']",2
山西工学院,计算机科学与技术,"['计算机科学', '与', '技术']",2
山西工学院,物联网工程,"['物', '联网', '工程']",2
山西工学院,电子信息工程,"['电子', '信息工程']",4
山西工学院,通信工程,['通信工程'],6
山西工学院,软件工程,['软件工程'],5
山西工学院,轨道交通信号与控制,"['轨道交通', '信号', '与', '控制']",3
山西工学院,财务管理,['财务管理'],2
山西工学院,物流管理,"['物流', '管理']",6
山西工学院,市场营销,['市场营销'],6
山西工学院,国际经济与贸易,"['国际', '经济', '与', '贸易']",2
山西工学院,建筑环境与能源应用工程,"['建筑', '环境', '与', '能源', '应用', '工程']",2
山西工学院,土木工程,['土木工程'],2
山西工学院,建筑学,['建筑学'],2
山西晋中理工学院,机械设计制造及其自动化,"['机械设计', '制造', '及其', '自动化']",2
山西晋中理工学院,市场营销,['市场营销'],2
新疆理工学院,工商管理,['工商管理'],2
新疆理工学院,市场营销,['市场营销'],2
新疆理工学院,物流管理,"['物流', '管理']",2
新疆理工学院,法学,['法学'],2
新疆理工学院,社会工作,['社会工作'],2
新疆理工学院,机械设计制造及其自动化,"['机械设计', '制造', '及其', '自动化']",21
新疆理工学院,机械电子工程,"['机械', '电子', '工程']",10
新疆理工学院,机器人工程,"['机器人', '工程']",14
新疆理工学院,土木工程,['土木工程'],15
新疆理工学院,电气工程及其自动化,"['电气工程', '及其', '自动化']",5
新疆理工学院,测控技术与仪器,"['测控', '技术', '与', '仪器']",15
新疆理工学院,物流工程,"['物流', '工程']",15
新疆理工学院,工程管理,"['工程', '管理']",5
新疆理工学院,通信工程,['通信工程'],20
新疆理工学院,计算机科学与技术,"['计算机科学', '与', '技术']",10
新疆理工学院,软件工程,['软件工程'],10
新疆理工学院,智能科学与技术,"['智能科学', '与', '技术']",10
新疆理工学院,数字媒体技术,"['数字', '媒体', '技术']",10
新疆理工学院,信息管理与信息系统,"['信息管理', '与', '信息系统']",15
新疆理工学院,过程装备与控制工程,"['过程', '装备', '与', '控制工程']",20
新疆理工学院,能源化学工程,"['能源', '化学工程']",23
新疆理工学院,能源服务工程,"['能源', '服务', '工程']",10
新疆理工学院,食品营养与检验教育,"['食品', '营养', '与', '检验', '教育']",17
新疆理工学院,食品安全与检测,"['食品安全', '与', '检测']",15
新疆理工学院,食品卫生与营养学,"['食品卫生', '与', '营养学']",15
新疆理工学院,信息与计算科学,"['信息', '与', '计算', '科学']",10
新疆理工学院,金融学,['金融学'],2
新疆理工学院,国际经济与贸易,"['国际', '经济', '与', '贸易']",3
新疆第二医学院,临床医学,['临床医学'],19
新疆第二医学院,口腔医学,['口腔医学'],8
新疆第二医学院,中西医临床医学,"['中西医', '临床医学']",3
新疆第二医学院,药学,['药学'],4
新疆第二医学院,医学检验技术,"['医学', '检验', '技术']",4
新疆第二医学院,医学影像技术,"['医学影像', '技术']",3
新疆第二医学院,护理学,['护理学'],4
新疆第二医学院,信息管理与信息系统,"['信息管理', '与', '信息系统']",1
新疆第二医学院,公共事业管理,"['公共事业', '管理']",1
新疆第二医学院,卫生检验与检疫,"['卫生', '检验', '与', '检疫']",2
新疆第二医学院,麻醉学,['麻醉学'],9
新疆科技学院,会计学,['会计学'],10
新疆科技学院,财务管理,['财务管理'],10
新疆科技学院,金融学,['金融学'],10
新疆科技学院,国际经济与贸易,"['国际', '经济', '与', '贸易']",4
新疆科技学院,新闻学,['新闻学'],6
新疆科技学院,税收学,"['税收', '学']",5
新疆科技学院,人力资源管理,"['人力', '资源管理']",8
新疆科技学院,市场营销,['市场营销'],7
新疆科技学院,法学,['法学'],7
新疆科技学院,电子商务,['电子商务'],9
新疆科技学院,旅游管理,"['旅游', '管理']",7
新疆科技学院,计算机科学与技术,"['计算机科学', '与', '技术']",6
新疆科技学院,信息安全,['信息安全'],5
新疆科技学院,化学工程与工艺,"['化学工程', '与', '工艺']",3
新疆科技学院,纺织工程,"['纺织', '工程']",3
新疆科技学院,轻化工程,"['轻化', '工程']",3
西安交通工程学院,交通运输,['交通运输'],3
西安交通工程学院,电气工程及其自动化,"['电气工程', '及其', '自动化']",4
西安交通工程学院,工程造价,['工程造价'],4
西安交通工程学院,财务管理,['财务管理'],2
西安交通工程学院,学前教育(师范类),"['学前教育', '(', '师范类', ')']",4
无锡太湖学院,金融学,['金融学'],5
无锡太湖学院,国际经济与贸易,"['国际', '经济', '与', '贸易']",5
无锡太湖学院,工商管理,['工商管理'],5
无锡太湖学院,跨境电子商务,"['跨境', '电子商务']",5
无锡太湖学院,会计学,['会计学'],5
无锡太湖学院,财务管理,['财务管理'],5
无锡太湖学院,通信工程,['通信工程'],5
无锡太湖学院,计算机科学与技术(嵌入式培养),"['计算机科学', '与', '技术', '(', '嵌入式', '培养', ')']",5
无锡太湖学院,机械工程,['机械工程'],10
无锡太湖学院,英语,['英语'],5
河北工程大学科信学院,国际经济与贸易,"['国际', '经济', '与', '贸易']",2
河北工程大学科信学院,机械设计制造及其自动化,"['机械设计', '制造', '及其', '自动化']",2
河北工程大学科信学院,材料成型及控制工程,"['材料', '成型', '及', '控制工程']",2
河北工程大学科信学院,车辆工程,"['车辆', '工程']",2
河北工程大学科信学院,能源与动力工程,"['能源', '与', '动力工程']",3
河北工程大学科信学院,电气工程及其自动化,"['电气工程', '及其', '自动化']",2
河北工程大学科信学院,电子信息工程,"['电子', '信息工程']",2
河北工程大学科信学院,通信工程,['通信工程'],2
河北工程大学科信学院,自动化,['自动化'],2
河北工程大学科信学院,计算机科学与技术,"['计算机科学', '与', '技术']",2
河北工程大学科信学院,土木工程,['土木工程'],2
河北工程大学科信学院,建筑环境与能源应用工程,"['建筑', '环境', '与', '能源', '应用', '工程']",2
河北工程大学科信学院,给排水科学与工程,"['给排水', '科学', '与', '工程']",3
河北工程大学科信学院,水利水电工程,"['水利水电', '工程']",2
河北工程大学科信学院,交通工程,"['交通', '工程']",2
河北工程大学科信学院,食品科学与工程,"['食品科学', '与', '工程']",2
河北工程大学科信学院,工程管理,"['工程', '管理']",3
河北工程大学科信学院,会计学,['会计学'],3
中国矿业大学徐海学院,金融学,['金融学'],4
中国矿业大学徐海学院,汉语言文学,"['汉语言', '文学']",4
中国矿业大学徐海学院,会计学,['会计学'],4
中国矿业大学徐海学院,机械工程,['机械工程'],10
中国矿业大学徐海学院,智能制造工程,"['智能', '制造', '工程']",6
中国矿业大学徐海学院,电气工程及其自动化,"['电气工程', '及其', '自动化']",8
中国矿业大学徐海学院,电子科学与技术,"['电子', '科学', '与', '技术']",6
中国矿业大学徐海学院,土木工程,['土木工程'],8
重庆外语外事学院,英语,['英语'],2
重庆外语外事学院,翻译,['翻译'],2
重庆外语外事学院,德语,['德语'],3
重庆外语外事学院,日语,['日语'],4
重庆外语外事学院,阿拉伯语,['阿拉伯语'],2
重庆外语外事学院,泰语,['泰语'],2
重庆对外经贸学院,金融学类,"['金融学', '类']",5
重庆财经学院,会计学,['会计学'],2
重庆财经学院,计算机类,"['计算机', '类']",3
石家庄铁道大学四方学院,机械设计制造及其自动化,"['机械设计', '制造', '及其', '自动化']",1
石家庄铁道大学四方学院,无机非金属材料工程,"['无机', '非金属材料', '工程']",3
石家庄铁道大学四方学院,电气工程及其自动化,"['电气工程', '及其', '自动化']",15
石家庄铁道大学四方学院,轨道交通信号与控制,"['轨道交通', '信号', '与', '控制']",8
石家庄铁道大学四方学院,计算机科学与技术,"['计算机科学', '与', '技术']",2
石家庄铁道大学四方学院,土木工程,['土木工程'],13
石家庄铁道大学四方学院,测绘工程,"['测绘', '工程']",5
石家庄铁道大学四方学院,交通工程,"['交通', '工程']",2
石家庄铁道大学四方学院,工程管理,"['工程', '管理']",6
石家庄铁道大学四方学院,工程造价,['工程造价'],2
石家庄铁道大学四方学院,会计学,['会计学'],3
石家庄铁道大学四方学院,财务管理,['财务管理'],6
河北地质大学华信学院,金融学类,"['金融学', '类']",2
河北地质大学华信学院,英语,['英语'],2
河北地质大学华信学院,计算机类,"['计算机', '类']",2
河北地质大学华信学院,地质类,"['地质', '类']",4
河北地质大学华信学院,环境工程,['环境工程'],2
河北地质大学华信学院,护理学,['护理学'],2
河北地质大学华信学院,工商管理类(财会方向),"['工商管理', '类', '(', '财会', '方向', ')']",2
河北地质大学华信学院,电子商务,['电子商务'],2
河北地质大学华信学院,工商管理类(企业管理方向),"['工商管理', '类', '(', '企业', '管理', '方向', ')']",2
华北理工大学冀唐学院,临床医学,['临床医学'],5
华北理工大学冀唐学院,护理学,['护理学'],5
山西科技学院,电子信息工程,"['电子', '信息工程']",2
山西科技学院,通信工程,['通信工程'],2
山西科技学院,安全工程,['安全工程'],2
山西科技学院,机械设计制造及其自动化,"['机械设计', '制造', '及其', '自动化']",2
山西科技学院,材料成型及控制工程,"['材料', '成型', '及', '控制工程']",1
山西科技学院,过程装备与控制工程,"['过程', '装备', '与', '控制工程']",1
山西科技学院,电气工程及其自动化,"['电气工程', '及其', '自动化']",3
山西科技学院,自动化,['自动化'],2
大连艺术学院,日语,['日语'],5
大连艺术学院,文化产业管理,"['文化产业', '管理']",5
大连艺术学院,电子商务,['电子商务'],5
大连艺术学院,旅游管理,"['旅游', '管理']",6
大连艺术学院,艺术教育,"['艺术', '教育']",9
大连艺术学院,跨境电子商务,"['跨境', '电子商务']",15
长春光华学院,电子商务,['电子商务'],6
长春光华学院,工商管理,['工商管理'],4
长春光华学院,广告学,['广告学'],3
长春光华学院,汉语言文学,"['汉语言', '文学']",11
长春光华学院,秘书学,['秘书学'],3
长春光华学院,新闻学,['新闻学'],4
长春光华学院,朝鲜语,['朝鲜语'],4
长春光华学院,商务英语,['商务英语'],5
长春光华学院,英语,['英语'],3
长春光华学院,机械电子工程,"['机械', '电子', '工程']",8
长春光华学院,机械工程,['机械工程'],5
长春光华学院,机械设计制造及其自动化,"['机械设计', '制造', '及其', '自动化']",3
长春光华学院,汽车服务工程,"['汽车', '服务', '工程']",3
长春光华学院,电气工程及其自动化,"['电气工程', '及其', '自动化']",5
长春光华学院,计算机科学与技术,"['计算机科学', '与', '技术']",6
长春光华学院,物联网工程,"['物', '联网', '工程']",5
长春光华学院,财务管理,['财务管理'],8
长春光华学院,国际经济与贸易,"['国际', '经济', '与', '贸易']",8
长春光华学院,会计学,['会计学'],4
长春光华学院,金融学,['金融学'],10
长春光华学院,经济学,['经济学'],5
长春光华学院,学前教育,['学前教育'],12
长春光华学院,应用心理学,"['应用', '心理学']",6
长春光华学院,播音与主持艺术,"['播音', '与', '主持', '艺术']",2
长春光华学院,广播电视编导,"['广播电视', '编导']",2
长春光华学院,小学教育,"['小学', '教育']",4
长春工业大学人文信息学院,机械设计制造及其自动化,"['机械设计', '制造', '及其', '自动化']",1
长春工业大学人文信息学院,智能制造工程,"['智能', '制造', '工程']",1
长春工业大学人文信息学院,车辆工程,"['车辆', '工程']",1
长春工业大学人文信息学院,新能源汽车工程,"['新能源', '汽车', '工程']",1
长春工业大学人文信息学院,智能车辆工程,"['智能', '车辆', '工程']",1
长春工业大学人文信息学院,电气工程及其自动化,"['电气工程', '及其', '自动化']",1
长春工业大学人文信息学院,轨道交通信号与控制,"['轨道交通', '信号', '与', '控制']",2
长春工业大学人文信息学院,机器人工程,"['机器人', '工程']",1
长春工业大学人文信息学院,数据科学与大数据技术,"['数据', '科学', '与', '大', '数据', '技术']",1
长春工业大学人文信息学院,软件工程,['软件工程'],1
长春工业大学人文信息学院,电子信息工程,"['电子', '信息工程']",1
长春工业大学人文信息学院,制药工程,"['制药', '工程']",2
长春工业大学人文信息学院,英语,['英语'],2
长春工业大学人文信息学院,电子商务,['电子商务'],2
长春工业大学人文信息学院,国际经济与贸易,"['国际', '经济', '与', '贸易']",2
长春工业大学人文信息学院,人力资源管理,"['人力', '资源管理']",3
长春工业大学人文信息学院,物流管理,"['物流', '管理']",2
长春工业大学人文信息学院,工程造价,['工程造价'],2
长春工业大学人文信息学院,土木工程,['土木工程'],1
长春工业大学人文信息学院,会计学,['会计学'],4
长春工业大学人文信息学院,金融学,['金融学'],2
长春工业大学人文信息学院,法学,['法学'],4
长春电子科技学院,机械设计制造及其自动化,"['机械设计', '制造', '及其', '自动化']",9
长春电子科技学院,机械电子工程,"['机械', '电子', '工程']",6
长春财经学院,金融学,['金融学'],3
长春财经学院,会计学,['会计学'],4
吉林建筑科技学院,土木工程,['土木工程'],2
吉林建筑科技学院,自动化,['自动化'],2
长春建筑学院,电气工程及其自动化,"['电气工程', '及其', '自动化']",4
长春建筑学院,电子信息工程,"['电子', '信息工程']",2
长春建筑学院,通信工程,['通信工程'],2
长春建筑学院,自动化,['自动化'],2
长春建筑学院,计算机科学与技术,"['计算机科学', '与', '技术']",2
长春建筑学院,数字媒体技术,"['数字', '媒体', '技术']",4
长春建筑学院,土木工程,['土木工程'],5
长春建筑学院,建筑环境与能源应用工程,"['建筑', '环境', '与', '能源', '应用', '工程']",4
长春建筑学院,城市地下空间工程,"['城市', '地下', '空间', '工程']",3
长春建筑学院,道路桥梁与渡河工程,"['道路', '桥梁', '与', '渡河', '工程']",4
长春建筑学院,交通工程,"['交通', '工程']",5
长春建筑学院,建筑学,['建筑学'],3
长春建筑学院,城乡规划,['城乡规划'],2
长春建筑学院,风景园林,['风景园林'],2
长春建筑学院,园林,['园林'],4
长春建筑学院,工程管理,"['工程', '管理']",3
长春建筑学院,工程造价,['工程造价'],3
长春建筑学院,财务管理,['财务管理'],5
长春建筑学院,电子商务,['电子商务'],2
长春建筑学院,广告学,['广告学'],4
长春科技学院,计算机类,"['计算机', '类']",2
长春科技学院,工商管理类,"['工商管理', '类']",2
长春科技学院,中医学,['中医学'],2
长春科技学院,护理学,['护理学'],2
吉林动画学院,新媒体技术,"['新', '媒体', '技术']",5
吉林动画学院,市场营销,['市场营销'],5
吉林动画学院,互联网金融,"['互联网', '金融']",4
吉林动画学院,软件工程,['软件工程'],7
吉林动画学院,数字媒体技术,"['数字', '媒体', '技术']",18
吉林动画学院,虚拟现实技术,"['虚拟现实', '技术']",7
吉林动画学院,飞行器制造工程,"['飞行器', '制造', '工程']",3
吉林动画学院,飞行器动力工程,"['飞行器', '动力工程']",3
吉林动画学院,飞行器控制与信息工程,"['飞行器', '控制', '与', '信息工程']",3
蚌埠工商学院,会计学,['会计学'],4
蚌埠工商学院,金融学,['金融学'],4
蚌埠工商学院,财务管理,['财务管理'],4
蚌埠工商学院,国际经济与贸易,"['国际', '经济', '与', '贸易']",4
安徽信息工程学院,计算机科学与技术,"['计算机科学', '与', '技术']",5
安徽信息工程学院,软件工程,['软件工程'],6
安徽信息工程学院,人工智能,['人工智能'],2
安徽信息工程学院,数据科学与大数据技术,"['数据', '科学', '与', '大', '数据', '技术']",2
安徽信息工程学院,电气工程及其自动化,"['电气工程', '及其', '自动化']",5
马鞍山学院,机械设计制造及其自动化,"['机械设计', '制造', '及其', '自动化']",5
马鞍山学院,电气工程及其自动化,"['电气工程', '及其', '自动化']",5
马鞍山学院,计算机科学与技术,"['计算机科学', '与', '技术']",5
马鞍山学院,财务管理,['财务管理'],5
合肥城市学院,数据科学与大数据技术,"['数据', '科学', '与', '大', '数据', '技术']",2
合肥城市学院,土木工程,['土木工程'],2
合肥城市学院,安全工程,['安全工程'],2
合肥城市学院,人力资源管理,"['人力', '资源管理']",2
合肥城市学院,资产评估,"['资产', '评估']",2
长春大学旅游学院,旅游管理,"['旅游', '管理']",5
长春大学旅游学院,金融学,['金融学'],5
长春大学旅游学院,会计学,['会计学'],5
长春大学旅游学院,财务管理,['财务管理'],5
泰山科技学院,电信工程及管理,"['电信', '工程', '及', '管理']",30
泰山科技学院,智能制造工程,"['智能', '制造', '工程']",35
泰山科技学院,工商管理,['工商管理'],27
泰山科技学院,机械设计制造及其自动化,"['机械设计', '制造', '及其', '自动化']",21
泰山科技学院,行政管理,"['行政', '管理']",23
泰山科技学院,人力资源管理,"['人力', '资源管理']",35
泰山科技学院,通信工程,['通信工程'],57
泰山科技学院,金融学,['金融学'],23
泰山科技学院,电子信息工程,"['电子', '信息工程']",35
泰山科技学院,秘书学,['秘书学'],35
泰山科技学院,市场营销,['市场营销'],35
泰山科技学院,会计学,['会计学'],8
泰山科技学院,物联网工程,"['物', '联网', '工程']",55
泰山科技学院,大数据管理与应用,"['大', '数据管理', '与', '应用']",31
泰山科技学院,虚拟现实技术,"['虚拟现实', '技术']",35
泰山科技学院,电气工程及其自动化,"['电气工程', '及其', '自动化']",91
泰山科技学院,信息管理与信息系统,"['信息管理', '与', '信息系统']",35
泰山科技学院,数据科学与大数据技术,"['数据', '科学', '与', '大', '数据', '技术']",58
泰山科技学院,计算机科学与技术,"['计算机科学', '与', '技术']",53
泰山科技学院,法学,['法学'],77
泰山科技学院,财务管理,['财务管理'],66
泰山科技学院,电子商务,['电子商务'],31
泰山科技学院,土木工程,['土木工程'],60
昆明理工大学津桥学院,计算机科学与技术,"['计算机科学', '与', '技术']",4
昆明理工大学津桥学院,建筑学,['建筑学'],2
昆明理工大学津桥学院,土木工程,['土木工程'],5
昆明理工大学津桥学院,工程管理,"['工程', '管理']",5
昆明理工大学津桥学院,会计学,['会计学'],5
昆明理工大学津桥学院,英语,['英语'],7
昆明理工大学津桥学院,法学,['法学'],6
新疆政法学院,法学,['法学'],13
新疆政法学院,汉语言文学,"['汉语言', '文学']",8
新疆政法学院,工商管理,['工商管理'],4
新疆政法学院,公共事业管理,"['公共事业', '管理']",4
新疆政法学院,国际经济与贸易,"['国际', '经济', '与', '贸易']",9
新疆政法学院,计算机科学与技术,"['计算机科学', '与', '技术']",20
新疆政法学院,英语,['英语'],4
新疆政法学院,监狱学,"['监狱', '学']",8
新疆政法学院,社区矫正,"['社区', '矫正']",8
新疆政法学院,财务管理,['财务管理'],6
新疆政法学院,学前教育,['学前教育'],6
大连东软信息学院,计算机科学与技术,"['计算机科学', '与', '技术']",5
大连东软信息学院,电子信息工程,"['电子', '信息工程']",5
上海视觉艺术学院,文化产业管理,"['文化产业', '管理']",5
武汉学院,金融学类,"['金融学', '类']",5
武汉学院,财政学类,"['财政学', '类']",10
武汉学院,会计学,['会计学'],5
武汉学院,法学,['法学'],5
长沙理工大学城南学院,市场营销,['市场营销'],2
长沙理工大学城南学院,会计学,['会计学'],2
长沙理工大学城南学院,电气工程及其自动化,"['电气工程', '及其', '自动化']",4
长沙理工大学城南学院,计算机科学与技术,"['计算机科学', '与', '技术']",2
长沙理工大学城南学院,土木工程,['土木工程'],2
上海外国语大学贤达经济人文学院,英语,['英语'],2
上海外国语大学贤达经济人文学院,日语,['日语'],2
上海外国语大学贤达经济人文学院,国际经济与贸易,"['国际', '经济', '与', '贸易']",2
上海外国语大学贤达经济人文学院,金融学,['金融学'],2
上海外国语大学贤达经济人文学院,会计学(全英语教学班),"['会计学', '(', '全', '英语', '教学班', ')']",2
上海外国语大学贤达经济人文学院,酒店管理(全英语教学班),"['酒店', '管理', '(', '全', '英语', '教学班', ')']",1
温州商学院,金融学,['金融学'],1
温州商学院,外国语言文学类,"['外国', '语言', '文学类']",1
温州商学院,新闻传播学类,"['新闻', '传播学', '类']",1
温州商学院,工商管理类,"['工商管理', '类']",1
温州商学院,会计学,['会计学'],1
温州商学院,创业管理,"['创业', '管理']",1
桂林学院,汉语言文学(师范类),"['汉语言', '文学', '(', '师范类', ')']",2
桂林学院,英语(师范类),"['英语', '(', '师范类', ')']",2
桂林学院,新闻传播学类,"['新闻', '传播学', '类']",4
桂林学院,金融学类,"['金融学', '类']",4
桂林学院,工商管理类,"['工商管理', '类']",3
桂林学院,会计学,['会计学'],3
桂林学院,旅游管理类,"['旅游', '管理', '类']",3
桂林学院,法学,['法学'],2
桂林学院,物业管理,['物业管理'],3
桂林学院,数学与应用数学(师范类),"['数学', '与', '应用', '数学', '(', '师范类', ')']",3
桂林学院,软件工程,['软件工程'],4
桂林学院,数据科学与大数据技术,"['数据', '科学', '与', '大', '数据', '技术']",4
桂林学院,电子信息工程,"['电子', '信息工程']",4
桂林学院,数字媒体技术,"['数字', '媒体', '技术']",3
桂林学院,工程造价,['工程造价'],4
桂林学院,健康服务与管理,"['健康', '服务', '与', '管理']",4
桂林学院,物联网工程,"['物', '联网', '工程']",4
桂林学院,计算机科学与技术,"['计算机科学', '与', '技术']",4
广西中医药大学赛恩斯新医药学院,中医学,['中医学'],2
广西中医药大学赛恩斯新医药学院,针灸推拿学,"['针灸', '推拿学']",2
广西中医药大学赛恩斯新医药学院,护理学,['护理学'],2
广西中医药大学赛恩斯新医药学院,医学检验技术,"['医学', '检验', '技术']",2
广西中医药大学赛恩斯新医药学院,康复治疗学,"['康复', '治疗学']",2
贵阳信息科技学院,通信工程,['通信工程'],4
贵阳信息科技学院,生物工程,['生物工程'],5
贵阳信息科技学院,土木工程,['土木工程'],5
贵阳信息科技学院,工程造价,['工程造价'],3
遵义医科大学医学与科技学院,临床医学,['临床医学'],5
遵义医科大学医学与科技学院,麻醉学,['麻醉学'],5
南京理工大学紫金学院,电气工程及其自动化,"['电气工程', '及其', '自动化']",2
南京理工大学紫金学院,光电信息科学与工程,"['光电', '信息科学', '与', '工程']",1
南京理工大学紫金学院,通信工程,['通信工程'],1
南京理工大学紫金学院,会计学,['会计学'],1
南京理工大学紫金学院,人力资源管理,"['人力', '资源管理']",1
南京理工大学紫金学院,工业工程,"['工业', '工程']",2
天津外国语大学滨海外事学院,日语,['日语'],1
天津外国语大学滨海外事学院,国际经济与贸易,"['国际', '经济', '与', '贸易']",1
天津外国语大学滨海外事学院,行政管理,"['行政', '管理']",1
天津外国语大学滨海外事学院,酒店管理,"['酒店', '管理']",1
天津外国语大学滨海外事学院,汉语国际教育,"['汉语', '国际', '教育']",2
天津外国语大学滨海外事学院,护理学,['护理学'],2
天津传媒学院,汉语言文学,"['汉语言', '文学']",7
天津传媒学院,新闻学,['新闻学'],5
天津传媒学院,文化产业管理,"['文化产业', '管理']",5
天津传媒学院,学前教育,['学前教育'],8
天津传媒学院,英语,['英语'],9
天津传媒学院,广告学,['广告学'],5
天津传媒学院,数字媒体技术,"['数字', '媒体', '技术']",16
天津商业大学宝德学院,英语,['英语'],2
天津商业大学宝德学院,日语,['日语'],2
天津商业大学宝德学院,工商管理类(会计系),"['工商管理', '类', '(', '会计系', ')']",4
天津医科大学临床医学院,临床医学,['临床医学'],4
天津医科大学临床医学院,口腔医学,['口腔医学'],4
天津医科大学临床医学院,护理学,['护理学'],9
长春人文学院,俄语,['俄语'],2
电子科技大学成都学院,计算机科学与技术,"['计算机科学', '与', '技术']",4
电子科技大学成都学院,软件工程,['软件工程'],3
电子科技大学成都学院,信息安全,['信息安全'],3
电子科技大学成都学院,财务管理,['财务管理'],3
电子科技大学成都学院,审计学,['审计学'],3
成都理工大学工程技术学院,核工程与核技术,"['核工程', '与', '核技术']",4
成都理工大学工程技术学院,电气工程及其自动化,"['电气工程', '及其', '自动化']",3
成都理工大学工程技术学院,计算机科学与技术,"['计算机科学', '与', '技术']",3
成都理工大学工程技术学院,会计学,['会计学'],4
成都银杏酒店管理学院,旅游管理类,"['旅游', '管理', '类']",6
成都银杏酒店管理学院,工商管理类,"['工商管理', '类']",6
成都文理学院,思想政治教育,"['思想', '政治', '教育']",8
四川外国语大学成都学院,商务英语,['商务英语'],3
四川外国语大学成都学院,汉语国际教育,"['汉语', '国际', '教育']",3
四川外国语大学成都学院,汉语言文学,"['汉语言', '文学']",5
四川外国语大学成都学院,英语,['英语'],3
四川外国语大学成都学院,德语,['德语'],2
四川外国语大学成都学院,葡萄牙语,['葡萄牙语'],1
四川外国语大学成都学院,西班牙语,['西班牙语'],1
四川外国语大学成都学院,法语,['法语'],1
四川外国语大学成都学院,意大利语,['意大利语'],1
四川外国语大学成都学院,俄语,['俄语'],2
四川外国语大学成都学院,朝鲜语,['朝鲜语'],1
四川外国语大学成都学院,日语,['日语'],3
四川外国语大学成都学院,泰语,['泰语'],1
四川外国语大学成都学院,越南语,['越南语'],1
四川外国语大学成都学院,马来语,['马来语'],1
四川外国语大学成都学院,翻译,['翻译'],3
四川外国语大学成都学院,网络与新媒体,"['网络', '与', '新', '媒体']",7
四川外国语大学成都学院,学前教育,['学前教育'],2
四川外国语大学成都学院,新闻学,['新闻学'],2
四川外国语大学成都学院,国际经济与贸易,"['国际', '经济', '与', '贸易']",2
四川外国语大学成都学院,跨境电子商务,"['跨境', '电子商务']",3
四川外国语大学成都学院,财务管理,['财务管理'],4
北京理工大学珠海学院,会计学(国际班),"['会计学', '(', '国际', '班', ')']",5
北京理工大学珠海学院,应用统计学(国际班),"['应用', '统计学', '(', '国际', '班', ')']",5
北京理工大学珠海学院,计算机科学与技术(国际班),"['计算机科学', '与', '技术', '(', '国际', '班', ')']",4
北京理工大学珠海学院,金融数学(国际班),"['金融', '数学', '(', '国际', '班', ')']",5
北京理工大学珠海学院,财务管理(国际班),"['财务管理', '(', '国际', '班', ')']",5
北京理工大学珠海学院,国际商务(国际班),"['国际', '商务', '(', '国际', '班', ')']",5
北京理工大学珠海学院,电子信息类,"['电子信息', '类']",2
北京理工大学珠海学院,数字媒体技术,"['数字', '媒体', '技术']",2
北京理工大学珠海学院,交通运输,['交通运输'],2
北京理工大学珠海学院,应用统计学,"['应用', '统计学']",2
北京理工大学珠海学院,工商管理类,"['工商管理', '类']",2
北京理工大学珠海学院,法学(国际班),"['法学', '(', '国际', '班', ')']",2
北京理工大学珠海学院,会计学(中外合作办学),"['会计学', '(', '中外合作', '办学', ')']",3
西安交通大学城市学院,机械设计制造及其自动化,"['机械设计', '制造', '及其', '自动化']",8
西安交通大学城市学院,电气工程及其自动化,"['电气工程', '及其', '自动化']",8
西安交通大学城市学院,计算机科学与技术,"['计算机科学', '与', '技术']",8
西安交通大学城市学院,会计学,['会计学'],7
西北大学现代学院,财务管理,['财务管理'],1
西安建筑科技大学华清学院,建筑学,['建筑学'],2
西安建筑科技大学华清学院,土木工程,['土木工程'],2
西安建筑科技大学华清学院,给排水科学与工程,"['给排水', '科学', '与', '工程']",2
西安建筑科技大学华清学院,建筑环境与能源应用工程,"['建筑', '环境', '与', '能源', '应用', '工程']",3
西安建筑科技大学华清学院,工程管理,"['工程', '管理']",2
西安建筑科技大学华清学院,安全工程,['安全工程'],3
西安建筑科技大学华清学院,自动化,['自动化'],2
西安建筑科技大学华清学院,电气工程及其自动化,"['电气工程', '及其', '自动化']",3
西安建筑科技大学华清学院,机械类,['机械类'],3
西安建筑科技大学华清学院,经济学,['经济学'],2
西安建筑科技大学华清学院,汉语言文学,"['汉语言', '文学']",2
陕西科技大学镐京学院,会计学,['会计学'],2
陕西科技大学镐京学院,财务管理,['财务管理'],2
陕西科技大学镐京学院,金融工程,"['金融', '工程']",2
陕西科技大学镐京学院,计算机科学与技术,"['计算机科学', '与', '技术']",2
陕西科技大学镐京学院,电气工程及其自动化,"['电气工程', '及其', '自动化']",2
西安工商学院,软件工程,['软件工程'],2
西安工商学院,通信工程,['通信工程'],3
西安工商学院,会计学,['会计学'],3
西安工商学院,金融科技,"['金融', '科技']",2
西安工商学院,国际经济与贸易,"['国际', '经济', '与', '贸易']",2
西安工商学院,网络与新媒体,"['网络', '与', '新', '媒体']",3
珠海科技学院,工商管理,['工商管理'],3
珠海科技学院,市场营销,['市场营销'],3
珠海科技学院,会计学,['会计学'],3
珠海科技学院,金融学,['金融学'],2
珠海科技学院,日语,['日语'],3
珠海科技学院,通信工程,['通信工程'],3
珠海科技学院,计算机科学与技术,"['计算机科学', '与', '技术']",2
珠海科技学院,飞行器设计与工程,"['飞行器', '设计', '与', '工程']",2
武汉传媒学院,汉语言文学,"['汉语言', '文学']",4
武汉传媒学院,英语,['英语'],4
武汉传媒学院,广播电视学,"['广播电视', '学']",3
武汉传媒学院,广告学,['广告学'],3
武汉传媒学院,网络与新媒体,"['网络', '与', '新', '媒体']",5
武汉传媒学院,传播学,['传播学'],3
南京传媒学院,新闻传播学类,"['新闻', '传播学', '类']",1
南京传媒学院,时尚传播,"['时尚', '传播']",2
南京传媒学院,文化产业管理,"['文化产业', '管理']",1
山西工商学院,学前教育,['学前教育'],8
山西工商学院,软件工程,['软件工程'],4
山西工商学院,工商管理,['工商管理'],10
山西工商学院,财务管理,['财务管理'],8
成都医学院,临床医学,['临床医学'],10
吉林医药学院,临床医学,['临床医学'],8
吉林医药学院,医学影像学,"['医学', '影像学']",2
吉林医药学院,预防医学,"['预防', '医学']",3
吉林医药学院,药学,['药学'],2
吉林医药学院,药物制剂,['药物制剂'],2
吉林医药学院,中药学,['中药学'],2
吉林医药学院,医学检验技术,"['医学', '检验', '技术']",2
吉林医药学院,医学影像技术,"['医学影像', '技术']",2
吉林医药学院,康复治疗学,"['康复', '治疗学']",2
吉林医药学院,口腔医学技术,"['口腔医学', '技术']",2
吉林医药学院,护理学,['护理学'],4
吉林医药学院,生物技术,"['生物', '技术']",2
吉林医药学院,应用心理学,"['应用', '心理学']",2
吉林医药学院,生物医学工程,"['生物医学', '工程']",2
吉林医药学院,食品质量与安全,"['食品质量', '与', '安全']",2
吉林医药学院,生物制药,['生物制药'],2
吉林医药学院,信息管理与信息系统,"['信息管理', '与', '信息系统']",2
吉林医药学院,市场营销,['市场营销'],2
吉林医药学院,公共事业管理,"['公共事业', '管理']",2
吉林医药学院,生物制药(中外合作办学),"['生物制药', '(', '中外合作', '办学', ')']",3
广州工商学院,会计学,['会计学'],3
广州工商学院,电子商务,['电子商务'],4
广州工商学院,数据科学与大数据技术(中外合作办学),"['数据', '科学', '与', '大', '数据', '技术', '(', '中外合作', '办学', ')']",4
广州工商学院,软件工程(中外合作办学),"['软件工程', '(', '中外合作', '办学', ')']",4
广州工商学院,通信工程(中外合作办学),"['通信工程', '(', '中外合作', '办学', ')']",4
广东理工学院,物流管理,"['物流', '管理']",4
广东理工学院,电子商务,['电子商务'],4
广东理工学院,会计学,['会计学'],3
广东理工学院,商务英语,['商务英语'],4
广东理工学院,机械设计制造及其自动化,"['机械设计', '制造', '及其', '自动化']",4
广东理工学院,机械电子工程,"['机械', '电子', '工程']",4
广东理工学院,机器人工程,"['机器人', '工程']",4
新疆天山职业技术大学,智能制造工程技术,"['智能', '制造', '工程技术']",8
新疆天山职业技术大学,电梯工程技术,"['电梯', '工程技术']",9
新疆天山职业技术大学,无人机系统应用技术,"['无人机', '系统', '应用', '技术']",9
新疆天山职业技术大学,新能源汽车工程技术,"['新能源', '汽车', '工程技术']",8
新疆天山职业技术大学,数字媒体技术,"['数字', '媒体', '技术']",8
新疆天山职业技术大学,大数据工程技术,"['大', '数据', '工程技术']",10
新疆天山职业技术大学,现代通信工程,"['现代', '通信工程']",8
新疆天山职业技术大学,大数据与会计,"['大', '数据', '与', '会计']",9
新疆天山职业技术大学,国际经济与贸易,"['国际', '经济', '与', '贸易']",8
新疆天山职业技术大学,电子商务,['电子商务'],10
新疆天山职业技术大学,旅游管理,"['旅游', '管理']",8
新疆天山职业技术大学,学前教育,['学前教育'],10
新疆天山职业技术大学,应用俄语,"['应用', '俄语']",5
西安汽车职业大学,智能制造工程技术,"['智能', '制造', '工程技术']",2
西安汽车职业大学,新能源汽车工程技术,"['新能源', '汽车', '工程技术']",2
西安汽车职业大学,城市轨道交通信号与控制技术,"['城市轨道', '交通信号', '与', '控制技术']",2
西安汽车职业大学,城市轨道交通智能运营,"['城市', '轨道交通', '智能', '运营']",2
西安汽车职业大学,电子信息工程技术,"['电子', '信息工程', '技术']",2
西安汽车职业大学,物联网工程技术,"['物', '联网', '工程技术']",2
西安汽车职业大学,数字媒体技术,"['数字', '媒体', '技术']",2
西安汽车职业大学,大数据工程技术,"['大', '数据', '工程技术']",2
西安汽车职业大学,人工智能工程技术,"['人工智能', '工程技术']",2
西安汽车职业大学,大数据与财务管理,"['大', '数据', '与', '财务管理']",2
黑河学院,俄语,['俄语'],4
黑河学院,俄语(师范类),"['俄语', '(', '师范类', ')']",4
黑河学院,商务英语,['商务英语'],4
黑河学院,英语(师范类),"['英语', '(', '师范类', ')']",3
黑河学院,翻译(英语方向),"['翻译', '(', '英语', '方向', ')']",3
黑河学院,翻译(俄语方向),"['翻译', '(', '俄语', '方向', ')']",3
黑河学院,旅游管理,"['旅游', '管理']",3
黑河学院,法学,['法学'],3
黑河学院,历史学(师范类),"['历史学', '(', '师范类', ')']",3
黑河学院,生物技术,"['生物', '技术']",3
黑河学院,数据科学与大数据技术,"['数据', '科学', '与', '大', '数据', '技术']",3
黑河学院,电子信息科学与技术,"['电子信息', '科学', '与', '技术']",3
黑河学院,光电信息科学与工程,"['光电', '信息科学', '与', '工程']",4
黑河学院,化学(师范类),"['化学', '(', '师范类', ')']",4
黑河学院,数学与应用数学(师范类),"['数学', '与', '应用', '数学', '(', '师范类', ')']",4
黑河学院,应用化学,['应用化学'],4
黑河学院,材料科学与工程,"['材料科学', '与', '工程']",4
黑河学院,学前教育(师范类),"['学前教育', '(', '师范类', ')']",4
黑河学院,小学教育(师范类),"['小学', '教育', '(', '师范类', ')']",4
黑河学院,汉语言文学,"['汉语言', '文学']",4
黑河学院,汉语言文学(师范类),"['汉语言', '文学', '(', '师范类', ')']",4
黑河学院,汉语国际教育,"['汉语', '国际', '教育']",4
黑河学院,广播电视学,"['广播电视', '学']",4
黑河学院,通信工程,['通信工程'],4
黑河学院,物联网工程,"['物', '联网', '工程']",4
黑河学院,计算机科学与技术,"['计算机科学', '与', '技术']",4
黑河学院,网络工程,['网络工程'],4
黑河学院,国际经济与贸易,"['国际', '经济', '与', '贸易']",4
黑河学院,会计学,['会计学'],3
黑河学院,物流管理,"['物流', '管理']",3
黑河学院,跨境电子商务,"['跨境', '电子商务']",4
福州外语外贸学院,翻译,['翻译'],2
福州外语外贸学院,学前教育,['学前教育'],2
福州外语外贸学院,小学教育,"['小学', '教育']",2
福建江夏学院,法语,['法语'],5
福建江夏学院,商务英语,['商务英语'],5
福建江夏学院,金融学,['金融学'],7
福建江夏学院,国际经济与贸易,"['国际', '经济', '与', '贸易']",3
泉州信息工程学院,微电子科学与工程,"['微电子', '科学', '与', '工程']",3
泉州信息工程学院,机器人工程,"['机器人', '工程']",3
泉州信息工程学院,智能制造工程,"['智能', '制造', '工程']",3
泉州信息工程学院,土木工程,['土木工程'],2
泉州信息工程学院,工程造价,['工程造价'],2
泉州信息工程学院,工程管理,"['工程', '管理']",1
泉州信息工程学院,软件工程(中外合作办学),"['软件工程', '(', '中外合作', '办学', ')']",10
福州理工学院,物联网工程,"['物', '联网', '工程']",5
福州理工学院,计算机科学与技术,"['计算机科学', '与', '技术']",5
福州理工学院,工程造价,['工程造价'],5
福州理工学院,土木工程,['土木工程'],5
福州理工学院,财务管理,['财务管理'],5
福州理工学院,物流管理,"['物流', '管理']",5
福州理工学院,电子商务,['电子商务'],5
长沙师范学院,学前教育(师范类),"['学前教育', '(', '师范类', ')']",2
长沙师范学院,物联网工程,"['物', '联网', '工程']",2
长沙师范学院,包装工程,"['包装', '工程']",2
琼台师范学院,教育技术学(师范类),"['教育', '技术', '学', '(', '师范类', ')']",2
琼台师范学院,网络与新媒体,"['网络', '与', '新', '媒体']",1
琼台师范学院,数学与应用数学(师范类),"['数学', '与', '应用', '数学', '(', '师范类', ')']",2
琼台师范学院,英语(师范类),"['英语', '(', '师范类', ')']",2
琼台师范学院,汉语言文学(师范类),"['汉语言', '文学', '(', '师范类', ')']",2
琼台师范学院,学前教育(师范类),"['学前教育', '(', '师范类', ')']",1
四川工业科技学院,机械类,['机械类'],5
四川工业科技学院,新能源汽车工程,"['新能源', '汽车', '工程']",3
四川工业科技学院,电子信息类,"['电子信息', '类']",5
四川工业科技学院,计算机类,"['计算机', '类']",5
四川工业科技学院,土木类,"['土木', '类']",3
四川工业科技学院,工程造价,['工程造价'],3
四川工业科技学院,旅游管理类,"['旅游', '管理', '类']",4
四川工业科技学院,财务管理,['财务管理'],6
四川工业科技学院,学前教育,['学前教育'],6
银川能源学院,化学工程与工艺,"['化学工程', '与', '工艺']",3
银川能源学院,电气工程及其自动化,"['电气工程', '及其', '自动化']",3
银川能源学院,财务管理,['财务管理'],4
银川能源学院,数字媒体技术,"['数字', '媒体', '技术']",3
广西外国语学院,英语,['英语'],3
广西外国语学院,法语,['法语'],1
广西外国语学院,金融工程,"['金融', '工程']",1
广西外国语学院,经济与金融,"['经济', '与', '金融']",1
广西外国语学院,国际经济与贸易,"['国际', '经济', '与', '贸易']",1
广西外国语学院,学前教育,['学前教育'],2
广西外国语学院,汉语言文学,"['汉语言', '文学']",1
广西外国语学院,汉语国际教育,"['汉语', '国际', '教育']",1
广西外国语学院,西班牙语,['西班牙语'],2
广西外国语学院,印度尼西亚语,['印度尼西亚语'],1
广西外国语学院,柬埔寨语,['柬埔寨语'],1
广西外国语学院,泰语,['泰语'],1
广西外国语学院,越南语,['越南语'],1
广西外国语学院,翻译,['翻译'],1
广西外国语学院,商务英语,['商务英语'],1
广西外国语学院,人工智能,['人工智能'],1
广西外国语学院,计算机科学与技术,"['计算机科学', '与', '技术']",1
广西外国语学院,软件工程,['软件工程'],1
广西外国语学院,网络工程,['网络工程'],1
广西外国语学院,市场营销,['市场营销'],1
广西外国语学院,财务管理,['财务管理'],1
广西外国语学院,人力资源管理,"['人力', '资源管理']",1
广西外国语学院,公共事业管理,"['公共事业', '管理']",1
广西外国语学院,跨境电子商务,"['跨境', '电子商务']",1
南京理工大学泰州科技学院,机械工程,['机械工程'],5
南京理工大学泰州科技学院,机器人工程,"['机器人', '工程']",5
南京理工大学泰州科技学院,电气工程及其自动化,"['电气工程', '及其', '自动化']",5
南京理工大学泰州科技学院,电气工程与智能控制,"['电气工程', '与', '智能', '控制']",5
南京理工大学泰州科技学院,化学工程与工艺,"['化学工程', '与', '工艺']",7
南京师范大学泰州学院,工商管理,['工商管理'],12
南京师范大学泰州学院,国际经济与贸易,"['国际', '经济', '与', '贸易']",12
南京师范大学泰州学院,财务管理,['财务管理'],12
南京师范大学泰州学院,法学,['法学'],12
南京师范大学泰州学院,行政管理,"['行政', '管理']",9
南京师范大学泰州学院,小学教育(师范类),"['小学', '教育', '(', '师范类', ')']",6
南京师范大学泰州学院,学前教育(师范类),"['学前教育', '(', '师范类', ')']",6
南京师范大学泰州学院,汉语言文学(师范类),"['汉语言', '文学', '(', '师范类', ')']",6
南京师范大学泰州学院,汉语言文学,"['汉语言', '文学']",10
南京师范大学泰州学院,英语(师范类),"['英语', '(', '师范类', ')']",6
南京师范大学泰州学院,英语,['英语'],10
南京师范大学泰州学院,制药工程,"['制药', '工程']",9
山东华宇工学院,道路桥梁与渡河工程,"['道路', '桥梁', '与', '渡河', '工程']",135
山东华宇工学院,自动化,['自动化'],150
山东华宇工学院,信息管理与信息系统,"['信息管理', '与', '信息系统']",90
山东华宇工学院,新能源科学与工程,"['新', '能源科学', '与', '工程']",85
山东华宇工学院,财务管理,['财务管理'],65
山东华宇工学院,机械电子工程,"['机械', '电子', '工程']",45
山东华宇工学院,商务英语,['商务英语'],95
山东华宇工学院,网络工程,['网络工程'],45
山东华宇工学院,建筑环境与能源应用工程,"['建筑', '环境', '与', '能源', '应用', '工程']",60
山东华宇工学院,电子信息工程,"['电子', '信息工程']",45
山东华宇工学院,工业工程,"['工业', '工程']",50
山东华宇工学院,机械设计制造及其自动化,"['机械设计', '制造', '及其', '自动化']",45
山东华宇工学院,工程管理,"['工程', '管理']",90
山东华宇工学院,数字媒体技术,"['数字', '媒体', '技术']",85
山东华宇工学院,材料成型及控制工程,"['材料', '成型', '及', '控制工程']",45
山东华宇工学院,物流工程,"['物流', '工程']",85
山东华宇工学院,车辆工程,"['车辆', '工程']",45
山东华宇工学院,机器人工程,"['机器人', '工程']",90
山东华宇工学院,智能制造工程,"['智能', '制造', '工程']",45
山东华宇工学院,能源与动力工程,"['能源', '与', '动力工程']",150
山东华宇工学院,软件工程,['软件工程'],45
山东华宇工学院,电气工程及其自动化,"['电气工程', '及其', '自动化']",60
山东华宇工学院,工程造价,['工程造价'],45
山东华宇工学院,房地产开发与管理,"['房地产', '开发', '与', '管理']",90
山东华宇工学院,物联网工程,"['物', '联网', '工程']",45
山东华宇工学院,测控技术与仪器,"['测控', '技术', '与', '仪器']",90
山东华宇工学院,汽车服务工程,"['汽车', '服务', '工程']",30
山东外事职业大学,应用韩语,"['应用', '韩语']",60
山东外事职业大学,中文国际教育,"['中文', '国际', '教育']",45
山东外事职业大学,外事实务,"['外事', '实务']",45
山东外事职业大学,软件工程技术,"['软件工程', '技术']",45
山东外事职业大学,大数据工程技术,"['大', '数据', '工程技术']",45
山东外事职业大学,计算机应用工程,"['计算机', '应用', '工程']",45
山东外事职业大学,电子商务,['电子商务'],90
山东外事职业大学,市场营销,['市场营销'],40
山东外事职业大学,工程造价,['工程造价'],90
山东外事职业大学,应用外语,"['应用', '外语']",30
山东外事职业大学,应用英语,"['应用', '英语']",80
山东外事职业大学,应用日语,"['应用', '日语']",60
山东外事职业大学,金融管理,['金融管理'],40
山东外事职业大学,国际经济与贸易,"['国际', '经济', '与', '贸易']",80
山东外事职业大学,现代物流管理,"['现代', '物流', '管理']",90
山东外事职业大学,大数据与会计,"['大', '数据', '与', '会计']",90
山东外事职业大学,建筑装饰工程,"['建筑', '装饰', '工程']",45
山东外事职业大学,学前教育(师范类),"['学前教育', '(', '师范类', ')']",90
保定理工学院,工商管理,['工商管理'],2
保定理工学院,会计学,['会计学'],2
保定理工学院,财务管理,['财务管理'],2
保定理工学院,电子信息工程,"['电子', '信息工程']",2
保定理工学院,学前教育,['学前教育'],2
保定理工学院,小学教育,"['小学', '教育']",3
保定理工学院,审计学,['审计学'],2
保定理工学院,土木工程(中外合作办学),"['土木工程', '(', '中外合作', '办学', ')']",26
三亚学院,法学(自贸港法律),"['法学', '(', '自贸港', '法律', ')']",2
三亚学院,金融科技,"['金融', '科技']",3
三亚学院,金融科技(跨境投融资),"['金融', '科技', '(', '跨境', '投融资', ')']",3
三亚学院,国际经济与贸易(中外合作办学),"['国际', '经济', '与', '贸易', '(', '中外合作', '办学', ')']",2
上海师范大学天华学院,应用心理学(双语教学),"['应用', '心理学', '(', '双语', '教学', ')']",2
上海师范大学天华学院,英语(英语教育),"['英语', '(', '英语教育', ')']",3
西安明德理工学院,英语,['英语'],4
西安明德理工学院,翻译,['翻译'],3
西安明德理工学院,德语,['德语'],3
西安明德理工学院,日语,['日语'],2
西安明德理工学院,金融学,['金融学'],4
西安明德理工学院,国际经济与贸易,"['国际', '经济', '与', '贸易']",2
西安明德理工学院,市场营销,['市场营销'],3
西安明德理工学院,会计学,['会计学'],4
西安明德理工学院,财务管理,['财务管理'],2
西安明德理工学院,计算机科学与技术,"['计算机科学', '与', '技术']",4
西安明德理工学院,软件工程,['软件工程'],3
西安明德理工学院,电子商务,['电子商务'],3
西安明德理工学院,数据科学与大数据技术,"['数据', '科学', '与', '大', '数据', '技术']",3
西安明德理工学院,通信工程,['通信工程'],3
西安明德理工学院,机械设计制造及其自动化,"['机械设计', '制造', '及其', '自动化']",4
西安明德理工学院,飞行器制造工程,"['飞行器', '制造', '工程']",2
西安明德理工学院,智能制造工程,"['智能', '制造', '工程']",2
西安明德理工学院,无人驾驶航空器系统工程,"['无人驾驶', '航空器', '系统工程']",2
西安明德理工学院,电气工程及其自动化,"['电气工程', '及其', '自动化']",2
西安明德理工学院,机器人工程,"['机器人', '工程']",3
西安明德理工学院,工业设计,"['工业', '设计']",4
西安明德理工学院,人工智能,['人工智能'],2
天津理工大学中环信息学院,自动化,['自动化'],1
天津理工大学中环信息学院,电气工程及其自动化,"['电气工程', '及其', '自动化']",1
天津理工大学中环信息学院,电气工程及其自动化(电力系统及其自动化方向),"['电气工程', '及其', '自动化', '(', '电力系统', '及其', '自动化', '方向', ')']",1
天津理工大学中环信息学院,电气工程与智能控制,"['电气工程', '与', '智能', '控制']",1
天津理工大学中环信息学院,智能电网信息工程,"['智能', '电网', '信息工程']",1
天津理工大学中环信息学院,机械设计制造及其自动化,"['机械设计', '制造', '及其', '自动化']",2
天津理工大学中环信息学院,机械电子工程,"['机械', '电子', '工程']",1
天津理工大学中环信息学院,机器人工程,"['机器人', '工程']",1
天津理工大学中环信息学院,电子信息科学与技术,"['电子信息', '科学', '与', '技术']",1
天津理工大学中环信息学院,电子信息工程,"['电子', '信息工程']",1
天津理工大学中环信息学院,通信工程,['通信工程'],1
天津理工大学中环信息学院,物联网工程,"['物', '联网', '工程']",1
天津理工大学中环信息学院,人工智能,['人工智能'],1
天津理工大学中环信息学院,计算机科学与技术,"['计算机科学', '与', '技术']",1
天津理工大学中环信息学院,软件工程,['软件工程'],1
天津理工大学中环信息学院,数字媒体技术,"['数字', '媒体', '技术']",1
天津理工大学中环信息学院,数据科学与大数据技术,"['数据', '科学', '与', '大', '数据', '技术']",1
天津理工大学中环信息学院,工程管理,"['工程', '管理']",1
天津理工大学中环信息学院,财务管理,['财务管理'],1
天津理工大学中环信息学院,物流管理,"['物流', '管理']",1
天津理工大学中环信息学院,人力资源管理,"['人力', '资源管理']",1
北京科技大学天津学院,土木工程,['土木工程'],2
北京科技大学天津学院,材料科学与工程,"['材料科学', '与', '工程']",2
北京科技大学天津学院,环境工程,['环境工程'],2
北京科技大学天津学院,智能制造工程,"['智能', '制造', '工程']",2
北京科技大学天津学院,计算机科学与技术(软件技术),"['计算机科学', '与', '技术', '(', '软件技术', ')']",2
北京科技大学天津学院,无人驾驶航空器系统工程,"['无人驾驶', '航空器', '系统工程']",2
北京科技大学天津学院,国际经济与贸易,"['国际', '经济', '与', '贸易']",2
北京科技大学天津学院,护理学,['护理学'],3
北京科技大学天津学院,英语,['英语'],2
北京科技大学天津学院,朝鲜语,['朝鲜语'],2
北京科技大学天津学院,法学,['法学'],2
北京中医药大学东方学院,中医学,['中医学'],6
北京中医药大学东方学院,针灸推拿学,"['针灸', '推拿学']",6
北京中医药大学东方学院,中西医临床医学,"['中西医', '临床医学']",6
北京中医药大学东方学院,中药学,['中药学'],4
北京中医药大学东方学院,中药制药,"['中药', '制药']",4
北京中医药大学东方学院,医学检验技术,"['医学', '检验', '技术']",4
北京中医药大学东方学院,医学影像技术,"['医学影像', '技术']",4
北京中医药大学东方学院,康复治疗学,"['康复', '治疗学']",4
北京中医药大学东方学院,护理学,['护理学'],6
北京中医药大学东方学院,工商管理,['工商管理'],4
北京中医药大学东方学院,市场营销,['市场营销'],4
北京中医药大学东方学院,公共事业管理,"['公共事业', '管理']",4
北京中医药大学东方学院,健康服务与管理,"['健康', '服务', '与', '管理']",4
广州新华学院,汉语言文学,"['汉语言', '文学']",2
广州新华学院,法学,['法学'],2
广州新华学院,英语,['英语'],2
广州新华学院,物流管理,"['物流', '管理']",2
广州新华学院,会计学,['会计学'],2
广州新华学院,审计学,['审计学'],2
广州新华学院,行政管理,"['行政', '管理']",2
广州新华学院,人力资源管理,"['人力', '资源管理']",2
广州新华学院,金融工程,"['金融', '工程']",2
广州新华学院,康复治疗学,"['康复', '治疗学']",3
广州新华学院,听力与言语康复学,"['听力', '与', '言语', '康复', '学']",3
广州新华学院,信息资源管理,['信息资源管理'],2
成都锦城学院,汉语言文学,"['汉语言', '文学']",2
成都锦城学院,新闻学,['新闻学'],2
成都锦城学院,人工智能,['人工智能'],4
成都锦城学院,数字媒体技术,"['数字', '媒体', '技术']",2
成都锦城学院,工程造价,['工程造价'],2
成都锦城学院,土木工程,['土木工程'],6
成都锦城学院,给排水科学与工程,"['给排水', '科学', '与', '工程']",2
成都锦城学院,市场营销,['市场营销'],2
成都锦城学院,物流管理,"['物流', '管理']",2
成都锦城学院,旅游管理,"['旅游', '管理']",2
成都锦城学院,电子商务,['电子商务'],2
成都锦城学院,审计学,['审计学'],4
成都锦城学院,会计学,['会计学'],4
成都锦城学院,财务管理,['财务管理'],4
成都锦城学院,经济统计学,"['经济', '统计学']",3
成都锦城学院,英语,['英语'],6
成都锦城学院,商务英语,['商务英语'],2
成都锦城学院,日语,['日语'],2
成都锦城学院,法语,['法语'],2
成都锦城学院,电子信息类,"['电子信息', '类']",3
成都锦城学院,通信工程,['通信工程'],4
成都锦城学院,智能科学与技术,"['智能科学', '与', '技术']",2
成都锦城学院,机器人工程,"['机器人', '工程']",2
成都锦城学院,汽车服务工程,"['汽车', '服务', '工程']",2
成都锦城学院,智能工程与创意设计,"['智能', '工程', '与', '创意设计']",2
成都锦城学院,新媒体技术,"['新', '媒体', '技术']",2
成都锦城学院,国际经济与贸易,"['国际', '经济', '与', '贸易']",5
成都锦城学院,国际商务,"['国际', '商务']",5
北京工业大学耿丹学院,国际经济与贸易,"['国际', '经济', '与', '贸易']",1
北京工业大学耿丹学院,财务管理,['财务管理'],1
北京工业大学耿丹学院,市场营销(品牌管理与策划),"['市场营销', '(', '品牌', '管理', '与', '策划', ')']",1
北京工业大学耿丹学院,金融工程,"['金融', '工程']",1
北京工业大学耿丹学院,计算机类,"['计算机', '类']",1
南京工业大学浦江学院,人力资源管理,"['人力', '资源管理']",2
南京工业大学浦江学院,机械工程,['机械工程'],2
南京工业大学浦江学院,计算机科学与技术,"['计算机科学', '与', '技术']",2
南京工业大学浦江学院,土木工程,['土木工程'],3
南京工业大学浦江学院,建筑环境与能源应用工程,"['建筑', '环境', '与', '能源', '应用', '工程']",2
南京工业大学浦江学院,软件工程(嵌入式培养),"['软件工程', '(', '嵌入式', '培养', ')']",2
南京工业大学浦江学院,食品科学与工程,"['食品科学', '与', '工程']",2
南京工业大学浦江学院,建筑学,['建筑学'],2
南京师范大学中北学院,行政管理,"['行政', '管理']",2
南京师范大学中北学院,会计学,['会计学'],4
南京师范大学中北学院,电子信息工程,"['电子', '信息工程']",3
南京师范大学中北学院,电气工程及其自动化,"['电气工程', '及其', '自动化']",3
湖南交通工程学院,软件工程,['软件工程'],3
湖南交通工程学院,铁道工程,"['铁道', '工程']",3
湖南交通工程学院,电子商务,['电子商务'],3
辽宁传媒学院,汉语言文学,"['汉语言', '文学']",10
辽宁传媒学院,新闻学,['新闻学'],5
辽宁传媒学院,广播电视学,"['广播电视', '学']",10
辽宁传媒学院,网络与新媒体,"['网络', '与', '新', '媒体']",20
辽宁传媒学院,数字媒体技术,"['数字', '媒体', '技术']",5
辽宁传媒学院,工程造价,['工程造价'],10
辽宁传媒学院,大数据管理与应用,"['大', '数据管理', '与', '应用']",10
辽宁传媒学院,文化产业管理,"['文化产业', '管理']",5
辽宁传媒学院,信息资源管理,['信息资源管理'],5
辽宁传媒学院,电子商务及法律,"['电子商务', '及', '法律']",5
辽宁传媒学院,数字媒体技术(中外合作办学),"['数字', '媒体', '技术', '(', '中外合作', '办学', ')']",10
南京医科大学康达学院,临床医学,['临床医学'],2
南京医科大学康达学院,临床医学(全科医学),"['临床医学', '(', '全科', '医学', ')']",5
南京医科大学康达学院,临床医学(急诊医学),"['临床医学', '(', '急诊', '医学', ')']",2
南京医科大学康达学院,预防医学,"['预防', '医学']",4
南京医科大学康达学院,药学,['药学'],3
南京医科大学康达学院,医学检验技术,"['医学', '检验', '技术']",2
南京医科大学康达学院,医学影像技术,"['医学影像', '技术']",2
南京医科大学康达学院,康复治疗学,"['康复', '治疗学']",3
南京医科大学康达学院,医学信息工程,"['医学', '信息工程']",2
南京医科大学康达学院,护理学,['护理学'],5
南京医科大学康达学院,公共事业管理(卫生事业管理),"['公共事业', '管理', '(', '卫生事业', '管理', ')']",2
南京医科大学康达学院,健康服务与管理,"['健康', '服务', '与', '管理']",1
南京医科大学康达学院,医疗保险,['医疗保险'],2
南京医科大学康达学院,英语,['英语'],5
无锡学院,物联网工程,"['物', '联网', '工程']",2
无锡学院,数据科学与大数据技术,"['数据', '科学', '与', '大', '数据', '技术']",2
无锡学院,计算机科学与技术,"['计算机科学', '与', '技术']",2
无锡学院,计算机科学与技术(嵌入式培养),"['计算机科学', '与', '技术', '(', '嵌入式', '培养', ')']",2
无锡学院,软件工程,['软件工程'],3
无锡学院,电子信息工程,"['电子', '信息工程']",2
无锡学院,电子科学与技术,"['电子', '科学', '与', '技术']",2
无锡学院,人工智能,['人工智能'],2
无锡学院,电气工程及其自动化,"['电气工程', '及其', '自动化']",2
无锡学院,自动化,['自动化'],2
无锡学院,轨道交通信号与控制,"['轨道交通', '信号', '与', '控制']",2
无锡学院,环境科学与工程,"['环境', '科学', '与', '工程']",2
无锡学院,大气科学,"['大气', '科学']",2
无锡学院,财务管理,['财务管理'],2
无锡学院,金融工程,"['金融', '工程']",2
苏州科技大学天平学院,电子信息工程,"['电子', '信息工程']",2
苏州科技大学天平学院,市场营销,['市场营销'],2
苏州科技大学天平学院,酒店管理,"['酒店', '管理']",2
苏州科技大学天平学院,日语,['日语'],4
江苏大学京江学院,公共事业管理,"['公共事业', '管理']",2
江苏大学京江学院,国际经济与贸易,"['国际', '经济', '与', '贸易']",1
江苏大学京江学院,护理学,['护理学'],1
江苏大学京江学院,人力资源管理,"['人力', '资源管理']",2
江苏大学京江学院,市场营销,['市场营销'],3
江苏大学京江学院,英语,['英语'],3
江苏大学京江学院,材料成型及控制工程,"['材料', '成型', '及', '控制工程']",4
江苏大学京江学院,车辆工程,"['车辆', '工程']",1
江苏大学京江学院,电气工程及其自动化,"['电气工程', '及其', '自动化']",2
江苏大学京江学院,工业工程,"['工业', '工程']",1
江苏大学京江学院,机械电子工程,"['机械', '电子', '工程']",5
江苏大学京江学院,机械设计制造及其自动化,"['机械设计', '制造', '及其', '自动化']",4
江苏大学京江学院,计算机科学与技术,"['计算机科学', '与', '技术']",2
江苏大学京江学院,软件工程,['软件工程'],2
江苏大学京江学院,通信工程,['通信工程'],2
江苏大学京江学院,土木工程,['土木工程'],2
江苏大学京江学院,医学检验技术,"['医学', '检验', '技术']",3
江苏大学京江学院,电子商务,['电子商务'],2
江苏大学京江学院,软件工程(嵌入式培养),"['软件工程', '(', '嵌入式', '培养', ')']",2
江苏大学京江学院,能源与动力工程,"['能源', '与', '动力工程']",4
江苏大学京江学院,计算机科学与技术(嵌入式培养),"['计算机科学', '与', '技术', '(', '嵌入式', '培养', ')']",2
扬州大学广陵学院,国际经济与贸易,"['国际', '经济', '与', '贸易']",2
扬州大学广陵学院,市场营销,['市场营销'],3
扬州大学广陵学院,机械设计制造及其自动化,"['机械设计', '制造', '及其', '自动化']",2
扬州大学广陵学院,电气工程及其自动化,"['电气工程', '及其', '自动化']",3
江苏师范大学科文学院,金融科技,"['金融', '科技']",3
江苏师范大学科文学院,汉语言文学,"['汉语言', '文学']",3
江苏师范大学科文学院,互联网金融,"['互联网', '金融']",3
江苏师范大学科文学院,日语,['日语'],2
江苏师范大学科文学院,机器人工程,"['机器人', '工程']",6
江苏师范大学科文学院,商务英语,['商务英语'],3
南京邮电大学通达学院,广告学,['广告学'],2
南京邮电大学通达学院,金融工程,"['金融', '工程']",2
南京邮电大学通达学院,财务管理,['财务管理'],2
南京邮电大学通达学院,电气工程及其自动化,"['电气工程', '及其', '自动化']",2
南京邮电大学通达学院,数字媒体技术,"['数字', '媒体', '技术']",2
南京邮电大学通达学院,数据科学与大数据技术,"['数据', '科学', '与', '大', '数据', '技术']",2
南京邮电大学通达学院,通信工程,['通信工程'],4
南京邮电大学通达学院,计算机科学与技术(嵌入式培养),"['计算机科学', '与', '技术', '(', '嵌入式', '培养', ')']",3
南京邮电大学通达学院,网络工程(嵌入式培养),"['网络工程', '(', '嵌入式', '培养', ')']",3
南京财经大学红山学院,法学,['法学'],4
南京财经大学红山学院,英语,['英语'],4
南京财经大学红山学院,市场营销,['市场营销'],4
南京财经大学红山学院,会计学,['会计学'],6
南京财经大学红山学院,审计学,['审计学'],5
南京财经大学红山学院,人力资源管理,"['人力', '资源管理']",4
南京财经大学红山学院,金融学,['金融学'],5
南京财经大学红山学院,税收学,"['税收', '学']",4
南京财经大学红山学院,工商管理,['工商管理'],4
南京财经大学红山学院,财务管理,['财务管理'],4
南京财经大学红山学院,电子商务,['电子商务'],4
南京财经大学红山学院,物流管理,"['物流', '管理']",4
江苏科技大学苏州理工学院,船舶与海洋工程,"['船舶', '与', '海洋工程']",3
江苏科技大学苏州理工学院,机械设计制造及其自动化,"['机械设计', '制造', '及其', '自动化']",2
江苏科技大学苏州理工学院,能源与动力工程,"['能源', '与', '动力工程']",2
江苏科技大学苏州理工学院,计算机科学与技术,"['计算机科学', '与', '技术']",2
江苏科技大学苏州理工学院,财务管理,['财务管理'],2
常州大学怀德学院,国际经济与贸易,"['国际', '经济', '与', '贸易']",2
常州大学怀德学院,会计学,['会计学'],2
常州大学怀德学院,市场营销,['市场营销'],2
常州大学怀德学院,机械设计制造及其自动化,"['机械设计', '制造', '及其', '自动化']",3
常州大学怀德学院,计算机科学与技术,"['计算机科学', '与', '技术']",3
常州大学怀德学院,高分子材料与工程,"['高分子', '材料', '与', '工程']",3
南通大学杏林学院,海洋技术,"['海洋', '技术']",20
南通大学杏林学院,医学实验技术,"['医学', '实验', '技术']",15
南京审计大学金审学院,审计学,['审计学'],4
南京审计大学金审学院,会计学,['会计学'],3
南京审计大学金审学院,财务管理,['财务管理'],3
南京审计大学金审学院,金融学,['金融学'],2
南京审计大学金审学院,保险学,['保险学'],2
南京审计大学金审学院,工商管理,['工商管理'],2
南京审计大学金审学院,计算机科学与技术,"['计算机科学', '与', '技术']",1
南京审计大学金审学院,信息管理与信息系统,"['信息管理', '与', '信息系统']",1
南京审计大学金审学院,学前教育(师范类),"['学前教育', '(', '师范类', ')']",2
青岛工学院,知识产权,['知识产权'],20
青岛工学院,汉语言文学,"['汉语言', '文学']",59
青岛工学院,信息安全,['信息安全'],23
青岛工学院,国际商务,"['国际', '商务']",26
青岛工学院,物流管理,"['物流', '管理']",17
青岛工学院,德语,['德语'],4
青岛工学院,日语,['日语'],8
青岛工学院,食品科学与工程,"['食品科学', '与', '工程']",39
青岛工学院,市场营销,['市场营销'],17
青岛工学院,电子信息工程,"['电子', '信息工程']",13
青岛工学院,计算机科学与技术,"['计算机科学', '与', '技术']",19
青岛工学院,网络工程,['网络工程'],23
青岛工学院,土木工程,['土木工程'],40
青岛工学院,人工智能,['人工智能'],37
青岛工学院,能源与动力工程,"['能源', '与', '动力工程']",26
青岛工学院,食品营养与检验教育,"['食品', '营养', '与', '检验', '教育']",23
青岛工学院,工商管理,['工商管理'],18
青岛工学院,英语,['英语'],20
青岛工学院,自动化,['自动化'],24
青岛工学院,数字媒体技术,"['数字', '媒体', '技术']",15
青岛工学院,物联网工程,"['物', '联网', '工程']",50
青岛工学院,审计学,['审计学'],19
青岛工学院,通信工程,['通信工程'],18
青岛工学院,软件工程,['软件工程'],53
青岛工学院,机械设计制造及其自动化,"['机械设计', '制造', '及其', '自动化']",52
青岛工学院,财务管理,['财务管理'],31
青岛工学院,电气工程及其自动化,"['电气工程', '及其', '自动化']",56
青岛工学院,工程管理,"['工程', '管理']",19
青岛工学院,金融工程,"['金融', '工程']",15
青岛工学院,工业设计,"['工业', '设计']",23
青岛工学院,建筑学,['建筑学'],22
青岛工学院,食品质量与安全,"['食品质量', '与', '安全']",13
青岛工学院,化学工程与工业生物工程,"['化学工程', '与', '工业', '生物工程']",58
青岛工学院,人力资源管理,"['人力', '资源管理']",35
青岛工学院,数据科学与大数据技术,"['数据', '科学', '与', '大', '数据', '技术']",22
青岛工学院,电子商务,['电子商务'],19
青岛农业大学海都学院,数据科学与大数据技术,"['数据', '科学', '与', '大', '数据', '技术']",16
青岛农业大学海都学院,园艺,['园艺'],14
青岛农业大学海都学院,智能科学与技术,"['智能科学', '与', '技术']",14
青岛农业大学海都学院,计算机科学与技术,"['计算机科学', '与', '技术']",75
青岛农业大学海都学院,动物医学,"['动物', '医学']",62
青岛农业大学海都学院,土木工程,['土木工程'],40
青岛农业大学海都学院,虚拟现实技术,"['虚拟现实', '技术']",20
青岛农业大学海都学院,电气工程及其自动化,"['电气工程', '及其', '自动化']",101
青岛农业大学海都学院,机械设计制造及其自动化,"['机械设计', '制造', '及其', '自动化']",37
青岛农业大学海都学院,食品质量与安全,"['食品质量', '与', '安全']",9
青岛农业大学海都学院,市场营销,['市场营销'],10
青岛农业大学海都学院,园林,['园林'],10
青岛农业大学海都学院,国际经济与贸易,"['国际', '经济', '与', '贸易']",14
青岛农业大学海都学院,食品科学与工程,"['食品科学', '与', '工程']",11
青岛农业大学海都学院,应用心理学,"['应用', '心理学']",30
青岛农业大学海都学院,智慧农业,"['智慧', '农业']",20
青岛农业大学海都学院,财务管理,['财务管理'],48
青岛农业大学海都学院,计算机科学与技术(校企合作，与华为ICT学院合作),"['计算机科学', '与', '技术', '(', '校企', '合作', '，', '与', '华为', 'ICT', '学院', '合作', ')']",25
青岛农业大学海都学院,电子信息工程(校企合作，与山东中兴云聚教育科技有限公司合作),"['电子', '信息工程', '(', '校企', '合作', '，', '与', '山东', '中兴', '云聚', '教育', '科技', '有限公司', '合作', ')']",25
齐鲁理工学院,自动化,['自动化'],52
齐鲁理工学院,医学检验技术,"['医学', '检验', '技术']",48
齐鲁理工学院,生物医学工程,"['生物医学', '工程']",46
齐鲁理工学院,机器人工程,"['机器人', '工程']",58
齐鲁理工学院,医学影像技术,"['医学影像', '技术']",32
齐鲁理工学院,化学工程与工艺,"['化学工程', '与', '工艺']",35
齐鲁理工学院,土木工程,['土木工程'],51
齐鲁理工学院,新媒体技术,"['新', '媒体', '技术']",49
齐鲁理工学院,新闻学,['新闻学'],63
齐鲁理工学院,智能建造,"['智能', '建造']",51
齐鲁理工学院,数据科学与大数据技术,"['数据', '科学', '与', '大', '数据', '技术']",40
齐鲁理工学院,软件工程,['软件工程'],53
齐鲁理工学院,护理学,['护理学'],36
齐鲁理工学院,计算机科学与技术,"['计算机科学', '与', '技术']",54
齐鲁理工学院,生物工程,['生物工程'],56
齐鲁理工学院,秘书学,['秘书学'],64
齐鲁理工学院,电气工程及其自动化,"['电气工程', '及其', '自动化']",57
齐鲁理工学院,通信工程,['通信工程'],47
齐鲁理工学院,生物制药,['生物制药'],50
齐鲁理工学院,金融学,['金融学'],38
齐鲁理工学院,学前教育(师范类),"['学前教育', '(', '师范类', ')']",14
齐鲁理工学院,旅游管理,"['旅游', '管理']",37
齐鲁理工学院,测绘工程,"['测绘', '工程']",50
齐鲁理工学院,汉语言文学,"['汉语言', '文学']",28
齐鲁理工学院,日语,['日语'],31
齐鲁理工学院,电子信息工程,"['电子', '信息工程']",46
齐鲁理工学院,康复治疗学,"['康复', '治疗学']",35
齐鲁理工学院,机械设计制造及其自动化,"['机械设计', '制造', '及其', '自动化']",46
齐鲁理工学院,人工智能,['人工智能'],39
齐鲁理工学院,贸易经济,"['贸易', '经济']",60
齐鲁理工学院,会计学,['会计学'],45
齐鲁理工学院,智能制造工程,"['智能', '制造', '工程']",47
齐鲁理工学院,英语,['英语'],44
齐鲁理工学院,投资学,"['投资', '学']",48
齐鲁理工学院,工程造价,['工程造价'],43
齐鲁理工学院,跨境电子商务,"['跨境', '电子商务']",49
齐鲁理工学院,中药学,['中药学'],32
山东财经大学东方学院,英语,['英语'],10
山东财经大学东方学院,审计学,['审计学'],10
山东财经大学东方学院,国际经济与贸易,"['国际', '经济', '与', '贸易']",10
山东财经大学东方学院,市场营销,['市场营销'],10
山东财经大学东方学院,税收学,"['税收', '学']",15
山东财经大学东方学院,金融学,['金融学'],22
山东财经大学东方学院,电子商务,['电子商务'],10
山东财经大学东方学院,数据科学与大数据技术,"['数据', '科学', '与', '大', '数据', '技术']",10
山东财经大学东方学院,工商管理,['工商管理'],10
山东财经大学东方学院,商务英语,['商务英语'],15
山东财经大学东方学院,金融科技,"['金融', '科技']",20
山东财经大学东方学院,会计学,['会计学'],27
山东财经大学东方学院,信息管理与信息系统,"['信息管理', '与', '信息系统']",10
山东财经大学东方学院,新闻学,['新闻学'],10
山东财经大学东方学院,金融学(校企合作，与北京中科特瑞公司合作),"['金融学', '(', '校企', '合作', '，', '与', '北京', '中', '科特', '瑞', '公司', '合作', ')']",40
潍坊理工学院,广播电视编导,"['广播电视', '编导']",50
潍坊理工学院,新闻学,['新闻学'],100
潍坊理工学院,思想政治教育,"['思想', '政治', '教育']",100
潍坊理工学院,审计学,['审计学'],50
潍坊理工学院,学前教育(师范类),"['学前教育', '(', '师范类', ')']",47
潍坊理工学院,化学,['化学'],49
潍坊理工学院,网络与新媒体,"['网络', '与', '新', '媒体']",50
潍坊理工学院,新能源科学与工程,"['新', '能源科学', '与', '工程']",40
潍坊理工学院,应用心理学,"['应用', '心理学']",40
潍坊理工学院,生物科学,['生物科学'],39
潍坊理工学院,人力资源管理,"['人力', '资源管理']",50
潍坊理工学院,能源与动力工程,"['能源', '与', '动力工程']",80
潍坊理工学院,风景园林,['风景园林'],50
潍坊理工学院,自动化,['自动化'],40
潍坊理工学院,物联网工程,"['物', '联网', '工程']",45
潍坊理工学院,汉语言文学,"['汉语言', '文学']",97
潍坊理工学院,跨境电子商务,"['跨境', '电子商务']",50
潍坊理工学院,商务英语,['商务英语'],50
潍坊理工学院,工商管理,['工商管理'],48
潍坊理工学院,计算机科学与技术,"['计算机科学', '与', '技术']",50
潍坊理工学院,电子信息工程,"['电子', '信息工程']",45
潍坊理工学院,国际经济与贸易,"['国际', '经济', '与', '贸易']",50
潍坊理工学院,英语,['英语'],46
潍坊理工学院,机器人工程(校企合作，与沈阳新松机器人自动化股份有限公司合作),"['机器人', '工程', '(', '校企', '合作', '，', '与', '沈阳', '新松', '机器人', '自动化', '股份', '有限公司', '合作', ')']",90
潍坊理工学院,数据科学与大数据技术(校企合作，与北京青苔数据科技有限公司合作),"['数据', '科学', '与', '大', '数据', '技术', '(', '校企', '合作', '，', '与', '北京', '青苔', '数据', '科技', '有限公司', '合作', ')']",60
潍坊理工学院,财务管理(校企合作，与山东百练会计教育集团合作),"['财务管理', '(', '校企', '合作', '，', '与', '山东', '百练', '会计', '教育', '集团', '合作', ')']",50
潍坊理工学院,金融工程(校企合作，与山东开创信息有限公司合作),"['金融', '工程', '(', '校企', '合作', '，', '与', '山东', '开创', '信息', '有限公司', '合作', ')']",50
聊城大学东昌学院,数据科学与大数据技术,"['数据', '科学', '与', '大', '数据', '技术']",22
聊城大学东昌学院,化学,['化学'],19
聊城大学东昌学院,汉语言文学,"['汉语言', '文学']",10
聊城大学东昌学院,商务英语,['商务英语'],14
聊城大学东昌学院,食品质量与安全,"['食品质量', '与', '安全']",23
聊城大学东昌学院,应用化学,['应用化学'],22
聊城大学东昌学院,生物工程,['生物工程'],18
聊城大学东昌学院,广播电视编导,"['广播电视', '编导']",35
聊城大学东昌学院,电气工程及其自动化,"['电气工程', '及其', '自动化']",22
聊城大学东昌学院,机械设计制造及其自动化,"['机械设计', '制造', '及其', '自动化']",16
聊城大学东昌学院,数学与应用数学,"['数学', '与', '应用', '数学']",16
聊城大学东昌学院,汉语国际教育,"['汉语', '国际', '教育']",14
聊城大学东昌学院,网络与新媒体,"['网络', '与', '新', '媒体']",21
聊城大学东昌学院,英语,['英语'],14
聊城大学东昌学院,金融工程,"['金融', '工程']",10
聊城大学东昌学院,会计学,['会计学'],15
聊城大学东昌学院,学前教育(师范类),"['学前教育', '(', '师范类', ')']",12
聊城大学东昌学院,工程造价,['工程造价'],22
聊城大学东昌学院,软件工程(校企合作，与青岛青软实训教育有限公司合作),"['软件工程', '(', '校企', '合作', '，', '与', '青岛', '青软', '实训', '教育', '有限公司', '合作', ')']",35
聊城大学东昌学院,电子信息工程(校企合作，与青岛青软实训教育有限公司合作),"['电子', '信息工程', '(', '校企', '合作', '，', '与', '青岛', '青软', '实训', '教育', '有限公司', '合作', ')']",35
烟台科技学院,人工智能,['人工智能'],30
烟台科技学院,英语,['英语'],65
烟台科技学院,物联网工程,"['物', '联网', '工程']",30
烟台科技学院,财务管理,['财务管理'],50
烟台科技学院,汉语言文学,"['汉语言', '文学']",65
烟台科技学院,网络工程,['网络工程'],30
烟台科技学院,国际经济与贸易,"['国际', '经济', '与', '贸易']",30
烟台科技学院,机械设计制造及其自动化,"['机械设计', '制造', '及其', '自动化']",30
烟台科技学院,电气工程及其自动化,"['电气工程', '及其', '自动化']",30
烟台科技学院,经济学,['经济学'],30
烟台科技学院,新闻学,['新闻学'],65
烟台科技学院,机器人工程,"['机器人', '工程']",30
烟台科技学院,广告学,['广告学'],40
烟台科技学院,软件工程,['软件工程'],15
烟台科技学院,数据科学与大数据技术,"['数据', '科学', '与', '大', '数据', '技术']",30
烟台科技学院,市场营销,['市场营销'],30
西安信息职业大学,智能制造工程技术,"['智能', '制造', '工程技术']",1
西安信息职业大学,城市轨道交通信号与控制技术,"['城市轨道', '交通信号', '与', '控制技术']",1
西安信息职业大学,电子信息工程技术,"['电子', '信息工程', '技术']",1
西安信息职业大学,物联网工程技术,"['物', '联网', '工程技术']",1
西安信息职业大学,光电信息工程技术,"['光电', '信息工程', '技术']",1
西安信息职业大学,计算机应用工程,"['计算机', '应用', '工程']",1
西安信息职业大学,网络工程技术,"['网络', '工程技术']",1
西安信息职业大学,软件工程技术,"['软件工程', '技术']",1
西安信息职业大学,大数据工程技术,"['大', '数据', '工程技术']",1
西安信息职业大学,信息安全与管理,"['信息安全', '与', '管理']",1
西安信息职业大学,人工智能工程技术,"['人工智能', '工程技术']",1
西安信息职业大学,区块链技术,"['区块', '链', '技术']",1
西安信息职业大学,现代通信工程,"['现代', '通信工程']",1
西安信息职业大学,集成电路工程技术,"['集成电路', '工程技术']",1
西安信息职业大学,云计算技术,"['云', '计算技术']",1
西南财经大学天府学院,会计学,['会计学'],28
西南财经大学天府学院,金融学,['金融学'],12
天津仁爱学院,机械设计制造及其自动化,"['机械设计', '制造', '及其', '自动化']",2
天津仁爱学院,自动化,['自动化'],2
天津仁爱学院,通信工程,['通信工程'],2
天津仁爱学院,电气工程及其自动化,"['电气工程', '及其', '自动化']",2
天津仁爱学院,物联网工程,"['物', '联网', '工程']",1
天津仁爱学院,物联网工程(科大讯飞智能物联方向),"['物', '联网', '工程', '(', '科大', '讯', '飞', '智能', '物联', '方向', ')']",2
天津仁爱学院,计算机科学与技术,"['计算机科学', '与', '技术']",2
天津仁爱学院,软件工程,['软件工程'],2
天津仁爱学院,数据科学与大数据技术,"['数据', '科学', '与', '大', '数据', '技术']",1
天津仁爱学院,人工智能,['人工智能'],1
天津仁爱学院,计算机科学与技术(中软国际华为云学院大数据技术与应用特色班),"['计算机科学', '与', '技术', '(', '中', '软', '国际', '华为', '云', '学院', '大', '数据', '技术', '与', '应用', '特色', '班', ')']",1
天津仁爱学院,软件工程(中软国际华为云学院智能技术开发特色班),"['软件工程', '(', '中', '软', '国际', '华为', '云', '学院', '智能', '技术开发', '特色', '班', ')']",1
天津仁爱学院,数据科学与大数据技术(中软国际华为云学院大数据分析应用特色班),"['数据', '科学', '与', '大', '数据', '技术', '(', '中', '软', '国际', '华为', '云', '学院', '大', '数据分析', '应用', '特色', '班', ')']",1
天津仁爱学院,建筑学,['建筑学'],1
天津仁爱学院,土木工程,['土木工程'],2
天津仁爱学院,给排水科学与工程,"['给排水', '科学', '与', '工程']",1
天津仁爱学院,水利水电工程,"['水利水电', '工程']",1
天津仁爱学院,港口航道与海岸工程,"['港口', '航道', '与', '海岸', '工程']",1
天津仁爱学院,物流工程,"['物流', '工程']",1
天津仁爱学院,信息管理与信息系统,"['信息管理', '与', '信息系统']",1
天津仁爱学院,工程管理,"['工程', '管理']",1
天津仁爱学院,财务管理,['财务管理'],1
天津仁爱学院,金融工程,"['金融', '工程']",2
天津仁爱学院,化学工程与工艺,"['化学工程', '与', '工艺']",1
天津仁爱学院,制药工程,"['制药', '工程']",1
天津仁爱学院,法学(经济法方向),"['法学', '(', '经济法', '方向', ')']",3
天津仁爱学院,英语,['英语'],1
天津仁爱学院,商务英语,['商务英语'],1
天津仁爱学院,传播学(网络新媒体方向),"['传播学', '(', '网络', '新', '媒体', '方向', ')']",1
四川大学锦江学院,数字媒体技术,"['数字', '媒体', '技术']",4
郑州商学院,工商管理,['工商管理'],5
郑州商学院,财务管理,['财务管理'],12
郑州商学院,市场营销,['市场营销'],5
郑州商学院,国际商务,"['国际', '商务']",2
郑州商学院,会计学,['会计学'],20
郑州商学院,国际经济与贸易,"['国际', '经济', '与', '贸易']",5
郑州商学院,投资学,"['投资', '学']",5
郑州商学院,商务英语,['商务英语'],8
郑州商学院,计算机科学与技术,"['计算机科学', '与', '技术']",8
郑州商学院,工程造价,['工程造价'],8
西安科技大学高新学院,金融工程,"['金融', '工程']",2
西安科技大学高新学院,财务管理,['财务管理'],3
西安科技大学高新学院,学前教育,['学前教育'],3
西安科技大学高新学院,电气工程及其自动化,"['电气工程', '及其', '自动化']",3
西安科技大学高新学院,物联网工程,"['物', '联网', '工程']",2
四川文化艺术学院,金融工程,"['金融', '工程']",2
四川文化艺术学院,民族学,['民族学'],2
四川文化艺术学院,汉语国际教育,"['汉语', '国际', '教育']",2
四川文化艺术学院,英语,['英语'],2
四川文化艺术学院,文物与博物馆学,"['文物', '与', '博物馆学']",2
四川文化艺术学院,应用心理学,"['应用', '心理学']",2
四川文化艺术学院,宝石及材料工艺学,"['宝石', '及', '材料', '工艺学']",1
四川文化艺术学院,广播电视工程,"['广播电视', '工程']",2
四川文化艺术学院,风景园林,['风景园林'],2
四川文化艺术学院,公共事业管理,"['公共事业', '管理']",2
四川文化艺术学院,数据科学与大数据技术,"['数据', '科学', '与', '大', '数据', '技术']",5
四川文化艺术学院,历史建筑保护工程,"['历史', '建筑', '保护', '工程']",2
福建农林大学金山学院,旅游管理(中外合作办学),"['旅游', '管理', '(', '中外合作', '办学', ')']",5
天津财经大学珠江学院,会计学(注册会计师),"['会计学', '(', '注册', '会计师', ')']",9
天津财经大学珠江学院,酒店管理(酒店财务),"['酒店', '管理', '(', '酒店', '财务', ')']",9
天津财经大学珠江学院,经济统计学(数据工程),"['经济', '统计学', '(', '数据', '工程', ')']",14
天津财经大学珠江学院,传播学,['传播学'],6
滇西科技师范学院,数字媒体技术,"['数字', '媒体', '技术']",2
滇西科技师范学院,网络与新媒体,"['网络', '与', '新', '媒体']",2
滇西科技师范学院,轨道交通信号与控制,"['轨道交通', '信号', '与', '控制']",2
合肥师范学院,商务英语,['商务英语'],10
合肥师范学院,西班牙语,['西班牙语'],10
湖北第二师范学院,中国语言文学类(师范类),"['中国', '语言', '文学类', '(', '师范类', ')']",6
湖北第二师范学院,教育学类(师范类),"['教育学', '类', '(', '师范类', ')']",4
山东政法学院,经济学,['经济学'],30
山东政法学院,法学,['法学'],1093
山东政法学院,知识产权,['知识产权'],25
山东政法学院,财务管理,['财务管理'],70
山东政法学院,国际经济与贸易,"['国际', '经济', '与', '贸易']",30
山东政法学院,日语,['日语'],13
山东政法学院,国际经贸规则,"['国际经贸', '规则']",20
山东政法学院,网络与新媒体,"['网络', '与', '新', '媒体']",25
山东政法学院,数字出版,"['数字', '出版']",15
山东政法学院,编辑出版学,"['编辑', '出版学']",15
山东政法学院,审计学,['审计学'],60
山东政法学院,英语,['英语'],83
山东政法学院,网络空间安全,"['网络空间', '安全']",30
山东政法学院,社区矫正,"['社区', '矫正']",30
山东政法学院,行政管理,"['行政', '管理']",60
山东政法学院,新闻学(法治新闻方向),"['新闻学', '(', '法治', '新闻', '方向', ')']",55
山东政法学院,政治学与行政学(法治政务方向),"['政治学', '与', '行政', '学', '(', '法治', '政务', '方向', ')']",31
山东政法学院,计算机科学与技术(校企合作，与济南博赛网络技术有限公司合作),"['计算机科学', '与', '技术', '(', '校企', '合作', '，', '与', '济南', '博赛', '网络', '技术', '有限公司', '合作', ')']",60
山东政法学院,人力资源管理(校企合作，与青岛英谷教育科技股份有限公司合作),"['人力', '资源管理', '(', '校企', '合作', '，', '与', '青岛', '英谷', '教育', '科技股份', '有限公司', '合作', ')']",50
山东政法学院,商务英语(校企合作，与青岛英谷教育科技股份有限公司合作),"['商务英语', '(', '校企', '合作', '，', '与', '青岛', '英谷', '教育', '科技股份', '有限公司', '合作', ')']",60
太原工业学院,机械类,['机械类'],13
太原工业学院,电子信息类,"['电子信息', '类']",13
太原工业学院,自动化类,"['自动化', '类']",13
太原工业学院,化工与制药类,"['化工', '与', '制药', '类']",15
太原工业学院,计算机类,"['计算机', '类']",7
太原工业学院,材料类,"['材料', '类']",12
太原工业学院,数据科学与大数据技术,"['数据', '科学', '与', '大', '数据', '技术']",4
太原工业学院,经济学类,"['经济学', '类']",7
太原工业学院,工商管理类,"['工商管理', '类']",8
太原工业学院,质量管理工程,"['质量', '管理', '工程']",3
海南科技职业大学,工程造价,['工程造价'],4
海南科技职业大学,新能源汽车工程技术,"['新能源', '汽车', '工程技术']",4
海南科技职业大学,水路运输与海事管理,"['水路运输', '与', '海事', '管理']",4
海南科技职业大学,物联网工程技术,"['物', '联网', '工程技术']",4
海南科技职业大学,大数据工程技术,"['大', '数据', '工程技术']",4
海南科技职业大学,护理,['护理'],4
海南科技职业大学,口腔医学技术,"['口腔医学', '技术']",3
海南科技职业大学,大数据与财务管理,"['大', '数据', '与', '财务管理']",4
内蒙古大学创业学院,新闻学,['新闻学'],1
内蒙古大学创业学院,汉语言文学,"['汉语言', '文学']",2
沧州交通学院,工商管理,['工商管理'],8
沧州交通学院,财务管理,['财务管理'],6
沧州交通学院,物流管理,"['物流', '管理']",4
沧州交通学院,工程管理,"['工程', '管理']",4
沧州交通学院,金融工程,"['金融', '工程']",8
沧州交通学院,计算机科学与技术,"['计算机科学', '与', '技术']",6
沧州交通学院,软件工程,['软件工程'],5
沧州交通学院,数据科学与大数据技术,"['数据', '科学', '与', '大', '数据', '技术']",4
沧州交通学院,轨道交通信号与控制,"['轨道交通', '信号', '与', '控制']",7
沧州交通学院,交通运输,['交通运输'],8
沧州交通学院,自动化,['自动化'],3
沧州交通学院,人工智能,['人工智能'],4
沧州交通学院,电气工程及其自动化,"['电气工程', '及其', '自动化']",4
沧州交通学院,土木工程,['土木工程'],3
沧州交通学院,工程造价,['工程造价'],4
沧州交通学院,车辆工程,"['车辆', '工程']",3
沧州交通学院,能源与动力工程,"['能源', '与', '动力工程']",4
沧州交通学院,英语,['英语'],5
皖江工学院,水利水电工程,"['水利水电', '工程']",3
皖江工学院,港口航道与海岸工程,"['港口', '航道', '与', '海岸', '工程']",3
皖江工学院,土木工程,['土木工程'],3
皖江工学院,地理空间信息工程,"['地理', '空间', '信息工程']",3
皖江工学院,自动化,['自动化'],3
皖江工学院,计算机科学与技术,"['计算机科学', '与', '技术']",5
皖江工学院,人工智能,['人工智能'],5
皖江工学院,财务管理,['财务管理'],2
皖江工学院,工程管理,"['工程', '管理']",3
上海财经大学浙江学院,会计学,['会计学'],2
上海财经大学浙江学院,会计学(注册会计),"['会计学', '(', '注册', '会计', ')']",2
上海财经大学浙江学院,金融学,['金融学'],2
上海财经大学浙江学院,经济统计学,"['经济', '统计学']",2
上海财经大学浙江学院,英语,['英语'],1
上海财经大学浙江学院,商务英语,['商务英语'],1
贵州师范学院,金融科技,"['金融', '科技']",2
贵州师范学院,统计学,['统计学'],3
贵州师范学院,物联网工程,"['物', '联网', '工程']",3
贵州师范学院,电子信息类,"['电子信息', '类']",2
贵州师范学院,农业资源与环境,"['农业', '资源', '与', '环境']",3
贵州师范学院,旅游管理类,"['旅游', '管理', '类']",2
河北东方学院,金融工程,"['金融', '工程']",4
河北东方学院,经济与金融,"['经济', '与', '金融']",4
河北东方学院,国际经济与贸易,"['国际', '经济', '与', '贸易']",4
河北东方学院,英语,['英语'],3
河北东方学院,网络与新媒体,"['网络', '与', '新', '媒体']",2
河北东方学院,文物与博物馆学,"['文物', '与', '博物馆学']",4
河北东方学院,文化遗产,['文化遗产'],2
河北东方学院,电子信息科学与技术,"['电子信息', '科学', '与', '技术']",2
河北东方学院,人工智能,['人工智能'],3
河北东方学院,软件工程,['软件工程'],2
河北东方学院,物联网工程,"['物', '联网', '工程']",2
河北东方学院,数据科学与大数据技术,"['数据', '科学', '与', '大', '数据', '技术']",2
河北东方学院,医学影像技术,"['医学影像', '技术']",3
河北东方学院,护理学,['护理学'],2
河北东方学院,财务管理,['财务管理'],4
河北东方学院,审计学,['审计学'],4
河北东方学院,资产评估,"['资产', '评估']",3
运城职业技术大学,智能采矿技术,"['智能', '采矿', '技术']",2
运城职业技术大学,建筑装饰工程,"['建筑', '装饰', '工程']",4
运城职业技术大学,建筑工程,['建筑工程'],2
运城职业技术大学,机械设计制造及自动化,"['机械设计', '制造', '及', '自动化']",1
运城职业技术大学,智能制造工程技术,"['智能', '制造', '工程技术']",2
运城职业技术大学,物联网工程技术,"['物', '联网', '工程技术']",1
运城职业技术大学,网络工程技术,"['网络', '工程技术']",2
浙江外国语学院,英语(师范类),"['英语', '(', '师范类', ')']",2
浙江外国语学院,英语,['英语'],2
浙江外国语学院,日语,['日语'],2
浙江外国语学院,阿拉伯语,['阿拉伯语'],2
浙江外国语学院,朝鲜语,['朝鲜语'],4
浙江外国语学院,俄语,['俄语'],2
浙江外国语学院,汉语言文学(师范类),"['汉语言', '文学', '(', '师范类', ')']",2
浙江外国语学院,网络与新媒体,"['网络', '与', '新', '媒体']",2
浙江外国语学院,旅游管理(全英教学),"['旅游', '管理', '(', '全英', '教学', ')']",4
浙江外国语学院,旅游管理,"['旅游', '管理']",4
浙江外国语学院,会展经济与管理,"['会展经济', '与', '管理']",2
浙江外国语学院,小学教育(师范类),"['小学', '教育', '(', '师范类', ')']",2
浙江外国语学院,金融工程,"['金融', '工程']",2
浙江外国语学院,计算机科学与技术,"['计算机科学', '与', '技术']",4
浙江外国语学院,电子商务,['电子商务'],2
浙江外国语学院,国际经济与贸易,"['国际', '经济', '与', '贸易']",2
齐鲁师范学院,财务管理,['财务管理'],70
齐鲁师范学院,食品质量与安全,"['食品质量', '与', '安全']",55
齐鲁师范学院,地理科学(师范类),"['地理', '科学', '(', '师范类', ')']",40
齐鲁师范学院,学前教育(师范类),"['学前教育', '(', '师范类', ')']",77
齐鲁师范学院,园林,['园林'],80
齐鲁师范学院,马克思主义理论,"['马克思主义', '理论']",35
齐鲁师范学院,心理学(师范类),"['心理学', '(', '师范类', ')']",40
齐鲁师范学院,电子信息工程,"['电子', '信息工程']",95
齐鲁师范学院,生物科学(师范类),"['生物科学', '(', '师范类', ')']",110
齐鲁师范学院,计算机科学与技术(师范类),"['计算机科学', '与', '技术', '(', '师范类', ')']",43
齐鲁师范学院,旅游管理与服务教育,"['旅游', '管理', '与', '服务', '教育']",75
齐鲁师范学院,化学(师范类),"['化学', '(', '师范类', ')']",70
齐鲁师范学院,思想政治教育(师范类),"['思想', '政治', '教育', '(', '师范类', ')']",75
齐鲁师范学院,天文学,['天文学'],40
齐鲁师范学院,经济与金融,"['经济', '与', '金融']",70
齐鲁师范学院,历史学(师范类),"['历史学', '(', '师范类', ')']",80
齐鲁师范学院,化妆品技术与工程,"['化妆品', '技术', '与', '工程']",75
齐鲁师范学院,中国语言文学类(师范类),"['中国', '语言', '文学类', '(', '师范类', ')']",107
齐鲁师范学院,应急管理,"['应急', '管理']",35
齐鲁师范学院,数学与应用数学(师范类),"['数学', '与', '应用', '数学', '(', '师范类', ')']",104
齐鲁师范学院,物理学(师范类),"['物理学', '(', '师范类', ')']",75
齐鲁师范学院,翻译,['翻译'],60
齐鲁师范学院,小学教育(师范类),"['小学', '教育', '(', '师范类', ')']",76
齐鲁师范学院,物联网工程,"['物', '联网', '工程']",75
齐鲁师范学院,制药工程,"['制药', '工程']",40
齐鲁师范学院,生物信息学,"['生物', '信息学']",40
齐鲁师范学院,英语(师范类),"['英语', '(', '师范类', ')']",105
齐鲁师范学院,网络空间安全,"['网络空间', '安全']",75
齐鲁师范学院,商务英语(校企合作，与山东开创信息有限公司合作),"['商务英语', '(', '校企', '合作', '，', '与', '山东', '开创', '信息', '有限公司', '合作', ')']",40
齐鲁师范学院,数据科学与大数据技术(校企合作，与联想集团有限公司合作),"['数据', '科学', '与', '大', '数据', '技术', '(', '校企', '合作', '，', '与', '联想集团', '有限公司', '合作', ')']",40
齐鲁师范学院,财务管理(校企合作，与山东开创信息有限公司合作),"['财务管理', '(', '校企', '合作', '，', '与', '山东', '开创', '信息', '有限公司', '合作', ')']",40
齐鲁师范学院,人工智能(校企合作，与联想集团有限公司合作),"['人工智能', '(', '校企', '合作', '，', '与', '联想集团', '有限公司', '合作', ')']",80
齐鲁师范学院,金融工程(校企合作，与山东开创集团股份有限公司合作),"['金融', '工程', '(', '校企', '合作', '，', '与', '山东', '开创', '集团股份', '有限公司', '合作', ')']",40
齐鲁师范学院,经济与金融(校企合作，与山东开创集团股份有限公司合作),"['经济', '与', '金融', '(', '校企', '合作', '，', '与', '山东', '开创', '集团股份', '有限公司', '合作', ')']",40
山东青年政治学院,健康服务与管理,"['健康', '服务', '与', '管理']",80
山东青年政治学院,德语,['德语'],40
山东青年政治学院,朝鲜语,['朝鲜语'],40
山东青年政治学院,思想政治教育,"['思想', '政治', '教育']",65
山东青年政治学院,公共事业管理,"['公共事业', '管理']",60
山东青年政治学院,审计学,['审计学'],140
山东青年政治学院,社会工作,['社会工作'],100
山东青年政治学院,西班牙语,['西班牙语'],70
山东青年政治学院,广播电视学,"['广播电视', '学']",20
山东青年政治学院,会计学,['会计学'],60
山东青年政治学院,政治学与行政学,"['政治学', '与', '行政', '学']",100
山东青年政治学院,英语,['英语'],25
山东青年政治学院,阿拉伯语,['阿拉伯语'],35
山东青年政治学院,物业管理,['物业管理'],80
山东青年政治学院,法语,['法语'],33
山东青年政治学院,日语,['日语'],80
山东青年政治学院,酒店管理,"['酒店', '管理']",80
山东青年政治学院,旅游管理,"['旅游', '管理']",80
山东青年政治学院,市场营销,['市场营销'],70
山东青年政治学院,财务管理,['财务管理'],135
山东青年政治学院,资产评估,"['资产', '评估']",65
山东青年政治学院,人力资源管理,"['人力', '资源管理']",60
山东青年政治学院,汉语言文学,"['汉语言', '文学']",30
山东青年政治学院,计算机科学与技术(校企合作，与青岛英谷教育科技公司合作),"['计算机科学', '与', '技术', '(', '校企', '合作', '，', '与', '青岛', '英谷', '教育', '科技', '公司', '合作', ')']",80
山东青年政治学院,广播电视学(校企合作，与山东新视觉数码科技公司合作),"['广播电视', '学', '(', '校企', '合作', '，', '与', '山东', '新', '视觉', '数码科技', '公司', '合作', ')']",80
山东青年政治学院,数据科学与大数据技术(校企合作，与浪潮优派合作),"['数据', '科学', '与', '大', '数据', '技术', '(', '校企', '合作', '，', '与', '浪潮', '优派', '合作', ')']",80
山东青年政治学院,汉语言文学(校企合作，与山东智媒文化产业有限公司合作),"['汉语言', '文学', '(', '校企', '合作', '，', '与', '山东', '智媒', '文化产业', '有限公司', '合作', ')']",160
山东青年政治学院,电子信息工程(校企合作，与青岛英谷教育科技公司合作),"['电子', '信息工程', '(', '校企', '合作', '，', '与', '青岛', '英谷', '教育', '科技', '公司', '合作', ')']",80
山东青年政治学院,人力资源管理(校企合作，与人才有价山东有限公司合作),"['人力', '资源管理', '(', '校企', '合作', '，', '与', '人才', '有价', '山东', '有限公司', '合作', ')']",80
山东青年政治学院,英语(校企合作，与青岛英谷教育科技公司合作),"['英语', '(', '校企', '合作', '，', '与', '青岛', '英谷', '教育', '科技', '公司', '合作', ')']",80
山东青年政治学院,广播电视学(校企合作，与山东智媒文化产业有限公司合作),"['广播电视', '学', '(', '校企', '合作', '，', '与', '山东', '智媒', '文化产业', '有限公司', '合作', ')']",160
青岛电影学院,知识产权,['知识产权'],54
青岛电影学院,网络与新媒体,"['网络', '与', '新', '媒体']",55
青岛电影学院,新闻学,['新闻学'],26
青岛电影学院,广告学,['广告学'],33
郑州升达经贸管理学院,金融学,['金融学'],4
郑州升达经贸管理学院,会计学,['会计学'],4
郑州升达经贸管理学院,工商管理,['工商管理'],4
郑州升达经贸管理学院,电子商务类,"['电子商务', '类']",4
郑州升达经贸管理学院,英语,['英语'],4
郑州升达经贸管理学院,数据科学与大数据技术,"['数据', '科学', '与', '大', '数据', '技术']",2
郑州升达经贸管理学院,法学,['法学'],4
郑州升达经贸管理学院,工程造价,['工程造价'],2
重庆第二师范学院,小学教育(师范类),"['小学', '教育', '(', '师范类', ')']",4
重庆第二师范学院,新闻传播学类,"['新闻', '传播学', '类']",4
重庆第二师范学院,外国语言文学类,"['外国', '语言', '文学类']",4
重庆第二师范学院,数学与应用数学(师范类),"['数学', '与', '应用', '数学', '(', '师范类', ')']",4
重庆第二师范学院,应用化学,['应用化学'],4
重庆第二师范学院,供应链管理,"['供应链', '管理']",4
重庆第二师范学院,计算机科学与技术,"['计算机科学', '与', '技术']",3
重庆第二师范学院,物联网工程,"['物', '联网', '工程']",3
重庆第二师范学院,学前教育(中外合作办学)(师范类),"['学前教育', '(', '中外合作', '办学', ')', '(', '师范类', ')']",4
重庆第二师范学院,食品质量与安全(中外合作办学),"['食品质量', '与', '安全', '(', '中外合作', '办学', ')']",5
成都师范学院,贸易经济,"['贸易', '经济']",5
成都师范学院,英语(师范类),"['英语', '(', '师范类', ')']",5
成都师范学院,化学(师范类),"['化学', '(', '师范类', ')']",5
成都师范学院,汽车服务工程,"['汽车', '服务', '工程']",5
陕西学前师范学院,生物科学(师范类),"['生物科学', '(', '师范类', ')']",2
陕西学前师范学院,食品科学与工程,"['食品科学', '与', '工程']",2
陕西学前师范学院,小学教育(师范类),"['小学', '教育', '(', '师范类', ')']",4
陕西学前师范学院,文化产业管理,"['文化产业', '管理']",2
陕西学前师范学院,应用统计学,"['应用', '统计学']",2
陕西学前师范学院,化学(师范类),"['化学', '(', '师范类', ')']",2
陕西学前师范学院,应用化学,['应用化学'],2
四川电影电视学院,文化产业管理,"['文化产业', '管理']",5
四川电影电视学院,艺术教育,"['艺术', '教育']",10
中国科学院大学,环境科学,"['环境', '科学']",1
中国科学院大学,数学与应用数学,"['数学', '与', '应用', '数学']",2
中国科学院大学,物理学,['物理学'],4
中国科学院大学,化学,['化学'],3
中国科学院大学,天文学,['天文学'],1
中国科学院大学,生物科学,['生物科学'],3
中国科学院大学,理论与应用力学,"['理论', '与', '应用力学']",1
中国科学院大学,材料科学与工程,"['材料科学', '与', '工程']",2
中国科学院大学,电气工程及其自动化,"['电气工程', '及其', '自动化']",1
中国科学院大学,电子信息工程,"['电子', '信息工程']",2
中国科学院大学,人工智能,['人工智能'],1
中国科学院大学,计算机科学与技术,"['计算机科学', '与', '技术']",3
中国科学院大学,网络空间安全,"['网络空间', '安全']",1
河北中医学院,中医学(5+3一体化),"['中医学', '(', '5', '+', '3', '一体化', ')']",4
河北中医学院,中医学,['中医学'],2
河北中医学院,中医骨伤科学,"['中医', '骨伤', '科学']",2
河北中医学院,中西医临床医学,"['中西医', '临床医学']",3
河北中医学院,中药学,['中药学'],3
河北中医学院,中药资源与开发,"['中药', '资源', '与', '开发']",2
河北中医学院,中药制药,"['中药', '制药']",3
河北中医学院,医学检验技术,"['医学', '检验', '技术']",3
河北中医学院,医学影像技术,"['医学影像', '技术']",3
河北中医学院,口腔医学技术,"['口腔医学', '技术']",3
河北中医学院,生物工程,['生物工程'],3
河北中医学院,护理学,['护理学'],2
河北中医学院,助产学,"['助产', '学']",2
山西传媒学院,广告学,['广告学'],5
山西传媒学院,影视摄影与制作,"['影视', '摄影', '与', '制作']",3
山西传媒学院,广播电视学,"['广播电视', '学']",3
山西传媒学院,文化产业管理,"['文化产业', '管理']",6
山西传媒学院,广播电视工程,"['广播电视', '工程']",5
山西传媒学院,数字媒体技术,"['数字', '媒体', '技术']",5
山西传媒学院,网络与新媒体,"['网络', '与', '新', '媒体']",3
山西传媒学院,新闻学,['新闻学'],3
山西传媒学院,戏剧影视文学,"['戏剧', '影视', '文学']",5
山西传媒学院,数字出版,"['数字', '出版']",3
营口理工学院,金融工程,"['金融', '工程']",2
营口理工学院,应用化学,['应用化学'],2
营口理工学院,机械设计制造及其自动化,"['机械设计', '制造', '及其', '自动化']",3
营口理工学院,材料科学与工程,"['材料科学', '与', '工程']",2
营口理工学院,无机非金属材料工程,"['无机', '非金属材料', '工程']",2
营口理工学院,新能源科学与工程,"['新', '能源科学', '与', '工程']",2
营口理工学院,电气工程及其自动化,"['电气工程', '及其', '自动化']",3
营口理工学院,自动化,['自动化'],3
营口理工学院,化学工程与工艺,"['化学工程', '与', '工艺']",2
营口理工学院,环境科学与工程,"['环境', '科学', '与', '工程']",2
营口理工学院,物流管理,"['物流', '管理']",2
江苏第二师范学院,生物科学(师范类),"['生物科学', '(', '师范类', ')']",5
江苏第二师范学院,汉语言文学(师范类),"['汉语言', '文学', '(', '师范类', ')']",5
江苏第二师范学院,英语(师范类),"['英语', '(', '师范类', ')']",5
江苏第二师范学院,应用统计学,"['应用', '统计学']",5
江苏第二师范学院,应用化学,['应用化学'],5
江苏第二师范学院,商务英语,['商务英语'],5
江苏第二师范学院,物联网工程,"['物', '联网', '工程']",5
南昌师范学院,学前教育(师范类),"['学前教育', '(', '师范类', ')']",1
南昌师范学院,小学教育(师范类),"['小学', '教育', '(', '师范类', ')']",2
南昌师范学院,旅游管理,"['旅游', '管理']",2
南昌师范学院,电子商务,['电子商务'],1
南昌师范学院,会展经济与管理,"['会展经济', '与', '管理']",2
南昌师范学院,汉语言文学(师范类),"['汉语言', '文学', '(', '师范类', ')']",1
南昌师范学院,秘书学,['秘书学'],2
南昌师范学院,英语(师范类),"['英语', '(', '师范类', ')']",2
南昌师范学院,商务英语,['商务英语'],1
南昌师范学院,思想政治教育(师范类),"['思想', '政治', '教育', '(', '师范类', ')']",1
南昌师范学院,数学与应用数学(师范类),"['数学', '与', '应用', '数学', '(', '师范类', ')']",2
南昌师范学院,计算机科学与技术(师范类),"['计算机科学', '与', '技术', '(', '师范类', ')']",1
南昌师范学院,统计学,['统计学'],1
南昌师范学院,物理学(师范类),"['物理学', '(', '师范类', ')']",1
南昌师范学院,电子信息工程,"['电子', '信息工程']",2
南昌师范学院,化学(师范类),"['化学', '(', '师范类', ')']",1
南昌师范学院,生物科学(师范类),"['生物科学', '(', '师范类', ')']",2
南昌师范学院,科学教育(师范类),"['科学', '教育', '(', '师范类', ')']",1
山东管理学院,安全工程,['安全工程'],61
山东管理学院,社会工作,['社会工作'],62
山东管理学院,文化产业管理,"['文化产业', '管理']",64
山东管理学院,大数据管理与应用,"['大', '数据管理', '与', '应用']",66
山东管理学院,金融工程,"['金融', '工程']",73
山东管理学院,财务管理,['财务管理'],66
山东管理学院,审计学,['审计学'],104
山东管理学院,商务英语,['商务英语'],62
山东管理学院,劳动关系,"['劳动', '关系']",72
山东管理学院,公共关系学,"['公共关系', '学']",57
山东管理学院,电子信息工程,"['电子', '信息工程']",67
山东管理学院,软件工程,['软件工程'],75
山东管理学院,物流管理,"['物流', '管理']",72
山东管理学院,网络与新媒体,"['网络', '与', '新', '媒体']",59
山东管理学院,机器人工程,"['机器人', '工程']",93
山东管理学院,国际经济与贸易,"['国际', '经济', '与', '贸易']",30
山东管理学院,人力资源管理,"['人力', '资源管理']",74
山东管理学院,资产评估,"['资产', '评估']",72
山东管理学院,计算机科学与技术,"['计算机科学', '与', '技术']",76
山东管理学院,秘书学,['秘书学'],57
山东管理学院,工商管理,['工商管理'],70
山东管理学院,电子商务,['电子商务'],32
山东管理学院,经济学,['经济学'],71
山东管理学院,会计学,['会计学'],90
山东管理学院,投资学(校企合作，与山东中启创优科技股份公司合作),"['投资', '学', '(', '校企', '合作', '，', '与', '山东', '中启', '创优', '科技', '股份公司', '合作', ')']",100
山东管理学院,信息管理与信息系统(校企合作，与山东贝森医疗信息咨询公司合作),"['信息管理', '与', '信息系统', '(', '校企', '合作', '，', '与', '山东', '贝森', '医疗', '信息', '咨询', '公司', '合作', ')']",80
山东管理学院,市场营销(校企合作，与淄博开创云计算有限公司合作),"['市场营销', '(', '校企', '合作', '，', '与', '淄博', '开创', '云', '计算', '有限公司', '合作', ')']",80
山东管理学院,财务管理(校企合作，与济南达森互联网科技公司合作),"['财务管理', '(', '校企', '合作', '，', '与', '济南', '达森', '互联网', '科技', '公司', '合作', ')']",80
山东农业工程学院,遥感科学与技术,"['遥感', '科学', '与', '技术']",70
山东农业工程学院,环境生态工程,"['环境', '生态', '工程']",133
山东农业工程学院,农林经济管理,"['农林', '经济', '管理']",47
山东农业工程学院,食品质量与安全,"['食品质量', '与', '安全']",90
山东农业工程学院,审计学,['审计学'],66
山东农业工程学院,机械工程,['机械工程'],70
山东农业工程学院,中药资源与开发,"['中药', '资源', '与', '开发']",70
山东农业工程学院,财务管理,['财务管理'],86
山东农业工程学院,土地资源管理,"['土地', '资源管理']",70
山东农业工程学院,商务英语,['商务英语'],86
山东农业工程学院,秘书学,['秘书学'],86
山东农业工程学院,测绘工程,"['测绘', '工程']",70
山东农业工程学院,人工智能,['人工智能'],70
山东农业工程学院,园艺,['园艺'],70
山东农业工程学院,设施农业科学与工程,"['设施', '农业', '科学', '与', '工程']",70
山东农业工程学院,资源循环科学与工程,"['资源', '循环', '科学', '与', '工程']",130
山东农业工程学院,金融工程,"['金融', '工程']",66
山东农业工程学院,食品科学与工程,"['食品科学', '与', '工程']",90
山东农业工程学院,信息安全,['信息安全'],70
山东农业工程学院,物流工程,"['物流', '工程']",70
山东农业工程学院,机械电子工程,"['机械', '电子', '工程']",70
山东农业工程学院,工程造价,['工程造价'],70
山东农业工程学院,森林保护,['森林保护'],70
山东农业工程学院,动物医学(校企合作，与山东和康源生物育种有限公司合作),"['动物', '医学', '(', '校企', '合作', '，', '与', '山东', '和', '康源', '生物', '育种', '有限公司', '合作', ')']",80
山东农业工程学院,电气工程及其自动化(校企合作，与鼎利卓远教育科技有限公司合作),"['电气工程', '及其', '自动化', '(', '校企', '合作', '，', '与', '鼎利卓远', '教育', '科技', '有限公司', '合作', ')']",80
山东农业工程学院,风景园林(校企合作，与山东兴润园林生态股份有限公司合作),"['风景园林', '(', '校企', '合作', '，', '与', '山东', '兴润', '园林', '生态', '股份', '有限公司', '合作', ')']",80
山东农业工程学院,物联网工程(校企合作，与济南博赛网络技术有限公司合作),"['物', '联网', '工程', '(', '校企', '合作', '，', '与', '济南', '博赛', '网络', '技术', '有限公司', '合作', ')']",80
贵州理工学院,英语,['英语'],4
贵州理工学院,机械设计制造及其自动化,"['机械设计', '制造', '及其', '自动化']",4
贵州理工学院,材料类,"['材料', '类']",4
贵州理工学院,计算机类,"['计算机', '类']",6
贵州理工学院,化学工程与工艺,"['化学工程', '与', '工艺']",2
贵州理工学院,地质工程,"['地质', '工程']",2
贵州理工学院,资源勘查工程,"['资源', '勘查', '工程']",2
贵州理工学院,采矿工程,['采矿工程'],2
贵州理工学院,安全工程,['安全工程'],2
贵州理工学院,电气工程及其自动化(中外合作办学),"['电气工程', '及其', '自动化', '(', '中外合作', '办学', ')']",6
张家口学院,学前教育(师范类),"['学前教育', '(', '师范类', ')']",1
张家口学院,小学教育(师范类),"['小学', '教育', '(', '师范类', ')']",1
张家口学院,金融工程,"['金融', '工程']",2
张家口学院,财务管理,['财务管理'],1
张家口学院,护理学,['护理学'],1
张家口学院,医学影像技术,"['医学影像', '技术']",2
张家口学院,思想政治教育(师范类),"['思想', '政治', '教育', '(', '师范类', ')']",1
张家口学院,汉语言文学(师范类),"['汉语言', '文学', '(', '师范类', ')']",1
山西工程技术学院,材料成型及控制工程,"['材料', '成型', '及', '控制工程']",1
山西工程技术学院,材料科学与工程,"['材料科学', '与', '工程']",1
山西工程技术学院,计算机科学与技术,"['计算机科学', '与', '技术']",2
山西工程技术学院,数据科学与大数据技术,"['数据', '科学', '与', '大', '数据', '技术']",2
山西工程技术学院,物联网工程,"['物', '联网', '工程']",1
山西工程技术学院,智能科学与技术,"['智能科学', '与', '技术']",1
山西工程技术学院,测绘工程,"['测绘', '工程']",2
山西工程技术学院,地理信息科学,"['地理信息', '科学']",1
山西工程技术学院,地质工程,"['地质', '工程']",2
山西工程技术学院,勘查技术与工程,"['勘查', '技术', '与', '工程']",2
山西工程技术学院,遥感科学与技术,"['遥感', '科学', '与', '技术']",1
山西工程技术学院,电气工程及其自动化,"['电气工程', '及其', '自动化']",1
山西工程技术学院,自动化,['自动化'],1
山西工程技术学院,工程管理,"['工程', '管理']",2
山西工程技术学院,工程造价,['工程造价'],2
山西工程技术学院,机械电子工程,"['机械', '电子', '工程']",2
山西工程技术学院,机械工程,['机械工程'],2
山西工程技术学院,机械设计制造及其自动化,"['机械设计', '制造', '及其', '自动化']",1
山西工程技术学院,智能制造工程,"['智能', '制造', '工程']",1
山西工程技术学院,土木工程,['土木工程'],2
内蒙古艺术学院,戏剧影视文学,"['戏剧', '影视', '文学']",2
内蒙古艺术学院,文化产业管理,"['文化产业', '管理']",6
内蒙古艺术学院,艺术史论,"['艺术', '史论']",4
中国社会科学院大学,马克思主义理论,"['马克思主义', '理论']",2
中国社会科学院大学,汉语言文学,"['汉语言', '文学']",2
中国社会科学院大学,哲学,['哲学'],3
中国社会科学院大学,历史学,['历史学'],4
中国社会科学院大学,经济学,['经济学'],2
中国社会科学院大学,国际经济与贸易,"['国际', '经济', '与', '贸易']",2
中国社会科学院大学,法学,['法学'],3
中国社会科学院大学,社会学,['社会学'],3
中国社会科学院大学,法语,['法语'],2
中国社会科学院大学,国际事务与国际关系,"['国际事务', '与', '国际', '关系']",2
中国社会科学院大学,政治学与行政学,"['政治学', '与', '行政', '学']",4
中国社会科学院大学,新闻传播学类,"['新闻', '传播学', '类']",3
滇西应用技术大学,跨境电子商务,"['跨境', '电子商务']",2
滇西应用技术大学,健康服务与管理,"['健康', '服务', '与', '管理']",2
滇西应用技术大学,护理学,['护理学'],2
滇西应用技术大学,地理空间信息工程,"['地理', '空间', '信息工程']",2
滇西应用技术大学,土木工程,['土木工程'],2
滇西应用技术大学,计算机科学与技术,"['计算机科学', '与', '技术']",2
滇西应用技术大学,测绘工程,"['测绘', '工程']",2
滇西应用技术大学,城乡规划,['城乡规划'],2
茅台学院,白酒酿造工程,"['白酒', '酿造', '工程']",2
茅台学院,酿酒工程,"['酿酒', '工程']",2
茅台学院,葡萄与葡萄酒工程,"['葡萄', '与', '葡萄酒', '工程']",2
茅台学院,食品科学与工程,"['食品科学', '与', '工程']",2
茅台学院,食品质量与安全,"['食品质量', '与', '安全']",2
茅台学院,资源循环科学与工程,"['资源', '循环', '科学', '与', '工程']",2
茅台学院,环境科学与工程,"['环境', '科学', '与', '工程']",2
茅台学院,种子科学与工程,"['种子', '科学', '与', '工程']",2
茅台学院,市场营销,['市场营销'],2
茅台学院,电子商务,['电子商务'],2
茅台学院,物流管理,"['物流', '管理']",2
茅台学院,自动化,['自动化'],2
茅台学院,包装工程,"['包装', '工程']",2
郑州西亚斯学院,金融学,['金融学'],10
郑州西亚斯学院,新闻学,['新闻学'],5
郑州西亚斯学院,工商管理,['工商管理'],10
郑州西亚斯学院,国际经济与贸易(中外合作办学),"['国际', '经济', '与', '贸易', '(', '中外合作', '办学', ')']",13
郑州西亚斯学院,英语(中外合作办学),"['英语', '(', '中外合作', '办学', ')']",12
深圳技术大学,机械设计制造及其自动化,"['机械设计', '制造', '及其', '自动化']",3
深圳技术大学,自动化,['自动化'],2
深圳技术大学,物联网工程,"['物', '联网', '工程']",3
深圳技术大学,光源与照明,"['光源', '与', '照明']",4
深圳技术大学,新能源科学与工程,"['新', '能源科学', '与', '工程']",3
深圳技术大学,集成电路设计与集成系统,"['集成电路', '设计', '与', '集成系统']",2
深圳技术大学,交通运输,['交通运输'],2
深圳技术大学,汽车服务工程,"['汽车', '服务', '工程']",4
深圳技术大学,车辆工程,"['车辆', '工程']",2
深圳技术大学,生物医学工程,"['生物医学', '工程']",4
深圳技术大学,应用物理学,"['应用', '物理学']",2
深圳技术大学,药学,['药学'],4
深圳技术大学,工业设计,"['工业', '设计']",3
深圳技术大学,国际商务,"['国际', '商务']",4
深圳技术大学,财务管理,['财务管理'],2
深圳技术大学,德语,['德语'],4
深圳技术大学,商务英语,['商务英语'],4
安徽艺术学院,新闻学,['新闻学'],5
山西工程科技职业大学,建筑环境与能源工程,"['建筑', '环境', '与', '能源', '工程']",4
山西工程科技职业大学,测绘工程技术,"['测绘', '工程技术']",6
山西工程科技职业大学,法律,['法律'],5
河北石油职业技术大学,机械设计制造及自动化,"['机械设计', '制造', '及', '自动化']",4
河北石油职业技术大学,工业设计,"['工业', '设计']",4
河北石油职业技术大学,电气工程及自动化,"['电气工程', '及', '自动化']",4
河北石油职业技术大学,电子信息工程技术,"['电子', '信息工程', '技术']",4
河北石油职业技术大学,建筑环境与能源工程,"['建筑', '环境', '与', '能源', '工程']",4
河北石油职业技术大学,应用化工技术,"['应用', '化工', '技术']",4
河北石油职业技术大学,现代精细化工技术,"['现代', '精细化工', '技术']",4
河北石油职业技术大学,生态环境工程技术,"['生态环境', '工程技术']",4
河北石油职业技术大学,网络工程技术,"['网络', '工程技术']",4
河北石油职业技术大学,软件工程技术,"['软件工程', '技术']",4
河北石油职业技术大学,汽车工程技术,"['汽车', '工程技术']",4
河北石油职业技术大学,新能源汽车工程技术,"['新能源', '汽车', '工程技术']",4
河北石油职业技术大学,石油工程技术,"['石油', '工程技术']",6
河北石油职业技术大学,建设工程管理,"['建设工程', '管理']",8
河北石油职业技术大学,大数据与会计,"['大', '数据', '与', '会计']",4
河北石油职业技术大学,市场营销,['市场营销'],4
河北石油职业技术大学,酒店管理,"['酒店', '管理']",4
河北科技工程职业技术大学,电气工程及自动化,"['电气工程', '及', '自动化']",3
河北科技工程职业技术大学,机器人技术,"['机器人', '技术']",3
河北科技工程职业技术大学,服装工程技术,"['服装', '工程技术']",3
河北科技工程职业技术大学,机械设计制造及自动化,"['机械设计', '制造', '及', '自动化']",3
河北科技工程职业技术大学,机械电子工程技术,"['机械', '电子', '工程技术']",3
河北科技工程职业技术大学,建筑工程,['建筑工程'],3
河北科技工程职业技术大学,汽车工程技术,"['汽车', '工程技术']",3
河北科技工程职业技术大学,新能源汽车工程技术,"['新能源', '汽车', '工程技术']",3
河北科技工程职业技术大学,汽车服务工程技术,"['汽车', '服务', '工程技术']",3
河北科技工程职业技术大学,网络工程技术,"['网络', '工程技术']",3
河北科技工程职业技术大学,软件工程技术,"['软件工程', '技术']",2
河北科技工程职业技术大学,生态环境工程技术,"['生态环境', '工程技术']",2
河北工业职业技术大学,钢铁智能冶金技术,"['钢铁', '智能', '冶金', '技术']",4
河北工业职业技术大学,生态环境工程技术,"['生态环境', '工程技术']",4
河北工业职业技术大学,机械设计制造及自动化,"['机械设计', '制造', '及', '自动化']",4
河北工业职业技术大学,自动化技术与应用,"['自动化', '技术', '与', '应用']",4
河北工业职业技术大学,电子信息工程技术,"['电子', '信息工程', '技术']",4
贵阳康养职业大学,康复治疗,"['康复', '治疗']",2
贵阳康养职业大学,儿童康复治疗,"['儿童', '康复', '治疗']",1
贵阳康养职业大学,公共卫生管理,"['公共卫生', '管理']",1
贵阳康养职业大学,现代家政管理,"['现代', '家政', '管理']",2
兰州资源环境职业技术大学,智慧气象技术,"['智慧', '气象', '技术']",5
兰州资源环境职业技术大学,储能材料工程技术,"['储能', '材料', '工程技术']",5
兰州资源环境职业技术大学,现代精细化工技术,"['现代', '精细化工', '技术']",5
兰州资源环境职业技术大学,跨境电子商务,"['跨境', '电子商务']",5
兰州石化职业技术大学,应用化工技术(石油化工技术),"['应用', '化工', '技术', '(', '石油化工', '技术', ')']",2
兰州石化职业技术大学,化工智能制造工程技术,"['化工', '智能', '制造', '工程技术']",2
兰州石化职业技术大学,煤炭清洁利用工程,"['煤炭', '清洁', '利用', '工程']",2
兰州石化职业技术大学,安全工程技术,"['安全', '工程技术']",2
兰州石化职业技术大学,油气储运工程,"['油气', '储运', '工程']",2
兰州石化职业技术大学,电气工程及自动化,"['电气工程', '及', '自动化']",2
兰州石化职业技术大学,电子商务,['电子商务'],2
兰州石化职业技术大学,测绘工程技术,"['测绘', '工程技术']",2
兰州石化职业技术大学,现代分析测试技术,"['现代', '分析测试', '技术']",2
兰州石化职业技术大学,现代测控工程技术,"['现代', '测控', '工程技术']",2
宁波诺丁汉大学,国际商务(中外合作办学),"['国际', '商务', '(', '中外合作', '办学', ')']",12
宁波诺丁汉大学,财务管理(中外合作办学),"['财务管理', '(', '中外合作', '办学', ')']",13
宁波诺丁汉大学,国际事务与国际关系(中外合作办学),"['国际事务', '与', '国际', '关系', '(', '中外合作', '办学', ')']",5
宁波诺丁汉大学,传播学(中外合作办学),"['传播学', '(', '中外合作', '办学', ')']",10
宁波诺丁汉大学,英语(中外合作办学),"['英语', '(', '中外合作', '办学', ')']",4
宁波诺丁汉大学,英语(中外合作办学)(2加2),"['英语', '(', '中外合作', '办学', ')', '(', '2', '加', '2', ')']",3
宁波诺丁汉大学,计算机科学与技术(中外合作办学),"['计算机科学', '与', '技术', '(', '中外合作', '办学', ')']",9
宁波诺丁汉大学,计算机科学与技术(中外合作办学)(2加2),"['计算机科学', '与', '技术', '(', '中外合作', '办学', ')', '(', '2', '加', '2', ')']",5
宁波诺丁汉大学,数学与应用数学(中外合作办学),"['数学', '与', '应用', '数学', '(', '中外合作', '办学', ')']",6
宁波诺丁汉大学,数学与应用数学(中外合作办学)(2加2),"['数学', '与', '应用', '数学', '(', '中外合作', '办学', ')', '(', '2', '加', '2', ')']",3
宁波诺丁汉大学,化学(中外合作办学)(2加2),"['化学', '(', '中外合作', '办学', ')', '(', '2', '加', '2', ')']",1
宁波诺丁汉大学,环境科学(中外合作办学)(2加2),"['环境', '科学', '(', '中外合作', '办学', ')', '(', '2', '加', '2', ')']",2
宁波诺丁汉大学,统计学(中外合作办学)(2加2),"['统计学', '(', '中外合作', '办学', ')', '(', '2', '加', '2', ')']",4
宁波诺丁汉大学,建筑学(中外合作办学),"['建筑学', '(', '中外合作', '办学', ')']",3
宁波诺丁汉大学,电气类(中外合作办学),"['电气', '类', '(', '中外合作', '办学', ')']",13
宁波诺丁汉大学,电气类(中外合作办学)(2加2),"['电气', '类', '(', '中外合作', '办学', ')', '(', '2', '加', '2', ')']",7
宁波诺丁汉大学,化工与制药类(中外合作办学),"['化工', '与', '制药', '类', '(', '中外合作', '办学', ')']",2
宁波诺丁汉大学,化工与制药类(中外合作办学)(2加2),"['化工', '与', '制药', '类', '(', '中外合作', '办学', ')', '(', '2', '加', '2', ')']",2
宁波诺丁汉大学,经济学类(中外合作办学),"['经济学', '类', '(', '中外合作', '办学', ')']",16
西交利物浦大学,数学类(中外合作办学),"['数学', '类', '(', '中外合作', '办学', ')']",13
西交利物浦大学,电子信息类(中外合作办学),"['电子信息', '类', '(', '中外合作', '办学', ')']",37
西交利物浦大学,生物科学类(中外合作办学),"['生物科学', '类', '(', '中外合作', '办学', ')']",9
西交利物浦大学,化学类(中外合作办学),"['化学', '类', '(', '中外合作', '办学', ')']",2
西交利物浦大学,工商管理类(中外合作办学),"['工商管理', '类', '(', '中外合作', '办学', ')']",19
西交利物浦大学,金融学类(中外合作办学),"['金融学', '类', '(', '中外合作', '办学', ')']",31
西交利物浦大学,建筑类(中外合作办学),"['建筑', '类', '(', '中外合作', '办学', ')']",13
西交利物浦大学,土木类(中外合作办学),"['土木', '类', '(', '中外合作', '办学', ')']",2
西交利物浦大学,外国语言文学类(中外合作办学),"['外国', '语言', '文学类', '(', '中外合作', '办学', ')']",10
北京师范大学-香港浸会大学联合国际学院,工商管理类(中外合作办学),"['工商管理', '类', '(', '中外合作', '办学', ')']",10
北京师范大学-香港浸会大学联合国际学院,新闻传播学类(中外合作办学),"['新闻', '传播学', '类', '(', '中外合作', '办学', ')']",16
北京师范大学-香港浸会大学联合国际学院,外国语言文学类(中外合作办学),"['外国', '语言', '文学类', '(', '中外合作', '办学', ')']",6
北京师范大学-香港浸会大学联合国际学院,计算机类(中外合作办学),"['计算机', '类', '(', '中外合作', '办学', ')']",10
北京师范大学-香港浸会大学联合国际学院,会计学(中外合作办学),"['会计学', '(', '中外合作', '办学', ')']",14
北京师范大学-香港浸会大学联合国际学院,经济学(中外合作办学),"['经济学', '(', '中外合作', '办学', ')']",6
北京师范大学-香港浸会大学联合国际学院,应用心理学(中外合作办学),"['应用', '心理学', '(', '中外合作', '办学', ')']",5
北京师范大学-香港浸会大学联合国际学院,食品科学与工程(中外合作办学),"['食品科学', '与', '工程', '(', '中外合作', '办学', ')']",2
北京师范大学-香港浸会大学联合国际学院,环境科学(中外合作办学),"['环境', '科学', '(', '中外合作', '办学', ')']",2
北京师范大学-香港浸会大学联合国际学院,统计学(中外合作办学),"['统计学', '(', '中外合作', '办学', ')']",2
北京师范大学-香港浸会大学联合国际学院,金融数学(中外合作办学),"['金融', '数学', '(', '中外合作', '办学', ')']",3
北京师范大学-香港浸会大学联合国际学院,数学与应用数学(中外合作办学),"['数学', '与', '应用', '数学', '(', '中外合作', '办学', ')']",2
北京师范大学-香港浸会大学联合国际学院,人工智能(中外合作办学),"['人工智能', '(', '中外合作', '办学', ')']",2
温州肯恩大学,金融学(中外合作办学)(国际金融方向),"['金融学', '(', '中外合作', '办学', ')', '(', '国际金融', '方向', ')']",5
温州肯恩大学,国际商务(中外合作办学),"['国际', '商务', '(', '中外合作', '办学', ')']",4
温州肯恩大学,会计学(中外合作办学)(国际会计方向),"['会计学', '(', '中外合作', '办学', ')', '(', '国际会计', '方向', ')']",5
温州肯恩大学,市场营销(中外合作办学)(国际方向),"['市场营销', '(', '中外合作', '办学', ')', '(', '国际', '方向', ')']",4
温州肯恩大学,英语(中外合作办学),"['英语', '(', '中外合作', '办学', ')']",6
温州肯恩大学,心理学(中外合作办学),"['心理学', '(', '中外合作', '办学', ')']",4
温州肯恩大学,传播学(中外合作办学),"['传播学', '(', '中外合作', '办学', ')']",3
温州肯恩大学,生物科学(中外合作办学)(细胞与分子方向),"['生物科学', '(', '中外合作', '办学', ')', '(', '细胞', '与', '分子', '方向', ')']",4
温州肯恩大学,建筑学(中外合作办学),"['建筑学', '(', '中外合作', '办学', ')']",3
温州肯恩大学,数学与应用数学(中外合作办学)(数据分析方向),"['数学', '与', '应用', '数学', '(', '中外合作', '办学', ')', '(', '数据分析', '方向', ')']",3
温州肯恩大学,计算机科学与技术(中外合作办学),"['计算机科学', '与', '技术', '(', '中外合作', '办学', ')']",7
温州肯恩大学,环境科学(中外合作办学),"['环境', '科学', '(', '中外合作', '办学', ')']",2
深圳北理莫斯科大学,国际经济与贸易(中外合作办学),"['国际', '经济', '与', '贸易', '(', '中外合作', '办学', ')']",5
深圳北理莫斯科大学,数学与应用数学(中外合作办学),"['数学', '与', '应用', '数学', '(', '中外合作', '办学', ')']",3
深圳北理莫斯科大学,生物科学(中外合作办学),"['生物科学', '(', '中外合作', '办学', ')']",2
深圳北理莫斯科大学,材料科学与工程(中外合作办学),"['材料科学', '与', '工程', '(', '中外合作', '办学', ')']",3
深圳北理莫斯科大学,电子与计算机工程(中外合作办学),"['电子', '与', '计算机', '工程', '(', '中外合作', '办学', ')']",9
广东以色列理工学院,数学与应用数学(中外合作办学),"['数学', '与', '应用', '数学', '(', '中外合作', '办学', ')']",3
广东以色列理工学院,生物技术(中外合作办学),"['生物', '技术', '(', '中外合作', '办学', ')']",5
广东以色列理工学院,机械工程(中外合作办学),"['机械工程', '(', '中外合作', '办学', ')']",8
广东以色列理工学院,材料科学与工程(中外合作办学),"['材料科学', '与', '工程', '(', '中外合作', '办学', ')']",6
广东以色列理工学院,化学工程与工艺(中外合作办学),"['化学工程', '与', '工艺', '(', '中外合作', '办学', ')']",3
内蒙古科技大学包头师范学院,法学,['法学'],1
内蒙古科技大学包头师范学院,政治学与行政学,"['政治学', '与', '行政', '学']",2
内蒙古科技大学包头师范学院,思想政治教育(师范类),"['思想', '政治', '教育', '(', '师范类', ')']",1
内蒙古科技大学包头师范学院,小学教育(师范类，语文),"['小学', '教育', '(', '师范类', '，', '语文', ')']",2
内蒙古科技大学包头师范学院,汉语言文学(师范类),"['汉语言', '文学', '(', '师范类', ')']",2
内蒙古科技大学包头师范学院,历史学(师范类),"['历史学', '(', '师范类', ')']",2
内蒙古科技大学包头师范学院,人力资源管理,"['人力', '资源管理']",2
内蒙古科技大学包头师范学院,图书馆学,['图书馆学'],2
内蒙古科技大学包头师范学院,电子信息科学与技术,"['电子信息', '科学', '与', '技术']",2
内蒙古科技大学包头师范学院,新闻学,['新闻学'],1
内蒙古科技大学包头师范学院,数学与应用数学(师范类),"['数学', '与', '应用', '数学', '(', '师范类', ')']",1
内蒙古科技大学包头师范学院,物理学(师范类),"['物理学', '(', '师范类', ')']",1
内蒙古科技大学包头师范学院,化学(师范类),"['化学', '(', '师范类', ')']",2
内蒙古科技大学包头师范学院,地理科学(师范类),"['地理', '科学', '(', '师范类', ')']",1
内蒙古科技大学包头师范学院,生物科学(师范类),"['生物科学', '(', '师范类', ')']",2
内蒙古科技大学包头师范学院,应用心理学(师范类),"['应用', '心理学', '(', '师范类', ')']",2
内蒙古科技大学包头师范学院,公共事业管理,"['公共事业', '管理']",2
内蒙古科技大学包头师范学院,金融学,['金融学'],2
内蒙古科技大学包头师范学院,英语(师范类),"['英语', '(', '师范类', ')']",2
北京大学医学部,临床医学,['临床医学'],8
北京大学医学部,临床医学,['临床医学'],2
北京大学医学部,口腔医学,['口腔医学'],1
北京大学医学部,口腔医学,['口腔医学'],1
北京大学医学部,预防医学,"['预防', '医学']",3
北京大学医学部,药学,['药学'],5
北京大学医学部,英语(医学英语),"['英语', '(', '医学', '英语', ')']",5
北京大学医学部,基础医学,['基础医学'],1
中国人民大学(苏州校区),法语(中外合作办学),"['法语', '(', '中外合作', '办学', ')']",1
中国人民大学(苏州校区),国民经济管理(中外合作办学),"['国民经济', '管理', '(', '中外合作', '办学', ')']",2
中国人民大学(苏州校区),金融学(中外合作办学),"['金融学', '(', '中外合作', '办学', ')']",7
中国人民大学(苏州校区),数学与应用数学(中外合作办学),"['数学', '与', '应用', '数学', '(', '中外合作', '办学', ')']",2
中国人民大学(苏州校区),传播学(中外合作办学)(国际新闻传播方向),"['传播学', '(', '中外合作', '办学', ')', '(', '国际', '新闻', '传播', '方向', ')']",1
北京交通大学(威海校区),信息管理与信息系统(中外合作办学),"['信息管理', '与', '信息系统', '(', '中外合作', '办学', ')']",12
北京交通大学(威海校区),通信工程(中外合作办学),"['通信工程', '(', '中外合作', '办学', ')']",8
北京交通大学(威海校区),计算机科学与技术(中外合作办学),"['计算机科学', '与', '技术', '(', '中外合作', '办学', ')']",12
北京交通大学(威海校区),环境工程(中外合作办学),"['环境工程', '(', '中外合作', '办学', ')']",9
北京交通大学(威海校区),会计学(中外合作办学),"['会计学', '(', '中外合作', '办学', ')']",9
北京交通大学(威海校区),工商管理(中外合作办学),"['工商管理', '(', '中外合作', '办学', ')']",9
北京邮电大学(宏福校区),电信工程及管理(中外合作办学),"['电信', '工程', '及', '管理', '(', '中外合作', '办学', ')']",15
北京邮电大学(宏福校区),物联网工程(中外合作办学),"['物', '联网', '工程', '(', '中外合作', '办学', ')']",8
北京邮电大学(宏福校区),电子信息工程(中外合作办学),"['电子', '信息工程', '(', '中外合作', '办学', ')']",3
北京邮电大学(宏福校区),智能科学与技术(中外合作办学),"['智能科学', '与', '技术', '(', '中外合作', '办学', ')']",4
北京邮电大学(宏福校区),信息与计算科学(中外合作办学),"['信息', '与', '计算', '科学', '(', '中外合作', '办学', ')']",6
北京师范大学(珠海校区),社会科学试验班,"['社会科学', '试验班']",11
北京师范大学(珠海校区),理科试验班,"['理科', '试验班']",19
北京师范大学(珠海校区),数学类,"['数学', '类']",23
北京师范大学(珠海校区),人文科学试验班,"['人文科学', '试验班']",12
内蒙古科技大学包头医学院,临床医学,['临床医学'],3
内蒙古科技大学包头医学院,预防医学,"['预防', '医学']",2
内蒙古科技大学包头医学院,法医学,['法医学'],3
内蒙古科技大学包头医学院,卫生检验与检疫,"['卫生', '检验', '与', '检疫']",2
大连理工大学(盘锦校区),能源化学工程(能源、资源与生物化工新工科实验班),"['能源', '化学工程', '(', '能源', '、', '资源', '与', '生物化工', '新', '工科', '实验班', ')']",10
大连理工大学(盘锦校区),海洋技术,"['海洋', '技术']",8
大连理工大学(盘锦校区),环境生态工程(生态与食品工科实验班),"['环境', '生态', '工程', '(', '生态', '与', '食品', '工科', '实验班', ')']",6
大连理工大学(盘锦校区),生物科学类,"['生物科学', '类']",6
大连理工大学(盘锦校区),药学,['药学'],5
大连理工大学(盘锦校区),商务英语,['商务英语'],6
大连理工大学(盘锦校区),经济学类(经济与商务实验班),"['经济学', '类', '(', '经济', '与', '商务', '实验班', ')']",6
大连理工大学(盘锦校区),过程装备与控制工程(中外合作办学),"['过程', '装备', '与', '控制工程', '(', '中外合作', '办学', ')']",11
大连理工大学(盘锦校区),应用化学(中外合作办学)(理学),"['应用化学', '(', '中外合作', '办学', ')', '(', '理学', ')']",12
大连理工大学(盘锦校区),数理基础科学(中外合作办学),"['数理', '基础科学', '(', '中外合作', '办学', ')']",12
东北大学秦皇岛分校,经济学类,"['经济学', '类']",13
东北大学秦皇岛分校,外国语言文学类,"['外国', '语言', '文学类']",11
东北大学秦皇岛分校,数学类,"['数学', '类']",7
东北大学秦皇岛分校,机械类,['机械类'],12
东北大学秦皇岛分校,材料类,"['材料', '类']",18
东北大学秦皇岛分校,电子信息类,"['电子信息', '类']",19
东北大学秦皇岛分校,自动化类,"['自动化', '类']",11
东北大学秦皇岛分校,仪器类(智能光电感知),"['仪器', '类', '(', '智能', '光电', '感知', ')']",6
东北大学秦皇岛分校,计算机类,"['计算机', '类']",12
东北大学秦皇岛分校,工商管理类,"['工商管理', '类']",27
东北大学秦皇岛分校,计算机科学与技术(中外合作办学),"['计算机科学', '与', '技术', '(', '中外合作', '办学', ')']",10
东北大学秦皇岛分校,通信工程(中外合作办学),"['通信工程', '(', '中外合作', '办学', ')']",10
东北大学秦皇岛分校,应用统计学(中外合作办学),"['应用', '统计学', '(', '中外合作', '办学', ')']",5
哈尔滨工业大学(威海),机械设计制造及其自动化,"['机械设计', '制造', '及其', '自动化']",32
哈尔滨工业大学(威海),机器人工程,"['机器人', '工程']",26
哈尔滨工业大学(威海),智能车辆工程,"['智能', '车辆', '工程']",25
哈尔滨工业大学(威海),自动化类,"['自动化', '类']",61
哈尔滨工业大学(威海),电子信息类,"['电子信息', '类']",98
哈尔滨工业大学(威海),计算机类,"['计算机', '类']",48
哈尔滨工业大学(威海),电气工程及其自动化,"['电气工程', '及其', '自动化']",29
哈尔滨工业大学(威海),数学类,"['数学', '类']",30
哈尔滨工业大学(威海),光电信息科学与工程,"['光电', '信息科学', '与', '工程']",19
哈尔滨工业大学(威海),信息管理与信息系统,"['信息管理', '与', '信息系统']",18
哈尔滨工业大学(威海),英语,['英语'],10
哈尔滨工业大学(威海),网络空间安全,"['网络空间', '安全']",20
哈尔滨工业大学(威海),智能材料与结构,"['智能', '材料', '与', '结构']",10
哈尔滨工业大学(威海),软件工程,['软件工程'],62
哈尔滨工业大学(威海),经济管理试验班,"['经济', '管理', '试验班']",28
哈尔滨工业大学(威海),船舶与海洋工程(中外合作办学),"['船舶', '与', '海洋工程', '(', '中外合作', '办学', ')']",12
复旦大学医学院,临床医学(8年制本博连读，卓越医生计划),"['临床医学', '(', '8', '年', '制本博', '连读', '，', '卓越', '医生', '计划', ')']",3
复旦大学医学院,口腔医学,['口腔医学'],2
复旦大学医学院,医学试验班(拔尖学生培养基地),"['医学', '试验班', '(', '拔尖', '学生', '培养', '基地', ')']",14
复旦大学医学院,临床医学(5年制，卓越医生计划),"['临床医学', '(', '5', '年制', '，', '卓越', '医生', '计划', ')']",6
上海交通大学医学院,临床医学(本博连读八年制),"['临床医学', '(', '本博', '连读', '八年', '制', ')']",4
上海交通大学医学院,口腔医学(5+3一体化),"['口腔医学', '(', '5', '+', '3', '一体化', ')']",4
上海交通大学医学院,医学试验班(卓越医学创新班),"['医学', '试验班', '(', '卓越', '医学', '创新', '班', ')']",9
浙江大学医学院,临床医学(5+3一体化培养),"['临床医学', '(', '5', '+', '3', '一体化', '培养', ')']",7
浙江大学医学院,口腔医学(5+3一体化培养),"['口腔医学', '(', '5', '+', '3', '一体化', '培养', ')']",8
浙江大学医学院,临床医学(5+3一体化培养，儿科方向),"['临床医学', '(', '5', '+', '3', '一体化', '培养', '，', '儿科', '方向', ')']",3
合肥工业大学(宣城校区),新能源材料与器件,"['新能源', '材料', '与', '器件']",3
合肥工业大学(宣城校区),能源化学工程,"['能源', '化学工程']",3
合肥工业大学(宣城校区),过程装备与控制工程,"['过程', '装备', '与', '控制工程']",3
合肥工业大学(宣城校区),物联网工程,"['物', '联网', '工程']",4
合肥工业大学(宣城校区),电子信息科学与技术,"['电子信息', '科学', '与', '技术']",4
合肥工业大学(宣城校区),经济学,['经济学'],2
合肥工业大学(宣城校区),英语,['英语'],2
合肥工业大学(宣城校区),法学,['法学'],2
合肥工业大学(宣城校区),网络与新媒体,"['网络', '与', '新', '媒体']",2
合肥工业大学(宣城校区),材料成型及控制工程,"['材料', '成型', '及', '控制工程']",2
合肥工业大学(宣城校区),机械工程,['机械工程'],2
合肥工业大学(宣城校区),交通设备与控制工程(先进载运工具),"['交通设备', '与', '控制工程', '(', '先进', '载运', '工具', ')']",2
合肥工业大学(宣城校区),精细化工,['精细化工'],4
合肥工业大学(宣城校区),地球信息科学与技术,"['地球', '信息科学', '与', '技术']",2
合肥工业大学(宣城校区),材料成型及控制工程,"['材料', '成型', '及', '控制工程']",2
合肥工业大学(宣城校区),电气工程与智能控制,"['电气工程', '与', '智能', '控制']",4
合肥工业大学(宣城校区),物流管理,"['物流', '管理']",4
合肥工业大学(宣城校区),机械工程,['机械工程'],9
合肥工业大学(宣城校区),计算机科学与技术,"['计算机科学', '与', '技术']",5
合肥工业大学(宣城校区),食品质量与安全,"['食品质量', '与', '安全']",6
合肥工业大学(宣城校区),城市地下空间工程,"['城市', '地下', '空间', '工程']",7
合肥工业大学(宣城校区),环境生态工程,"['环境', '生态', '工程']",4
中国石油大学(北京)克拉玛依校区,资源勘查工程,"['资源', '勘查', '工程']",9
中国石油大学(北京)克拉玛依校区,计算机类,"['计算机', '类']",23
中国石油大学(北京)克拉玛依校区,化学工程与工艺,"['化学工程', '与', '工艺']",13
中国石油大学(北京)克拉玛依校区,能源化学工程,"['能源', '化学工程']",2
中国石油大学(北京)克拉玛依校区,油气储运工程,"['油气', '储运', '工程']",7
中国石油大学(北京)克拉玛依校区,自动化,['自动化'],9
中国石油大学(北京)克拉玛依校区,安全工程,['安全工程'],6
中国石油大学(北京)克拉玛依校区,数学与应用数学,"['数学', '与', '应用', '数学']",5
中国石油大学(北京)克拉玛依校区,统计学,['统计学'],6
中国石油大学(北京)克拉玛依校区,英语,['英语'],5
中国石油大学(北京)克拉玛依校区,俄语,['俄语'],4
中国石油大学(北京)克拉玛依校区,汉语言文学,"['汉语言', '文学']",6
中国石油大学(北京)克拉玛依校区,经济学类,"['经济学', '类']",13
中国石油大学(北京)克拉玛依校区,会计学,['会计学'],7
中国石油大学(北京)克拉玛依校区,行政管理,"['行政', '管理']",5
中国石油大学(北京)克拉玛依校区,思想政治教育,"['思想', '政治', '教育']",6
中国石油大学(北京)克拉玛依校区,勘查技术与工程,"['勘查', '技术', '与', '工程']",4
中国石油大学(北京)克拉玛依校区,石油工程,"['石油', '工程']",19
中国石油大学(北京)克拉玛依校区,机械类,['机械类'],18
中国石油大学(北京)克拉玛依校区,环境工程,['环境工程'],3
山东大学威海分校,国际政治,"['国际', '政治']",4
山东大学威海分校,经济学类,"['经济学', '类']",51
山东大学威海分校,工商管理类,"['工商管理', '类']",83
山东大学威海分校,法学类,['法学类'],59
山东大学威海分校,汉语言文学,"['汉语言', '文学']",49
山东大学威海分校,新闻学,['新闻学'],12
山东大学威海分校,外国语言文学类,"['外国', '语言', '文学类']",72
山东大学威海分校,海洋科学,"['海洋', '科学']",14
山东大学威海分校,海洋资源开发技术,"['海洋资源', '开发技术']",14
山东大学威海分校,智能制造工程,"['智能', '制造', '工程']",35
山东大学威海分校,自动化类,"['自动化', '类']",67
山东大学威海分校,电子信息类,"['电子信息', '类']",57
山东大学威海分校,计算机类,"['计算机', '类']",38
山东大学威海分校,物理学,['物理学'],33
山东大学威海分校,数学类,"['数学', '类']",67
山东大学威海分校,金融学(中外合作办学),"['金融学', '(', '中外合作', '办学', ')']",39
山东大学威海分校,机械设计制造及其自动化(中外合作办学),"['机械设计', '制造', '及其', '自动化', '(', '中外合作', '办学', ')']",37
山东大学威海分校,计算机科学与技术(中外合作办学),"['计算机科学', '与', '技术', '(', '中外合作', '办学', ')']",50
山东大学威海分校,数学与应用数学(中外合作办学),"['数学', '与', '应用', '数学', '(', '中外合作', '办学', ')']",40
山东大学威海分校,应用物理学(中外合作办学),"['应用', '物理学', '(', '中外合作', '办学', ')']",40
山东大学威海分校,应用化学(中外合作办学),"['应用化学', '(', '中外合作', '办学', ')']",30
山东大学威海分校,生物科学(中外合作办学),"['生物科学', '(', '中外合作', '办学', ')']",30
电子科技大学(沙河校区),软件工程(国家示范性软件学院),"['软件工程', '(', '国家', '示范性', '软件', '学院', ')']",15
电子科技大学(沙河校区),软件工程(工业软件),"['软件工程', '(', '工业', '软件', ')']",5
电子科技大学(沙河校区),集成电路设计与集成系统(国家示范性微电子学院),"['集成电路', '设计', '与', '集成系统', '(', '国家', '示范性', '微电子', '学院', ')']",13
电子科技大学(沙河校区),临床医学,['临床医学'],9
电子科技大学(沙河校区),护理学,['护理学'],5
电子科技大学(沙河校区),电子信息类(中外合作办学)(电子信息),"['电子信息', '类', '(', '中外合作', '办学', ')', '(', '电子信息', ')']",6
电子科技大学(沙河校区),电子信息类(中外合作办学)(通信、微电子),"['电子信息', '类', '(', '中外合作', '办学', ')', '(', '通信', '、', '微电子', ')']",9
电子科技大学(沙河校区),电子信息类(中外合作办学)(海南陵水国际教育创新区),"['电子信息', '类', '(', '中外合作', '办学', ')', '(', '海南', '陵水', '国际', '教育', '创新', '区', ')']",5
西南大学(荣昌校区),信息管理与信息系统,"['信息管理', '与', '信息系统']",6
西南大学(荣昌校区),市场营销,['市场营销'],6
西南大学(荣昌校区),国际经济与贸易,"['国际', '经济', '与', '贸易']",2
西南大学(荣昌校区),物流管理,"['物流', '管理']",5
西南大学(荣昌校区),公共事业管理,"['公共事业', '管理']",5
西南大学(荣昌校区),动物科学,"['动物', '科学']",10
西南大学(荣昌校区),动物医学(五年制),"['动物', '医学', '(', '五年制', ')']",8
西南大学(荣昌校区),动物医学类,"['动物', '医学类']",4
西南大学(荣昌校区),水产类,"['水产', '类']",10
山西能源学院,采矿工程,['采矿工程'],4
山西能源学院,油气储运工程,"['油气', '储运', '工程']",4
山西能源学院,机械电子工程,"['机械', '电子', '工程']",3
山西能源学院,能源与动力工程,"['能源', '与', '动力工程']",3
山西能源学院,安全工程,['安全工程'],3
山西能源学院,化学工程与工艺,"['化学工程', '与', '工艺']",3
山西能源学院,能源与环境系统工程,"['能源', '与', '环境', '系统工程']",3
山西能源学院,资源勘查工程,"['资源', '勘查', '工程']",4
山西能源学院,测绘工程,"['测绘', '工程']",3
河北环境工程学院,环境工程,['环境工程'],3
河北环境工程学院,软件工程,['软件工程'],3
河北环境工程学院,工程造价,['工程造价'],2
河北环境工程学院,新闻学,['新闻学'],2
国防科技大学,计算机类,"['计算机', '类']",12
国防科技大学,电子信息类,"['电子信息', '类']",14
国防科技大学,航空航天类,"['航空航天', '类']",9
国防科技大学,自动化类,"['自动化', '类']",13
国防科技大学,大气科学类,"['大气', '科学', '类']",10
国防科技大学,计算机科学与技术(天河拔尖班),"['计算机科学', '与', '技术', '(', '天河', '拔尖', '班', ')']",4
国防科技大学,理论与应用力学(航天力学拔尖班),"['理论', '与', '应用力学', '(', '航天', '力学', '拔尖', '班', ')']",3
陆军工程大学,建筑环境与能源应用工程(全国人防通风空调与给排水工程师),"['建筑', '环境', '与', '能源', '应用', '工程', '(', '全国', '人防', '通风', '空调', '与', '给排水', '工程师', ')']",1
陆军工程大学,土木工程(全国人防工程建筑结构设计与施工工程师),"['土木工程', '(', '全国', '人防', '工程', '建筑', '结构设计', '与', '施工', '工程师', ')']",1
陆军工程大学,工程管理(全国人防建筑施工组织管理与监理工程师),"['工程', '管理', '(', '全国', '人防', '建筑施工', '组织', '管理', '与', '监理', '工程师', ')']",1
陆军工程大学,建筑学(全国人防工程建筑设计工程师),"['建筑学', '(', '全国', '人防', '工程', '建筑设计', '工程师', ')']",1
陆军工程大学,电气工程及其自动化(全国人防电力工程及自动化技术工程师),"['电气工程', '及其', '自动化', '(', '全国', '人防', '电力工程', '及', '自动化', '技术', '工程师', ')']",1
陆军工程大学,网络工程(全国人防指挥自动化技术工程师),"['网络工程', '(', '全国', '人防', '指挥', '自动化', '技术', '工程师', ')']",1
海军军医大学,临床医学(高级临床医师),"['临床医学', '(', '高级', '临床', '医师', ')']",6
海军军医大学,临床医学(临床医师),"['临床医学', '(', '临床', '医师', ')']",13
海军军医大学,麻醉学(临床麻醉医师),"['麻醉学', '(', '临床', '麻醉', '医师', ')']",2
海军军医大学,医学影像学(临床影像医师),"['医学', '影像学', '(', '临床', '影像', '医师', ')']",1
海军军医大学,中医学(中医临床医师),"['中医学', '(', '中医', '临床', '医师', ')']",1
海军军医大学,药学(药剂师),"['药学', '(', '药剂师', ')']",2
海军军医大学,中药学(药剂师),"['中药学', '(', '药剂师', ')']",1
海军军医大学,生物技术,"['生物', '技术']",1
海军军医大学,护理学(护师),"['护理学', '(', '护师', ')']",1
空军军医大学,基础医学,['基础医学'],2
空军军医大学,临床医学,['临床医学'],4
空军军医大学,临床医学,['临床医学'],12
空军军医大学,口腔医学,['口腔医学'],1
空军军医大学,口腔医学,['口腔医学'],4
空军军医大学,生物医学工程,"['生物医学', '工程']",2
空军军医大学,生物技术,"['生物', '技术']",2
空军军医大学,药学,['药学'],2
空军军医大学,护理学,['护理学'],3
哈尔滨理工大学,财务管理,['财务管理'],16
哈尔滨理工大学,国际经济与贸易,"['国际', '经济', '与', '贸易']",17
哈尔滨理工大学,市场营销,['市场营销'],14
哈尔滨理工大学,商务英语,['商务英语'],9
哈尔滨理工大学,日语,['日语'],8
哈尔滨理工大学,材料成型及控制工程,"['材料', '成型', '及', '控制工程']",29
哈尔滨理工大学,机械设计制造及其自动化,"['机械设计', '制造', '及其', '自动化']",30
哈尔滨理工大学,电气工程及其自动化,"['电气工程', '及其', '自动化']",38
哈尔滨理工大学,软件工程,['软件工程'],36
哈尔滨理工大学,朝鲜语,['朝鲜语'],9
哈尔滨理工大学,俄语,['俄语'],4
哈尔滨理工大学,机械电子工程,"['机械', '电子', '工程']",36
哈尔滨理工大学,自动化,['自动化'],22
哈尔滨理工大学,土木工程,['土木工程'],38
哈尔滨理工大学,工商管理,['工商管理'],8
哈尔滨理工大学,旅游管理,"['旅游', '管理']",8
哈尔滨理工大学,食品科学与工程,"['食品科学', '与', '工程']",36
哈尔滨理工大学,智能制造工程,"['智能', '制造', '工程']",10
哈尔滨理工大学,电气工程与智能控制,"['电气工程', '与', '智能', '控制']",10
哈尔滨理工大学,电子信息科学与技术,"['电子信息', '科学', '与', '技术']",20
山东大学,临床医学(非西藏生源定向西藏就业),"['临床医学', '(', '非', '西藏', '生源', '定向', '西藏', '就业', ')']",5
山东大学,药学类(非西藏生源定向西藏就业),"['药学', '类', '(', '非', '西藏', '生源', '定向', '西藏', '就业', ')']",4
山东大学,管理科学与工程类(非西藏生源定向西藏就业),"['管理科学', '与', '工程', '类', '(', '非', '西藏', '生源', '定向', '西藏', '就业', ')']",4
山东大学,计算机类(计算机与智能方向，非西藏生源定向西藏就业),"['计算机', '类', '(', '计算机', '与', '智能', '方向', '，', '非', '西藏', '生源', '定向', '西藏', '就业', ')']",2
青岛科技大学,机械工程(高密校区),"['机械工程', '(', '高密', '校区', ')']",60
青岛科技大学,电气工程及其自动化(高密校区),"['电气工程', '及其', '自动化', '(', '高密', '校区', ')']",30
青岛科技大学,财务管理(高密校区),"['财务管理', '(', '高密', '校区', ')']",33
青岛科技大学,英语(高密校区),"['英语', '(', '高密', '校区', ')']",64
青岛科技大学,化学工程与工艺(高密校区),"['化学工程', '与', '工艺', '(', '高密', '校区', ')']",110
青岛科技大学,国际经济与贸易(高密校区),"['国际', '经济', '与', '贸易', '(', '高密', '校区', ')']",63
青岛科技大学,高分子材料与工程(高密校区),"['高分子', '材料', '与', '工程', '(', '高密', '校区', ')']",110
青岛科技大学,自动化(高密校区),"['自动化', '(', '高密', '校区', ')']",60
青岛科技大学,计算机科学与技术(高密校区),"['计算机科学', '与', '技术', '(', '高密', '校区', ')']",60
青岛理工大学,汽车服务工程,"['汽车', '服务', '工程']",70
青岛理工大学,物流管理,"['物流', '管理']",210
青岛理工大学,电子商务,['电子商务'],175
青岛理工大学,土木工程,['土木工程'],245
青岛理工大学,会计学,['会计学'],175
青岛理工大学,机械设计制造及其自动化,"['机械设计', '制造', '及其', '自动化']",210
青岛理工大学,交通运输,['交通运输'],70
齐鲁工业大学,高分子材料与工程(菏泽校区),"['高分子', '材料', '与', '工程', '(', '菏泽', '校区', ')']",132
齐鲁工业大学,市场营销(菏泽校区),"['市场营销', '(', '菏泽', '校区', ')']",132
齐鲁工业大学,行政管理(菏泽校区),"['行政', '管理', '(', '菏泽', '校区', ')']",132
齐鲁工业大学,制药工程(菏泽校区),"['制药', '工程', '(', '菏泽', '校区', ')']",132
齐鲁工业大学,食品科学与工程(菏泽校区),"['食品科学', '与', '工程', '(', '菏泽', '校区', ')']",127
齐鲁工业大学,化学工程与工艺(菏泽校区),"['化学工程', '与', '工艺', '(', '菏泽', '校区', ')']",132
齐鲁工业大学,食品科学与工程(菏泽校区，地方专项计划),"['食品科学', '与', '工程', '(', '菏泽', '校区', '，', '地方', '专项', '计划', ')']",5
齐鲁工业大学,市场营销(校企合作，与鼎利集团合作；菏泽校区),"['市场营销', '(', '校企', '合作', '，', '与', '鼎利', '集团', '合作', '；', '菏泽', '校区', ')']",240
山东师范大学,英语(师范类，非西藏生源定向西藏就业),"['英语', '(', '师范类', '，', '非', '西藏', '生源', '定向', '西藏', '就业', ')']",3
山东师范大学,汉语言文学(师范类，非西藏生源定向西藏就业),"['汉语言', '文学', '(', '师范类', '，', '非', '西藏', '生源', '定向', '西藏', '就业', ')']",2
山东师范大学,思想政治教育(师范类，非西藏生源定向西藏就业),"['思想', '政治', '教育', '(', '师范类', '，', '非', '西藏', '生源', '定向', '西藏', '就业', ')']",2
山东师范大学,数学与应用数学(师范类，非西藏生源定向西藏就业),"['数学', '与', '应用', '数学', '(', '师范类', '，', '非', '西藏', '生源', '定向', '西藏', '就业', ')']",2
山东师范大学,地理科学(师范类，非西藏生源定向西藏就业),"['地理', '科学', '(', '师范类', '，', '非', '西藏', '生源', '定向', '西藏', '就业', ')']",2
山东师范大学,历史学(师范类，非西藏生源定向西藏就业),"['历史学', '(', '师范类', '，', '非', '西藏', '生源', '定向', '西藏', '就业', ')']",2
山东师范大学,计算机科学与技术(师范类，非西藏生源定向西藏就业),"['计算机科学', '与', '技术', '(', '师范类', '，', '非', '西藏', '生源', '定向', '西藏', '就业', ')']",4
山东大学威海分校,经济学类(威海走读),"['经济学', '类', '(', '威海', '走读', ')']",3
山东大学威海分校,工商管理类(威海走读),"['工商管理', '类', '(', '威海', '走读', ')']",7
山东大学威海分校,法学类(威海走读),"['法学类', '(', '威海', '走读', ')']",3
山东大学威海分校,汉语言文学(威海走读),"['汉语言', '文学', '(', '威海', '走读', ')']",3
山东大学威海分校,新闻学(威海走读),"['新闻学', '(', '威海', '走读', ')']",2
山东大学威海分校,外国语言文学类(威海走读),"['外国', '语言', '文学类', '(', '威海', '走读', ')']",6
山东大学威海分校,海洋科学(威海走读),"['海洋', '科学', '(', '威海', '走读', ')']",4
山东大学威海分校,海洋资源开发技术(威海走读),"['海洋资源', '开发技术', '(', '威海', '走读', ')']",4
山东大学威海分校,智能制造工程(威海走读),"['智能', '制造', '工程', '(', '威海', '走读', ')']",3
山东大学威海分校,自动化类(威海走读),"['自动化', '类', '(', '威海', '走读', ')']",3
山东大学威海分校,电子信息类(威海走读),"['电子信息', '类', '(', '威海', '走读', ')']",3
山东大学威海分校,计算机类(威海走读),"['计算机', '类', '(', '威海', '走读', ')']",3
山东大学威海分校,物理学(威海走读),"['物理学', '(', '威海', '走读', ')']",3
山东大学威海分校,数学类(威海走读),"['数学', '类', '(', '威海', '走读', ')']",3
山东财经大学,经济学类(济南走读),"['经济学', '类', '(', '济南', '走读', ')']",10
山东财经大学,工商管理类(济南走读),"['工商管理', '类', '(', '济南', '走读', ')']",50
山东财经大学,电子商务类(济南走读),"['电子商务', '类', '(', '济南', '走读', ')']",50
山东财经大学,汉语国际教育(济南走读),"['汉语', '国际', '教育', '(', '济南', '走读', ')']",20
山东财经大学,计算机类(济南走读),"['计算机', '类', '(', '济南', '走读', ')']",20
山东财经大学,保险学(济南走读),"['保险学', '(', '济南', '走读', ')']",10
山东财经大学,公共管理类(济南走读),"['公共', '管理', '类', '(', '济南', '走读', ')']",50
山东财经大学,文化产业管理(济南走读),"['文化产业', '管理', '(', '济南', '走读', ')']",10
山东财经大学,金融学类(济南走读),"['金融学', '类', '(', '济南', '走读', ')']",25
山东财经大学,新闻学(济南走读),"['新闻学', '(', '济南', '走读', ')']",15
山东财经大学,管理科学与工程类(济南走读),"['管理科学', '与', '工程', '类', '(', '济南', '走读', ')']",90
山东建筑大学,测绘工程(济南走读),"['测绘', '工程', '(', '济南', '走读', ')']",10
山东建筑大学,城市地下空间工程(济南走读),"['城市', '地下', '空间', '工程', '(', '济南', '走读', ')']",10
山东建筑大学,生物工程(济南走读),"['生物工程', '(', '济南', '走读', ')']",10
山东建筑大学,道路桥梁与渡河工程(济南走读),"['道路', '桥梁', '与', '渡河', '工程', '(', '济南', '走读', ')']",20
山东建筑大学,信息管理与信息系统(济南走读),"['信息管理', '与', '信息系统', '(', '济南', '走读', ')']",20
山东建筑大学,机械电子工程(济南走读),"['机械', '电子', '工程', '(', '济南', '走读', ')']",10
山东建筑大学,信息与计算科学(济南走读),"['信息', '与', '计算', '科学', '(', '济南', '走读', ')']",20
山东建筑大学,建筑电气与智能化(济南走读),"['建筑', '电气', '与', '智能化', '(', '济南', '走读', ')']",10
山东建筑大学,建筑环境与能源应用工程(济南走读),"['建筑', '环境', '与', '能源', '应用', '工程', '(', '济南', '走读', ')']",15
山东建筑大学,光电信息科学与工程(济南走读),"['光电', '信息科学', '与', '工程', '(', '济南', '走读', ')']",10
山东建筑大学,新能源科学与工程(济南走读),"['新', '能源科学', '与', '工程', '(', '济南', '走读', ')']",10
山东建筑大学,通信工程(济南走读),"['通信工程', '(', '济南', '走读', ')']",10
山东建筑大学,工程管理(济南走读),"['工程', '管理', '(', '济南', '走读', ')']",10
山东建筑大学,交通运输(济南走读),"['交通运输', '(', '济南', '走读', ')']",10
山东建筑大学,物联网工程(济南走读),"['物', '联网', '工程', '(', '济南', '走读', ')']",10
山东建筑大学,土木工程(济南走读),"['土木工程', '(', '济南', '走读', ')']",15
山东建筑大学,材料科学与工程(济南走读),"['材料科学', '与', '工程', '(', '济南', '走读', ')']",20
山东建筑大学,计算机类(济南走读),"['计算机', '类', '(', '济南', '走读', ')']",30
山东建筑大学,给排水科学与工程(济南走读),"['给排水', '科学', '与', '工程', '(', '济南', '走读', ')']",15
山东建筑大学,遥感科学与技术(济南走读),"['遥感', '科学', '与', '技术', '(', '济南', '走读', ')']",10
山东建筑大学,能源与动力工程(济南走读),"['能源', '与', '动力工程', '(', '济南', '走读', ')']",15
山东建筑大学,环境工程(济南走读),"['环境工程', '(', '济南', '走读', ')']",10
济南大学,工业设计(济南走读),"['工业', '设计', '(', '济南', '走读', ')']",10
济南大学,金融数学(济南走读),"['金融', '数学', '(', '济南', '走读', ')']",15
济南大学,数据科学与大数据技术(济南走读),"['数据', '科学', '与', '大', '数据', '技术', '(', '济南', '走读', ')']",15
济南大学,中国语言文学类(师范类，济南走读),"['中国', '语言', '文学类', '(', '师范类', '，', '济南', '走读', ')']",25
济南大学,药学(济南走读),"['药学', '(', '济南', '走读', ')']",10
济南大学,社会工作(济南走读),"['社会工作', '(', '济南', '走读', ')']",10
济南大学,外国语言文学类(济南走读),"['外国', '语言', '文学类', '(', '济南', '走读', ')']",10
济南大学,机械类(济南走读),"['机械类', '(', '济南', '走读', ')']",40
济南大学,建筑类(济南走读),"['建筑', '类', '(', '济南', '走读', ')']",15
济南大学,物理学(师范兼非师范类，济南走读),"['物理学', '(', '师范', '兼非', '师范类', '，', '济南', '走读', ')']",10
济南大学,应急管理(济南走读),"['应急', '管理', '(', '济南', '走读', ')']",5
济南大学,数学与应用数学(师范类，济南走读),"['数学', '与', '应用', '数学', '(', '师范类', '，', '济南', '走读', ')']",15
济南大学,生物制药(济南走读),"['生物制药', '(', '济南', '走读', ')']",30
济南大学,历史学(师范类，济南走读),"['历史学', '(', '师范类', '，', '济南', '走读', ')']",5
济南大学,法学(济南走读),"['法学', '(', '济南', '走读', ')']",30
济南大学,信息管理与信息系统(济南走读),"['信息管理', '与', '信息系统', '(', '济南', '走读', ')']",20
济南大学,旅游管理类(济南走读),"['旅游', '管理', '类', '(', '济南', '走读', ')']",31
济南大学,自动化类(济南走读),"['自动化', '类', '(', '济南', '走读', ')']",20
济南大学,电子信息类(济南走读),"['电子信息', '类', '(', '济南', '走读', ')']",10
济南大学,地理科学(师范兼非师范类，济南走读),"['地理', '科学', '(', '师范', '兼非', '师范类', '，', '济南', '走读', ')']",10
济南大学,化学类(济南走读),"['化学', '类', '(', '济南', '走读', ')']",25
济南大学,生物技术(济南走读),"['生物', '技术', '(', '济南', '走读', ')']",30
济南大学,公共管理类(济南走读),"['公共', '管理', '类', '(', '济南', '走读', ')']",15
济南大学,土木类(济南走读),"['土木', '类', '(', '济南', '走读', ')']",35
济南大学,经济学类(济南走读),"['经济学', '类', '(', '济南', '走读', ')']",30
济南大学,公共事业管理(济南走读),"['公共事业', '管理', '(', '济南', '走读', ')']",5
济南大学,新能源科学与工程(济南走读),"['新', '能源科学', '与', '工程', '(', '济南', '走读', ')']",10
济南大学,水利类(济南走读),"['水利', '类', '(', '济南', '走读', ')']",15
济南大学,光电信息科学与工程(济南走读),"['光电', '信息科学', '与', '工程', '(', '济南', '走读', ')']",10
济南大学,环境科学与工程类(济南走读),"['环境', '科学', '与', '工程', '类', '(', '济南', '走读', ')']",10
济南大学,新闻传播学类(济南走读),"['新闻', '传播学', '类', '(', '济南', '走读', ')']",25
济南大学,应用心理学(师范类，济南走读),"['应用', '心理学', '(', '师范类', '，', '济南', '走读', ')']",10
济南大学,大数据管理与应用(济南走读),"['大', '数据管理', '与', '应用', '(', '济南', '走读', ')']",20
济南大学,工商管理类(济南走读),"['工商管理', '类', '(', '济南', '走读', ')']",25
济南大学,计算机类(济南走读),"['计算机', '类', '(', '济南', '走读', ')']",10
济南大学,制药工程(济南走读),"['制药', '工程', '(', '济南', '走读', ')']",10
济南大学,材料类(济南走读),"['材料', '类', '(', '济南', '走读', ')']",40
济南大学,标准化工程(济南走读),"['标准化', '工程', '(', '济南', '走读', ')']",4
济南大学,英语(师范兼非师范类，济南走读),"['英语', '(', '师范', '兼非', '师范类', '，', '济南', '走读', ')']",10
济南大学,化工与制药类(济南走读),"['化工', '与', '制药', '类', '(', '济南', '走读', ')']",25
青岛大学,思想政治教育(师范类),"['思想', '政治', '教育', '(', '师范类', ')']",30
青岛大学,物理学(师范类),"['物理学', '(', '师范类', ')']",35
青岛大学,化学(师范类),"['化学', '(', '师范类', ')']",35
青岛大学,英语(师范类),"['英语', '(', '师范类', ')']",60
青岛大学,历史学(师范类),"['历史学', '(', '师范类', ')']",40
青岛大学,汉语言文学(师范类),"['汉语言', '文学', '(', '师范类', ')']",65
青岛大学,教育技术学(师范类，智能教育),"['教育', '技术', '学', '(', '师范类', '，', '智能', '教育', ')']",30
青岛大学,地理科学(师范类),"['地理', '科学', '(', '师范类', ')']",40
青岛大学,数学与应用数学(师范类),"['数学', '与', '应用', '数学', '(', '师范类', ')']",35
山东科技大学,过程装备与控制工程(就读地点泰安),"['过程', '装备', '与', '控制工程', '(', '就读', '地点', '泰安', ')']",120
山东科技大学,防灾减灾科学与工程(就读地点泰安),"['防灾', '减灾', '科学', '与', '工程', '(', '就读', '地点', '泰安', ')']",120
山东科技大学,财政学(就读地点泰安),"['财政学', '(', '就读', '地点', '泰安', ')']",103
山东科技大学,国际商务(就读地点泰安),"['国际', '商务', '(', '就读', '地点', '泰安', ')']",118
山东科技大学,网络工程(就读地点泰安),"['网络工程', '(', '就读', '地点', '泰安', ')']",100
山东科技大学,审计学(就读地点泰安),"['审计学', '(', '就读', '地点', '泰安', ')']",118
山东科技大学,信息工程(就读地点泰安),"['信息工程', '(', '就读', '地点', '泰安', ')']",118
山东科技大学,工程管理(就读地点泰安),"['工程', '管理', '(', '就读', '地点', '泰安', ')']",118
山东科技大学,电气工程与智能控制(就读地点泰安),"['电气工程', '与', '智能', '控制', '(', '就读', '地点', '泰安', ')']",100
山东科技大学,财政学(就读地点泰安，地方专项计划),"['财政学', '(', '就读', '地点', '泰安', '，', '地方', '专项', '计划', ')']",15
